0.751225708829966
-0.273263257593882
0.470943098218406
-0.174049607393255
0.988074354260992
-0.0408647534679361
0.0177371378444084
-0.916774915143284
-0.0771404512340491
0.605559178114742
-0.314004233531516
-0.35519037464718
-0.386204560447337
-0.0422003392093257
-0.0579597843363125
-0.676057264347788
0.45269889927845
-0.0491145336628786
-0.445376310914296
-0.393813686761376
0.635606826602117
0.129177460637915
-0.199455517317483
-0.0327952895424299
-0.410537227593758
-0.244766703505679
-0.534105001628233
0.0272952212229154
0.410951877175644
0.338746673437604
-0.337150677565751
0.174336313655885
