-0.489385049204083
-0.854674715383937
0.614579131989611
-0.553210057420307
0.390434149154092
1.00332665963579
0.30982599372287
-0.764680567777687
0.26955552421268
0.229700043291524
0.556371179064411
-0.0918633107966175
0.516729220117027
-0.391856752080587
-0.122386693545055
-0.90105870426947
0.115412522687403
-0.411232545964391
-0.268860662125992
1.76590690942225
0.613626750479508
-0.364484730272446
0.0162806158621765
0.0209021652443599
0.131362837366474
0.344770005815177
-0.263905627194408
-0.106790363362785
0.671704428225758
0.878402595886036
-1.06513238608069
-0.388814056369478
