-1.2761242441362
0.66481711724607
-0.775042479277714
1.07113787247914
-1.10079855275424
-0.280244304345505
-0.969906092389023
-1.4051097239816
0.259080931268737
-0.54427164761228
-0.637350826166223
-0.647636076994922
-0.217413098738604
-0.331461442385613
-0.0503609505555122
0.318600115931679
-0.547077249395659
-0.423643570415059
0.625600596744485
1.07944798905237
-0.552784754014143
1.26996725594567
-1.03732600388739
1.06704156458428
0.407519390716409
-0.0370658328779675
1.22098378356199
-0.73086058074266
-0.112874488780648
0.766403229463326
0.556897163712828
0.816996896226632
0.307228861825872
0.281759084742865
-0.666559760305519
0.729043888910035
-1.63761567299983
-1.10289244801288
0.165661464588696
-1.46772969514401
-0.704266805313293
0.624577912472399
-0.583376823174568
0.397592220854117
0.432627711397403
-0.482353118052519
-0.624748333362603
0.828183233411646
0.0140866061254096
0.232619878222577
0.866369119120641
0.567062377993111
-0.0782868260463602
0.22922908241906
0.844675647621208
-0.372122624234034
0.15783842841509
-0.218911235816644
-0.300843898266084
0.574682203092718
0.490412257675953
-0.117720764859268
0.851528720725097
-0.32314752934921
