0.590828696437295
0.0633894431983247
0.661726434177301
0.248925341809005
0.101263732247269
0.110492838899781
0.608598503462812
0.147576604297772
0.257915588408851
0.828557781673929
0.0955052520990587
0.670700461636605
-1.21827037501749
-0.299720720923791
-0.543601532265232
-0.19229968524024
0.301474407157966
0.272271119407888
0.966786939356382
-0.358136954494789
-0.46153608027425
-0.116021363758428
-0.712879440678507
-0.99867584052108
0.829212871729017
-0.21856707514932
-0.12221308890251
-0.0119405751895791
-0.124292308133719
0.556471352453082
-0.00670553050606455
0.259124451304278
