0.934846366755369
-0.119054283671013
0.315359142049203
0.855241217821668
-0.0824238048675477
-0.641270642793063
0.437458423796535
-0.549809374428314
-0.218788089238827
-0.625597302997942
-0.0975737554154913
0.643258376229656
-0.233820826417571
0.824052396244992
-0.71489077694008
-0.126269113379215
-0.637765752047276
-0.9117101234313
0.369036729636968
0.841216540378145
-0.595631778995208
-0.451418961239239
0.840980224671916
0.85085184499874
-0.122970760912854
-0.806310321988338
-0.257397437857562
0.443241047580688
0.312788400891741
0.8460202335352
0.740813925986541
-0.932630421129507
0.775765555898647
0.132982401802444
-0.394817380688825
0.0399526210755702
0.739489574925636
0.00157950582038009
-0.66577666831275
0.241606803463618
-0.282529294756606
0.181507432647647
0.0598398339140372
-0.50217886627394
-0.168072552984008
0.693662339310205
0.0316775377797398
0.710479832996792
0.323325102437731
0.826521803832142
0.062291549370051
-0.591034575386184
0.54690568957328
-0.159936317099413
-0.555479856467026
0.321144219804625
0.121677953360702
-0.429762518403006
-0.484954500754377
0.610908820526612
0.290668315338595
0.593220636919128
-0.398020905591701
-0.591990879895581
