0.468254811622256
-0.221675842372003
-0.839373570240527
0.81406782097274
-0.676904104674063
-0.706572796611755
0.718836978898888
-0.828821630881698
0.351688924229675
-0.450915500531369
-0.645573455025694
-0.530584194696908
0.0520516041642494
0.891937070062871
0.995489756750641
0.415080131601021
-0.332509659978061
0.490711490967767
-0.828664696684775
0.11225736235423
0.10487880414866
0.574898302188091
0.36071392756636
-0.28096542954803
-0.655415194187488
-0.725082246966305
-0.700311989427085
0.687537400802293
-0.334424998100317
-0.228377286953019
0.24790436510404
-0.513965327274293
0.428261690709832
0.0670673901056964
-0.714948676006007
-0.549408752972102
-0.358686515828683
-0.99306719340648
-0.526624694790855
-0.636618200761371
-0.234805707221295
-0.579679937946526
-0.769404938603709
-0.653272503499579
0.7132221903159
-0.809488032727498
-0.869691017006628
0.724850333575291
-0.235535500996961
0.604797810457834
-0.96123010072585
-0.50850421031769
-0.303625976648489
-0.112008431378524
-0.366505704171428
-0.40726756487567
-0.0474489414405814
-0.132742499994695
-0.221467964437913
0.654714576469515
0.0244057832457401
0.107239758636933
0.30873542415415
0.682624310269724
