-0.817200907284135
-0.727122832196531
-0.154289066611771
-0.0284914962900771
-0.369432724449289
-0.28462406377977
-0.684209957043426
-0.411931878017538
0.0756207369835713
0.88759031541803
0.901069424306862
-0.270318381323173
0.886411492788567
-0.991474399287835
-0.251848424020159
-0.757380903885869
0.245615027522621
0.318073401403922
0.0764802420280472
0.946613039720497
-0.136852429226759
-0.383719148903137
-0.65027754706903
-0.237824785698807
-0.347534369794031
0.0177627427461297
-0.161708246590143
0.640909459128488
-0.976300856556633
-0.892729565181273
-0.278922059212505
0.31104577515293
-0.74798276558235
0.699933020076702
0.159620169984758
0.352695526234562
-0.645912136348313
-0.637467169464636
0.718814118198022
0.521194800443344
0.536423931678519
0.0317838431376891
0.670577562402989
0.913012237140417
0.0463888465571291
-0.392927079292719
0.90895799298983
1.02010208508337
1.05211702292031
-0.184551351685132
-0.766905269738661
-0.0686636019957953
0.268331953162256
-0.875593406235358
0.511176193036638
-0.0550744112860137
0.804121246394365
-0.500325709368289
-0.107771382526615
0.831504570272842
-0.440031497918713
0.191139008547812
-0.395317048987471
0.619382810680241
