-0.320201612439096
0.135262908334642
0.0657143321668786
-0.271376329953269
-0.884551495072311
0.23209325769733
0.433604127750162
0.104656255690133
-0.138654935415398
0.895314496145163
-0.0583228506895936
0.764487533819948
0.854654415278136
-0.137328542932765
-0.0673753645292682
0.544113922648112
0.230168258768361
-0.419215146163271
0.674958304859975
-0.134544557435685
-0.252110280607212
-0.412880327156494
0.390128246369738
-0.253669840894325
-0.675172007388478
-0.887156155187037
0.585284361311265
0.458155520714246
-0.0511649650027415
-0.0773845131975624
0.176215690563971
-0.167298947616746
