-0.316456156339202
-0.2726802786274
-0.479747482136574
0.133635000111204
0.370790027323646
-0.595746538634997
0.187276200561374
-0.207964570311993
-0.488401444342954
-0.439976443157987
-0.474497095196176
-0.173931099493597
-0.633320469162543
-0.133585430985781
0.0297225287507722
0.366913739851094
0.406250613764302
0.658598873562641
0.631265595780072
0.178089450157866
-0.38097809369981
0.403441584926649
0.0715033745793052
-0.676879230690933
0.623901433047042
-0.389107224717799
0.502349043794264
0.165233435865875
-0.383459226858265
0.199425688928745
0.282250941314303
0.0939200129946469
