1.0310449993702
-0.708404153394503
0.93184395113145
-0.0569741623642893
0.636494143607802
-0.306573297441491
0.0705896445128136
0.547744465938669
-0.104518871273875
0.00662894667839515
-0.222414932752189
-1.07547639767345
-0.440267112429208
-0.383655529810264
0.0204178695840643
0.446500336233689
0.702266436600551
0.746140436323012
-0.500927396014062
-0.424606538653994
-1.37561149451748
0.673833673388625
-0.157417271770507
0.323096136084372
-0.484733481185054
-0.0171371992713644
-0.724740195159093
-0.213011990500245
0.0316138581979309
0.312333320459235
0.244921018779653
0.136360686372284
-0.754543713776295
-0.231953173148337
-0.558766796319879
-0.42994465814303
-0.926955215155751
-0.981821915106001
-0.146986682286585
-0.541907296494391
-0.0956366092728771
-0.577914570043712
0.258377025504451
-0.831345923478614
-0.0856463449198393
0.763347517382042
-0.673390257068377
-0.12227657473253
-0.443111613567287
1.43307120127701
0.0979320007657241
0.0415840861080021
-0.0284046959469886
-0.823867172925069
-0.688952349334993
-0.316708350124494
0.558662277107756
-0.082913447827467
-0.676620151921457
-0.453633661241059
-0.168144695172143
0.837355977107926
-0.0405528246181195
0.0285410547348433
