-0.42051130533179
0.604963118048208
0.162291699408696
-0.00793365977598725
0.432755495637611
0.438818418440092
0.42547493946699
0.74794236205057
-0.172484397337016
0.975742148235645
-0.500513262806236
0.125416524223773
-0.789479895149025
0.220232167343835
-0.775374832262875
-0.800420284048673
-0.76160997066676
0.269416521589395
1.06265703366254
-0.39236231683869
0.27996380624706
0.881723179919663
0.813850548358165
0.231252236287017
0.0175625537675738
-0.0272438432030383
0.749972817363758
1.00568808115896
-0.442871175743078
0.0663598803189683
0.573781679860351
0.28590724549794
-0.404653493112392
-0.277639216379982
0.0447026431714956
-0.558220396641812
0.332222975772651
0.473945377832444
0.00586616992213386
-0.761919521856552
0.386778409938335
0.875901919349985
0.0569713063952598
0.990748809324854
-0.467525441932798
0.855930290607121
0.700892918781914
0.392477979823211
0.0600451716467599
0.178459974120117
-0.957167990308582
0.189286751222386
-0.287240876020445
-0.305281391916237
-0.358825055950366
0.300385191055036
0.0307064458132791
0.567651689000575
-0.449239141438545
0.69477629194266
0.419764676288141
0.772531682815011
-0.0424914188560198
-0.937285929831461
