0.00804624866014538
-0.776223439721274
0.234327733307904
0.731910231176072
0.354159623712738
-1.17135715535053
0.774805641714425
-0.209836205829866
0.728378707269625
0.081108915637397
0.050708667411761
0.346710690026637
0.507365647515956
0.282378693200739
1.07025481962709
0.901184982763987
0.686318857292455
-0.206312680214162
-0.492808805901921
0.751536844942929
0.206682864289589
-1.31091466591902
-0.782349627851151
-0.248347490495954
0.26990804001134
0.344622446562346
-0.330563197354
0.313818286674994
-0.871162858428763
-0.99782462601378
-0.260136604098221
-0.261122967754358
