-0.415155329682035
-0.51722440572021
-0.727064519611741
0.326553567998292
0.234407023442189
-0.426460144398427
0.00993606614337224
-0.132286262802325
-0.755332707625124
0.493791512638642
1.291159516493
0.391206956256295
-0.078291644300205
0.614840757471306
0.850933299735299
0.855155326482667
-0.477040218028455
-0.497841888186583
0.188596255275805
-0.626807496299892
0.790287591514985
0.0261155201425749
-0.132299695739298
0.345949106003749
0.0307069848621259
-0.254253187636118
0.620977418423793
0.12798260489887
0.414602198767634
0.307133821012486
0.0445512964543463
-0.062662278415486
0.897027360678981
0.605299250259344
-0.728762144506071
0.129638902976148
0.639361537662166
-0.0445797929880798
-0.622548195611044
0.176446012239404
0.68223657680312
0.802031469500621
-0.382607149139925
-0.49339587159706
0.515140353664934
0.88917976644614
0.422329810313082
0.0785084499335734
0.296050750423152
-0.232106850301247
-0.403623580365281
0.726919432828283
0.237091807295346
-0.927378920461994
0.0655746835850546
0.358363736928052
0.652495809979329
0.199198538460909
-0.314488610979318
0.0514053186036697
-0.0535398690307441
0.220412961109477
-0.471442549535782
-0.479090688898714
