0.203421356969244
-0.11943204475315
-0.638803783035103
0.403418127341871
-0.406431979486053
1.06050132268857
-1.17127754718543
-0.552325578367726
0.218762898791119
0.0341567134962721
0.538085692075037
-0.30156687017674
-0.338933076725577
-0.226430849188779
0.217268594817802
-0.597832400530335
-0.0494761493888646
-0.515019541447842
0.326850623383401
-0.100798008402269
0.154622797927236
-0.572808829272025
-0.160313036233066
0.0955768478704191
0.63102577794791
0.855965425371726
1.37045702829614
0.369078589034694
-0.784922326852109
-0.760507020473652
0.394698898714978
-1.03054274846968
