-0.721606552788499
0.143581310580222
0.786034602933058
-0.365370974197931
-0.306785441370292
0.415693174509386
0.444438299469058
0.505454762371576
0.23567350162544
-1.57219156931637
-0.23733611122705
-0.420396898462321
1.03976617753403
0.806790281178014
-0.0294251778585381
0.0114517805708552
-0.164282186074992
-0.0158137875124013
-0.0506918950463355
-0.183146730160578
0.664981093178134
-2.42941367214076
0.285252030925311
1.13876719705149
-0.430830923075137
-0.0178200739009463
0.277510076059538
-0.284598051460235
-0.00383710438118905
0.341761127538917
0.18340441977486
-0.409211416742392
-0.0633850434563869
0.0422811661795224
0.0953562033684458
-0.972727403598102
-1.05881173048321
-0.0603078102978075
0.221360119851112
-0.588108282909265
0.23609198866348
-1.42989171164572
-0.625318487549816
0.00151419646008484
-1.02650879081396
0.319764941361719
-0.235918536132758
0.350451868724456
-0.125458749890666
-0.00307914220434293
0.770190080219246
-0.321664764662213
-0.0301328015365421
0.636925067333491
0.011549173125842
0.0015309484419418
-0.142921751525119
-0.0256915712235193
-1.13671605684384
-0.107453873731936
0.659709787315844
0.00177953940445344
0.325502412955581
0.763842885829501
