0.66165848146223
-0.19998238528428
0.429410073314317
0.285994435169619
-0.0995785656828406
-0.840236810285253
0.391066859512691
-1.08342047476439
0.639314080030776
-0.760664926517356
0.362607414010794
0.610842623156115
-0.525643485532433
0.0647679698925391
0.643342430514065
-0.840222159525298
0.375247175828222
0.616098530551959
-0.864272230382584
-0.728950393721514
0.536061261026393
-0.454260140779687
0.232026507872462
0.874991574285222
0.128545462619501
0.328497209166011
0.318579679354849
0.671396074548644
0.0757418555448134
-0.717771936642792
0.315070140852492
-0.364862106163247
0.224221120955083
0.41518709497033
-0.251709600580881
0.0151087821797621
-0.189951108407918
0.349680326385879
0.303629801207721
-0.064394744870805
0.44670553035686
-1.00805701481329
-1.06602797877057
0.347174887216974
-1.03101587577991
0.473755991004668
-1.08465879156169
-0.0234306170999411
0.429042274203828
0.611828520628287
0.200504334888657
-0.556834045369981
-0.363434996854718
0.0298403173555613
-0.135528191886258
0.89963470312485
0.0593615782122181
0.21026526697786
0.576158040959111
-0.0982586168033556
0.0267514150780871
0.902348199116303
0.200745916965549
-0.599948581689918
