-0.734046026921102
0.139671177342045
0.613967484270759
0.469171429218016
0.13345993723682
0.140549364001476
-0.169121515115408
0.633409062062591
-0.834310412848993
0.110298200307432
-0.446324825922189
-0.154268794986933
0.881675947196247
-0.425204542729822
-0.522452411003926
-0.797577190427449
-0.862780704677881
0.183781550991914
0.306833090780681
-0.674108276989811
-1.41921686080172
0.319557454252425
-0.873399741642537
-0.0178148877219674
0.445586957894095
0.19164107068933
0.693587145208956
-0.0476194719733838
-0.0526298801920386
0.977442291737397
-0.667490563511902
-0.830425960259854
0.739751504403758
-0.836757309268083
0.332718122154725
0.707033739605453
-0.534149327129579
-0.111706375217799
1.14884603600575
0.383791175017398
0.900640232212452
0.37030942452416
-0.230181871098128
-0.294307292244653
0.386488975868665
0.930648472327963
-0.335254813290662
0.411159815193481
0.623649235637883
0.609471808643846
-0.108847163216172
0.556938034734279
-0.73170711501779
-0.133467975934552
-0.82685969567797
0.0833602123739099
0.69714865083755
0.321264782908822
-0.218815484981118
0.704056465758373
-0.855656104176501
-0.931908143241137
0.394269776453987
0.15776864614256
