-0.30419069087078
0.266421710793176
0.364841349731403
0.0708393859157241
0.761172824700178
-0.375396041975465
-0.170369243464902
-0.573396371038254
-0.00612844963469644
0.908984798298093
-0.385191214522951
-0.449195787412812
-0.0946502582354489
-0.296096035740245
0.20134584795327
-0.242576965943006
0.105193137522845
0.442799028638438
-0.807504134184266
-0.529919362547279
-0.128114221987413
0.127154236441186
-0.116869802411284
0.00694836875482108
-0.352128300478465
-0.560937078926395
-0.526912010892163
0.516116088884687
-0.20763747746737
0.666811581983544
-0.463176539643288
0.0846076457015327
