0.525041685300952
-1.60030311693854
0.467201116053436
0.726425292779045
-0.425690437138648
0.529142469801973
-2.13331071810638
-0.993135952486902
3.72398091080278
0.225366206161268
0.967378184103429
-1.42195211778527
-1.03886275880889
-0.538274403255875
-0.0116452034975689
-1.05718825351156
-0.579465663491863
-0.514032316217681
0.947614047065808
-0.530969155069821
-0.691053691074139
0.474266165560702
-0.0116588283075112
0.112504601476508
1.42277924244332
-0.00506443997028902
-0.209888397778559
3.16326306469053
0.007072061319344
-0.307565430393895
0.919910699082741
-1.5421207076075
-0.0938455824147879
0.0597224812135991
-0.036996357226727
-0.49447036577548
0.0113286515841248
0.12644292953854
-2.84838446454982
0.434304170578728
0.0672012617903166
0.58415609672423
-0.204097907833956
-0.0677000779422755
-1.53647691651765
-1.18727889901304
-0.106698520922123
-0.539547328376937
0.0980242291036855
-0.714657432156541
-0.327497668170454
0.092372558341478
-0.112685972618839
0.103851161696174
1.18848779336698
7.54152931210537
-0.152390022339136
-0.879150791454242
-0.725458099834814
-0.175717291232948
0.0873941162617141
-1.31694773518613
-0.843217007167316
-0.368585996650169
