0.464711956374615
-0.930588387888059
-0.768043873538334
-0.585230486101926
0.926945007385261
0.447288348377194
-0.352688318715335
0.251355456236256
0.156206563980252
-0.811684237439013
-0.452734128653182
-0.246017307070897
0.845685345608701
0.102036057904327
-0.731423837427625
-0.064859295563326
-0.668756780328521
0.0713891854601861
-0.617308147776658
-0.274498660219143
0.088161066306996
-0.736719370963404
-0.247889811108071
-0.0961822874129974
0.123716303517232
-0.135616974259654
-0.632255561657031
-0.420652110580614
0.196170167495943
0.829720823894077
0.315950073254396
0.460224385984201
0.841373214630599
0.317555210704441
-0.517487891161588
-0.620554571753246
0.892989822382466
0.767556121726151
-0.244982444679344
-0.676771901021928
0.736917704073302
0.378735181437874
-0.856559207542186
0.427113067805478
0.395294292000559
0.638735010842344
0.566641689185412
0.363772265130652
0.828861930277342
0.429376595498883
-0.417410582267758
-0.212483772393964
-0.362141137498931
0.177556960811655
-0.361475168797646
-0.864184080225973
0.0489539803419966
-0.0409012936133134
0.893954285302556
0.806456445046913
-0.32457989251593
0.401832786346478
-0.71960760353698
0.818604613106472
