0.351175026588876
0.296172257736301
-0.0169146221769087
-0.265183145143781
0.0908338118708811
0.696530041786963
-0.288769008239583
0.444022225485689
0.715253225643441
-0.654570423992625
-0.602218623631713
-0.793987467862145
-0.164189979271799
0.101336194896779
-0.767900498286529
0.499621170278267
-0.9537066601199
-0.34509541924202
0.621905461748488
0.128037639588382
0.457468462753038
0.258380355421926
0.539287173743632
-0.585080938760481
0.579647401805302
-0.511803078033119
0.201142602944446
0.270560375242843
-0.135066562387986
-0.643396131001208
0.655387736949274
1.40636710827973
