-0.325559916869155
-0.447648858967032
-0.598257979606663
0.617916719933447
0.619222907542635
-0.341129997386211
0.6574787840691
0.717307565877941
-0.759562309349725
0.238376927682787
-0.368627396332554
0.589872922783001
-0.416695224021874
-0.829938672764959
0.0834993926721163
-0.496170390724031
-0.146515317332925
0.560536495253839
-0.431951687832089
0.504832373650311
0.284917462395678
0.547213471638101
-0.270567556445107
0.139595042537714
-0.0970468339438953
-0.778370107757717
-0.0264946522092751
0.307944485130675
0.360677555356054
-0.835384340241449
0.780937391329326
0.838795914364124
-0.672211074746573
-0.376221033088048
-0.324314296397402
-0.830344848517584
-0.84460795025763
-0.138576205365153
-0.464436399227082
0.234655980677087
-0.516555948375675
1.12382941262806
-0.191766217095011
-0.381770149309936
-0.763661212908746
-0.454144907721572
-0.680188439541883
0.539423227972191
0.906863452121109
0.139189428350429
-0.685230699024736
-0.269726136588963
0.914822166788414
-0.43989103883473
0.381533465097059
0.423092744937318
0.862557417850405
-0.0366000300390094
-0.144053041260149
-0.152816215255541
0.230128393868458
0.60649305871301
-0.61306811456348
0.226773598518259
