-0.130581986524174
0.0923689016947538
-0.145436955987491
1.2842071872254
-0.146538860964217
0.241788695076209
0.22019553786079
-0.0684017011999911
-0.027274853383928
0.31928128154334
0.575368763121913
-1.01595626684392
-0.481941308741955
-0.354055374277573
-0.0246683362152462
0.136099319377853
0.996629591021766
-0.312139586206873
0.209380375809632
-0.116800898848162
0.341115277589773
0.567814585787296
-0.901973740458505
0.373406081166843
-0.630599677470609
-0.011216336727654
0.41380189088412
-0.252270414612284
-0.0297543675865455
1.12520897902711
-1.4302955476412
-0.387668380851564
0.527915048347984
0.187371667109915
0.53244535995201
0.854779297916242
-0.172829045804012
0.0879373128772716
-0.128521018796757
-0.384920770996086
-0.76245355535047
0.023154182122139
-0.333176534931562
0.416149399159906
-0.474763269895707
0.482755507617947
-0.148864072873791
0.229523543459588
0.605721287151221
-1.24843267632047
-0.569638572928655
0.825784966823437
-0.0278078408966079
0.203097727021925
-0.871394510046561
-0.252912870552518
-0.198755592283461
-0.0819750164690525
0.887358977590527
0.503870436888406
-0.938715798675158
0.824810461110166
0.954018467108044
0.246218990433976
