0.327023774778659
1.33234350038666
0.365206746293735
-1.15703036403966
0.785533657096381
1.61742164608829
0.454158813130962
0.402984296806745
-0.614736718010424
-0.379300021575372
0.752047123238573
0.395434978438524
0.115848551462204
-0.772162320498928
0.0109370626874634
-0.837133086119654
-0.789231743143712
-0.335466113160887
-1.17702543427701
-1.07480189872007
-0.875287488349173
0.288245237694498
1.41261252555713
0.808846501926185
0.63519343146355
0.00140796078947554
0.12518648020957
-3.4299003641686
-0.00248147425311604
-1.09104545204681
0.400429050570288
0.652846745186065
0.341862436413043
-0.105490486834723
-0.845868298280528
0.0605382841802832
0.781542013583983
-0.0316286238703719
-0.690346079862548
0.696125063802189
0.00499051320797971
0.368444326548697
-0.634960898860754
0.081645017975102
0.483917598417667
-0.207212195247255
-0.0539589228410126
-0.749043091544282
0.303182784031982
0.0378349148352935
-1.58080178365688
0.104232164674584
-0.119696844157513
0.748645633301143
2.42969211682669
-3.63088850963716
0.0367763152124114
-0.594625748774997
-0.174040042795969
1.21704338197978
0.676749812385241
-1.37840329489222
-0.964158307486702
0.0376856305485118
