-0.122266068845746
0.36656831490052
-0.425885844598524
0.92319060330883
-0.950391819316426
0.318909970657484
0.485180981725848
-0.770627988057755
0.143737326051646
0.0920278100907252
0.791004024900903
-0.982205532040909
0.422022460064357
-0.849598863260459
0.810974658033173
0.483340892662075
-0.38418707733967
0.124053790768605
-0.533068296009638
0.0811430903484918
0.296981323176932
0.477555543167496
-0.964062320737869
-0.855247501602676
-0.283763307583509
0.759113983387209
-0.982730757268846
-0.994206276303547
-0.646231141984045
-0.242523156026861
0.192881454471641
0.151639788576071
0.485924631331904
0.407301973555972
-0.617678909358926
-0.669956006203857
-0.73996496223797
0.441325969001486
-0.449299441370652
0.963331205119744
-0.220244310302645
-0.722691756640388
-0.000694902783936913
0.724906783256712
-0.820452731946569
-0.428713410351437
-0.443854887174655
0.675273861821247
