0.967508293394531
-0.428876366357173
0.906071848395537
0.0626674818270986
0.647541388765876
-0.854891066889723
0.699944599823822
-0.579766197085296
-0.327987730702039
0.0777502285120577
-0.830627562632178
-0.791446399747196
0.4982483991088
0.31842568035078
0.0285801869184265
0.751689162134947
0.539950546460208
-0.824344376400715
0.855653538008969
0.00839919232519089
-0.817191457831429
0.372928410058159
0.070616141992875
0.752071460028428
0.111643374462294
0.281865924797307
0.303965976755361
-0.200719899813926
-0.109184148373488
0.25659975536507
0.31446603098602
-0.256048545654424
-0.212268038229537
0.694734021325818
0.765591259737583
0.831351761294039
0.710760487025749
0.441767405497905
0.775091666157753
0.168982990571597
0.177740779864895
-0.888945321532777
-0.461241119137565
0.0348515401323115
0.179678385147912
-0.373530353384819
-0.499267577403493
0.297653361371366
