-0.755108161355616
-0.818076706880439
0.431733758042562
-0.314964708545383
-0.903567488676092
-0.20589850071568
0.550810270396153
-0.633391011371072
0.497516950271181
0.194873580135501
0.699791938914451
0.0668424783091984
0.652651112301798
-0.128632246517059
-0.211561137170957
-0.801928073661717
-0.647661319220644
0.2808388263341
-0.0572278253004444
-0.632699640171356
0.993766385261926
0.513908098974221
-0.873415054683017
-0.0078813599994328
0.519886225668009
0.583554098455914
0.176558540156524
0.635953066899104
0.113362411253077
-0.0795455604627069
0.182625429992172
-0.0696766542334362
-0.795529076076262
0.727646520620479
0.472369554116989
-0.4737773367824
0.807463029451525
0.591320839851794
0.620905090614214
0.526827773828739
0.13389944144745
-0.0981856405070429
0.466834215550976
0.483871389561384
0.707665297085291
-0.431796585259468
-0.468933574190398
-0.570558173390531
