0.897745252718164
-0.889768192435984
-0.86511543151647
0.936352681572487
0.449670518136031
0.811714641973861
-0.885411919157092
0.746898996285899
0.857192107525899
0.402162558616347
0.839861957129643
0.348620414639226
-0.740728081700138
-0.867708012297369
-0.391544631106926
-0.103813498098202
0.960277453418767
-0.686896562601499
-0.12063977785498
0.0679406530307822
-0.432165090602833
-0.137550366174766
0.7580309572782
0.896181586318227
0.718294389587807
-0.916958434611471
-0.0683970609417994
-0.0281942085961869
-0.470507696769408
-0.897901209104372
0.249028483214301
0.679187357598454
-1.00703532382031
0.124864244925762
-0.441227083957929
0.517733571551974
0.300602307465358
0.512114191933965
0.769023039085944
0.673770608600475
0.315426736531874
0.656114369876006
-0.123253707387583
-0.752687475417604
0.747651547243505
-0.237827893202382
0.357055798715546
0.281319034558209
