-0.917138975957524
-0.720885625265616
0.776698263838257
-0.327954609914608
0.0593738368771408
0.555714279285662
-0.786199342326015
-0.663110552093874
0.287471075679522
0.487891697487132
-0.84385274263562
-0.895035896368139
0.372271194778957
-0.0288292485304221
-0.577983361057439
0.0241593812341119
-0.981229486865173
-0.661752846151365
-0.950577878045531
0.501746526536678
0.889293457317131
-0.986258016387621
0.794016631361305
0.289448710593968
0.981361649944155
0.493413834246385
0.607172546699552
-0.490482635817142
-0.526584391026951
0.826569090456117
0.581471632772911
0.871274803035592
0.732755331438124
-0.845354424676552
-0.968626001360246
0.0351652550840768
0.872834257397293
-0.590417856925596
-0.794473146656342
0.870687202668527
-0.512207511011618
-0.0872248812522676
-0.217232369071804
0.13057004610901
0.837265655472722
-0.389676716857037
-0.0253771055429642
-0.437750366461671
