-0.993645470531225
0.608472559674256
-0.607274834334196
0.656941262834194
0.967516541271823
-0.406935147661848
-0.933316884338858
-0.797388624053943
0.502950859695224
-0.746275773470348
0.0524291217054915
-0.627223187539684
-0.786117304283708
-0.792370434697788
-0.637347477963711
0.277847496359404
-0.115094960310647
-0.838307977301134
-0.355138243263195
-0.814382918865788
-0.553447933924512
-0.908091094266758
0.860783910975519
0.38270507861304
-0.742013917479129
-0.242898525178671
0.40993748272823
-0.423368334990492
-0.369882761191468
-0.829876899906909
0.530871581475088
-0.358429469859179
-0.346228319586926
0.305002307553478
-0.114781233625193
0.124689181059699
-0.207968770934245
0.506213797449395
-0.073049969175492
0.37648967330561
0.671381876446494
0.0579404915744723
0.462616322247133
-0.96522615013918
-0.773767244573252
-0.642342657651764
0.833842704250235
-0.483143109406711
