-0.731117286441993
-0.595739348779253
0.0869120289397242
0.821169508849661
-0.431330926147913
-0.692873845049156
0.0346984672657469
0.342206375160311
0.550129983172558
-0.716421007437075
-0.786576855583977
0.0030333888960371
-0.109029871186587
-0.837157879630179
0.69228272808931
0.287545058191675
-0.261254612125124
0.604256804345753
-0.653164774908224
0.948493885078816
-0.114527534842831
0.574771303291832
0.192434761808979
0.395204149718668
-0.00755023756927375
-0.656550949345352
-0.948451177182537
-0.336214618253176
-0.969554569825379
0.07029117063141
-0.185522815081948
0.830929852733495
-0.368787807335028
0.192043783888605
-0.669367910287162
0.452919788542425
-0.857130741004049
0.91068885505504
-0.849197613539852
-0.34405389719231
-0.193861731271628
0.300114573624854
-0.0145268542745136
0.747128832394238
0.812125433615392
-0.262185645437448
0.224858071064799
0.21842055506717
