-0.279910667539605
-0.949875630497501
0.46978725861433
0.236273525844054
0.377109565504392
0.25936211760956
0.234350483276532
0.946266165655015
-0.842730650273481
0.145197070152737
0.12028218107847
-0.695800087452377
0.980622646799436
0.0674045145132414
0.253801609135434
-0.0109302804472058
0.267092810234265
0.360622556441746
0.233805540598804
0.86815682906136
-0.961131220389616
-0.909991103501818
0.755803271641448
-0.372829790265489
-0.89511753094508
-0.306922090804401
0.484507151549531
0.366223692148659
-0.782707459545211
0.333916144228557
-0.693149136145959
-0.746522648100131
0.475861612861615
-0.174059213632156
0.250808365282002
-0.963253206578039
-0.544763644479584
0.763923064672313
0.53143899081965
-0.0156574814552937
-0.0774088421028498
0.776633309232686
0.503127547973681
-0.991105127664562
0.0908986712544155
-0.852931019163985
-0.169696618943863
-0.370584842457272
