-0.0711614971003602
0.754522595977211
-0.951239871203721
0.119215543598138
-0.438639888864392
-0.858015042637768
-0.303468098494166
0.578778568872227
0.765549985427056
0.500293142004654
-0.244041448852039
0.962438577536019
-0.478650029459164
-0.506972709836554
-0.264743146390608
0.0326825498124485
0.227434516840255
-0.296774056649988
-0.895647275157724
0.361175512998976
-0.35928975223917
0.312656166353668
-0.356084525954738
0.285239089120373
-0.609485069906722
-0.537297945944697
-0.24215572934673
-0.473096569610844
-0.996339232255741
-0.893725488265882
0.488350495996041
-0.0951796279070734
0.89865099055399
-0.410486608626303
-0.807556923786673
-0.426387382321981
-0.354011995215625
0.30520220465945
-0.295109257768426
0.904037763549315
-0.840862276397243
0.589976074111858
0.716812641383012
-0.933275700463253
-0.919237586416251
-0.349340283793629
-0.72998393212709
-0.772492557684794
