0.206135569199675
-0.629050844534403
-0.641641296759972
-0.170581724605588
0.133686996856331
0.364656015458372
-0.454561380168453
-0.846180384303992
-0.782834872584227
-0.724949514036074
-0.883981485377318
0.567314868017654
0.4598900587175
0.320911219537286
0.855215733488755
-0.899522647380018
0.269871255165077
-0.58618584581798
0.937152269736096
0.645307122317213
0.341205000986487
0.670611001283601
-0.721013479895336
0.102125051946554
0.987471391121623
0.786981411293856
-0.434625897611431
-0.560614128762267
-0.427032498731627
-0.144455393792473
0.104903415366919
-0.884049350065168
-0.36450255857368
-0.955098075924667
0.189160504582579
0.933649300511854
-0.192444172524477
-0.0657619605863493
-0.0070236853084297
-0.671992279828844
0.954517388839144
-0.613063166354129
0.716562488695776
-0.615416876080183
0.310343475984727
0.31151077876104
0.350928288699685
0.0935398147571571
