0.532043431875764
0.553525702619344
-0.358026305444875
-0.52727214282566
0.157494666398089
0.672888227599445
-0.32210535142082
-0.601503150152787
0.16397569769847
-0.0364852814328371
0.346606512857841
0.537214993867008
-0.95687416236349
-0.0301116342680352
-0.316581374997053
0.497211834774132
0.967858091941497
0.330203691763247
0.737819174475709
0.0402736983978799
0.241052592714065
-0.658450130846404
0.865695018034368
0.675931487979958
0.460410656905296
0.446347152406902
-0.100256091982809
-0.432816762561943
0.730523038355141
0.216583691050143
0.0336674715344458
0.960180574915247
-0.86512294157885
-0.375894535123356
0.0879829141768522
-0.197508251269908
-0.521193396339157
-0.265706491055561
-0.659891031901555
0.823590482354587
-0.967164865597784
-0.483153731803671
0.674252187309006
-0.932710658219831
0.809417054777497
0.173163867770839
0.225875108889609
-0.8590749311335
