0.880805295424554
-0.397850947841479
-0.0265354120815359
0.875215033780837
-0.348664791907948
-0.836052521662416
0.85324996288782
-0.923466749169296
-0.321915336266843
0.0264408350051677
0.635016119371028
-0.606716505918378
-0.135040313723965
-0.354379021311283
-0.324229695613052
-0.326678299564172
-0.0728572596573022
-0.209727966787072
0.421394030641851
-0.415441374409818
-0.870513589523305
-1.01575521299484
-0.236707960788872
-0.303657005510917
0.54017490409129
-0.393495603054421
-0.465695857791505
0.560533346334778
0.489140553403625
-0.505335544709998
0.63909407146488
-0.564217575876611
0.713287141471067
-0.109416035512394
-0.703904706892194
0.69654709636248
0.815083241943491
0.31001580941451
0.43636829860466
0.765725126646832
-0.920304998215065
-0.183127384360077
0.774725878268
0.752952207113734
0.771501588475527
0.358535481087379
-0.0152133903294225
0.765579425037521
