0.47775960150696
-0.290237636472213
-0.324302429252036
-0.18539609188478
0.11543692875297
-0.277594471081662
0.00871956152546738
-0.52015749862605
-0.949839513429263
0.836677981315359
-0.42607064406184
-0.722828771177259
0.0312409981163233
-0.102657924460539
-0.842708542193935
0.452057055077953
-0.249166056998986
1.05930092654012
-0.585140008984795
-0.108035177139084
0.946641598686742
0.213772432041586
-0.0204230760446931
-0.561245845488165
0.758546070290987
-0.570837548710489
-0.0949704627637273
-0.910279942611683
0.0661808663129299
0.180762510866577
-0.803254408685125
0.499517531751316
-0.366638465494314
0.564358463845879
-0.935298156850543
-0.932395667556504
-0.170913184412037
0.769901003360269
-0.2954599941307
-0.00495751997035446
0.411293406895046
0.767656019782582
0.932850671053406
0.345209516973015
0.811642005664842
-0.337198536337153
-0.509482820971918
0.7924966663478
