-0.734846814472776
-0.444990266817978
-0.253732095597919
-0.748546442786096
0.840553003835121
-0.587042074333248
0.356001068896523
-0.391141108050163
-0.112572680761348
-0.361093777476116
0.4581415883309
-0.568412594215043
-0.279667128162073
0.675597688238167
0.355990833157668
0.15815272683484
0.622562146958477
-0.503598411891414
-0.410410058911571
0.718009690865488
0.229558806500063
-0.604463480213913
-0.171166043039678
0.871857215226958
0.517164280997497
-0.880925759928219
-0.808850461764515
-0.969484981494616
-0.348834981057335
-0.175099758796729
-0.435961035681095
0.0733897450755464
-0.9398595810834
0.663677390184763
-0.402577063108585
-0.387507207179814
-0.442282005516268
-0.393760975476394
-0.0728392091628149
-0.289978167618426
0.544408191715019
0.259080276724876
-0.36909596971871
-0.259681300025527
0.65401760557162
-0.527833173489482
0.53428931740845
-0.18487605346678
