-0.387517655438545
-0.837225181408618
0.355400293299614
0.824090888558019
-0.87015864476011
0.805506600520931
-0.0079451221313359
-0.247801608758691
-0.77456588142253
-0.16366430661131
-0.637126867188927
-0.517344938484156
0.95603166507079
0.371755200768255
-0.50289206531643
0.231711984266378
0.00988644884000898
-0.378129680902463
-0.627256851994527
0.352534922006017
-0.89391699576985
0.946181784811823
0.949352671022709
0.114970921541887
0.0491771610379519
-0.671813438236934
0.0163557813163531
-0.0227313303526484
0.828443910269018
0.31234724902518
-0.917855804466407
-0.784415305395439
0.541813456484692
-0.510801101277281
0.8179859615056
0.504868736909014
-0.438171578987902
-0.947769874275892
0.470941271073565
0.195216452042237
0.787962647525645
-0.993496249249455
0.603288524985395
0.260657629310832
0.853078501317512
0.677718946279984
0.716713999268815
-0.26109557962119
