0.523782784887744
0.711662900762904
-0.847568278648061
-0.236209306977528
0.734432683835824
-0.237877473098125
-0.515957386873544
-0.618644092944383
0.788455121162908
0.725564603074935
0.197029685251744
0.45635256675616
0.511745290611122
0.676074050695144
0.424422253376958
-0.231831959917906
-0.705341504841964
0.845291384727609
-0.211542613991077
0.603530881134243
0.187441628894984
0.562252748387995
0.110255539298492
0.683959033483086
0.456331738744636
0.730339832117104
0.18966706895051
-0.629702996147689
0.545945335688775
-0.793522940568951
-0.869891491409133
0.501789717624516
-0.46220287950504
0.953736780376279
-0.225386938203381
0.123860850548451
0.701404082954753
-0.396683070997744
0.335811858015244
0.553206946131061
-0.880198706618759
0.645914797833259
0.563681295467325
-0.750382958114842
0.802023544028674
-0.744061305815833
-0.239857263442663
-0.311510222488659
