-0.524657439803535
-0.807597191271657
-0.697083192193787
0.0402312123253369
0.352351166779508
0.671122059498248
-0.0768562621628645
-0.201343141468293
0.0546065683821922
-0.307948087191874
-0.517372131480591
-0.419134031814989
-0.852588583936877
0.109978278849983
-0.0620312727007994
0.623017280995779
0.289288978685342
0.33686613398948
0.98169259799208
0.881226306461305
-0.202075459178277
-0.0351279224850503
0.183919048938579
0.648420794545517
-0.281003593939611
0.730934059458705
0.675610587451532
0.506940563570041
0.802652506021276
0.582653999325732
0.461642281843556
-0.116080301502603
-0.383181080822782
0.391144375739073
-0.251279455493295
-0.539909821397802
-0.770094071680178
0.948303979684845
-0.243800976669045
1.01500287434067
0.594422959618474
0.862563821844309
-0.289152414103803
0.315640108845609
0.48943629805141
0.322161293827294
-0.837389315670605
-0.746194799379237
