0.917311171967693
0.0717671778465911
-0.535418510052484
-0.0635882060939781
0.734536037695969
0.804480003492223
0.855817339558073
-0.991407173597471
0.0709600580967428
0.81721937492146
-0.451106695911645
-0.517997288933749
0.690167277020717
0.00827269648876596
-0.934483886443052
-0.416364524284077
0.973834949482724
0.893046887321135
-0.4496849685771
0.931029808892571
0.275312173206533
0.523238546485686
0.95907138018654
0.0735058973777764
-0.94116704024587
0.737445802118976
-0.695921163249755
-0.0186325186400241
0.907609734377856
0.410676311059877
0.908307965785857
-0.814677722617198
-0.94730902230096
0.251200112785717
-0.955206886290732
-0.43440598020377
-0.952505788010869
-0.423153403594154
0.0711356994592799
0.192619816010851
0.626753396376457
0.813263585951001
0.600058213429877
-0.900601392723662
0.00334697587357595
0.00461836230898097
-0.270139971719334
0.241855998268628
