0.934894413626018
-0.0699581405633256
0.142313965795152
0.819222048292921
0.73782139386663
0.761250975614484
-0.118076654104656
0.470480177978291
0.135716929364199
0.850924911681885
-0.967434892755249
0.438985466387598
-0.505172677611853
0.483530930237773
-0.856389419217752
-0.791793303759206
0.040772103821593
0.213745877973298
-0.50927813864729
-0.380358261337126
-0.289180906013796
-0.387858184025896
0.893766897762603
-0.807584687474504
-0.303904889924041
0.451352608734912
0.584457315646065
-0.672142204349087
0.882249154509481
-0.351419185354698
-0.0563741228410358
-0.0364378314516309
-0.204679938923311
-0.331308646541884
0.494063717286119
-0.478457952975035
0.513242347410055
0.846441111332864
0.956110749175731
-0.906282681665371
-0.703235643387059
0.622212552727529
0.646180209723213
0.453185627637479
0.336240722714354
-0.635404075237694
0.284389999839359
-0.0144859054123425
