0.891908078440767
-0.13142968282258
-0.777705635623626
-0.0244554521771054
0.6458226882398
0.0388299847377699
0.5129902823718
-0.375648831580057
-0.315881101730442
-0.901403325563069
0.668551751618949
-0.932967180441498
0.121373592917967
0.179552827355996
-0.954669160104378
0.700819716503428
-0.947695999192857
0.348054350414321
0.86310478240791
0.407057180554464
0.450956172684204
-0.0686926509526622
0.352203333060996
-0.226982393301707
-0.942163814915933
-0.12189064550344
0.07963438593108
-0.491418164057432
-0.073106720408358
0.988031823717464
-0.921886964589331
-0.297609929542698
-0.681921304814537
0.0804386043013279
-0.510467625441073
0.0349347122770302
0.174975568019001
-0.599460638095747
0.538952806341755
0.943658973042478
-0.359580657147685
0.857513378689571
-0.918385609478166
0.0732963475870143
-0.08069256513844
0.577418173141231
0.820925515278772
-0.45365862970817
