0.414500274435457
-0.947560806461563
0.016476546431744
-0.0577075394470838
0.874580761098337
0.347528663759981
0.0602159999615084
-0.863239567161503
-0.560317362494831
0.592197948772923
0.338386936338223
0.0324053267957036
-0.0294823803542297
-0.244945707494813
-0.914524061644892
0.473542425894176
-0.0760035917280804
0.179224449218052
0.284779850209052
0.178794612693089
-0.0194987563910221
0.743046745490227
0.715473780906649
-0.958298658490196
0.3071847739406
-0.158655546563452
-0.363191006326429
-0.323987412312567
-0.383871696518589
-0.231261841672085
-0.430939115249539
0.12246750257826
0.39533268198289
0.385608233843878
0.624258261517215
-0.651238519811373
-0.538405528412691
0.500676351602753
-0.113647376115251
-0.756166784185562
-0.888635957417537
-0.280929519369593
0.822088160303639
0.155343906569079
0.610406431823106
-0.559639946180641
0.324609083065317
-0.465124855627064
