0.0201594518214416
0.191587161278906
0.055424570236478
0.626804529798171
0.38607160632092
-0.375599683586642
0.144818890918055
-0.062129820283626
-0.556839001020502
-0.570718065207898
0.593830368581034
-0.351877937765094
0.325551920417902
0.598123607179273
0.893174464366403
0.405314828459934
-0.632509427089986
-0.17753559947008
0.110329104322879
-0.724416613487686
-0.101725017501795
-0.151277656893803
-0.106085401706025
0.110262328081102
-0.826127287785588
-0.154488223253321
-0.123832790297548
-0.669996276154569
-0.949226839462083
-0.645166453549805
0.582677919142479
0.232565577780542
-0.79392016506707
0.401713420549026
0.814350862109348
-0.603298833447841
0.0645241956087861
0.406099624572071
0.975704548093941
-0.00315487959101635
-0.231698088802835
0.746328556308827
-0.398363180546828
-0.0575840946771147
-0.784215382971641
0.992847215839276
0.344243414506599
-0.166507680239654
