-0.648690641393979
0.0521872247534987
-0.626970740376544
0.641153989738247
-0.00136498163495747
-0.723013175145273
0.705655175473622
-0.0496760739899907
-0.825335326740769
-0.423691361400557
-0.109513687643836
-0.261319582330492
-0.90456594433954
-0.70633526017736
0.634514162024336
-0.129692363705155
0.91666197876991
-0.863647349177232
0.762164784070824
0.836331034146978
0.528491509550475
-0.657104435763043
0.881676872184401
-0.429686626350801
-0.422066434065173
-0.390914408292137
0.113179560429531
0.530874590869097
0.871648430767912
0.988190570266199
-0.286150281492186
0.522448846064837
0.545960635082571
0.0703385659648503
-0.317243394100583
-0.495756566382191
-0.991823965252232
-0.690067893272917
0.35347514330071
0.395090949857407
-0.215027971400163
-0.345311522798139
-0.789102529350905
-0.454402061956263
0.156295239127602
0.534784983235739
-0.84389348936913
0.518524347440531
