-0.805472654894013
-0.909047133687319
0.104084030289852
0.520149035593522
0.538482878089608
-0.196109860174837
-0.453463045167694
-0.761637316811439
-0.77619867846056
-0.578023565572606
-0.79797638801693
-0.39459999330663
0.546112671415381
0.560209437444587
0.0347595230126518
0.796344623943275
-0.172350315783119
0.711760566315844
-0.273859168631693
0.873924632349798
0.458094179466938
-0.278468738895429
0.533595064978897
0.493041549675618
-0.999852132845892
-0.0255285633767284
0.784558386814275
0.0297128356304956
-0.400073723394907
-0.166118898452059
0.364128942063267
-0.792874697678768
-0.96941658466757
-0.374807244314276
0.405985632988364
0.10316546400792
0.831501533389656
0.574332932091554
-0.242346232105408
0.188932711354153
0.915385506308383
-0.435200344497036
0.56102985757896
-0.239534764148136
-0.102196197130627
0.284750168163039
-0.105214288167083
0.607529977316571
