0.0905599186651289
0.787547222396732
-0.229271867583645
-0.89881545579069
-0.391289182625915
-0.403843933720896
0.534035583123099
-0.404913715088702
0.912200711844075
0.496645958454606
-0.351797425038432
-0.0838911969593607
-0.344696184324417
0.60670284097006
0.593332984855618
-0.0811637624482691
-0.0892262638825127
-0.238927479743245
0.310101077713112
-0.936544097904717
0.50613371025386
0.478260790237497
0.630376972581394
-0.885333068520459
-0.696260487406296
0.459275684923959
0.306670858820513
0.910518912196389
0.184911397235141
0.854196552035198
0.273807413909496
-0.408598679007285
-0.901202161764355
0.935666102733078
0.663368062018863
0.127102437085127
0.742980491489308
0.407196661265038
-0.698294510438503
0.231069419804412
0.472567116489296
-0.131956247224897
-0.877254259672386
-0.052261673133546
-0.515263161691531
-0.758406712238748
0.0270612483891561
0.436841589302359
