0.555638634227327
-0.651183011099845
0.136106329966037
0.0399017774101302
-0.0355861505184178
-0.145578036936302
-0.430332182886054
0.0322476965290928
-0.0746544595359996
0.549403739047917
-0.490820144430095
-0.55029446412014
0.819116743225094
-0.649284204470802
0.338795045234992
-0.440281209637689
-0.607215021112266
0.231243342180964
-0.689160420056781
0.172379628096717
0.341383841422475
0.687238096888266
-0.511778660857097
-0.718565386440247
-0.86865500354945
-0.855132603519974
0.676450922207415
0.547096856917262
0.651461310142749
-0.754946198025162
0.935004395612821
0.243201134906472
0.428024526501468
0.852433159351945
-0.967599773406178
0.266925425862896
0.900178324061006
-0.330376148972564
-0.0306287538427102
-0.756316779890293
-0.0752892094946076
-0.185124327794863
0.531497347683613
-0.780005610315904
-0.0984784944992328
-0.598126568359021
0.32538217753489
-0.0872209950522025
