0.776064863304802
0.294652769433106
-0.036199856577188
-0.970901553567395
0.939075243594354
0.265492752409618
0.460091200695055
0.112299988781426
0.429844317012475
0.283967176913849
0.79185310005848
0.748202950467776
-0.43925816635653
0.324483165394742
-0.865503406710502
0.306756401649262
0.770545645364636
-0.671640374217432
-0.285408955556526
0.362343128503871
0.149298896019897
0.933177193183024
0.071466458120413
0.417649326612741
0.858223715927831
-0.691982839804169
-0.204755590010463
0.381985709000176
0.517108092987011
-0.810167138709425
-0.468607174274723
-0.108233194555029
0.0376987351125426
0.666068101511561
0.581009992677455
0.0745465971261695
0.0849842367926738
0.965202532380435
-0.46455060268846
-0.64306717378153
0.611753896482318
-0.962817370642998
0.748835089124236
0.358728479030467
-0.121973622557469
-0.527358880818277
-0.430748998042785
0.191006966647931
