0.360377017611465
-0.959873023817644
0.844813195998625
-0.596288727734908
-0.123509661233955
0.534876738734714
-0.870201830188719
0.125560249379684
0.316699089169352
0.234777527909489
0.697554064906632
-0.0225002078388643
-0.444382387791306
0.583200948935076
-0.877088977686734
-0.854796759409019
0.367535421863165
-0.152759405846122
0.958031924525419
-0.635309750176094
-0.10920549138315
0.197135055409969
0.455709763366485
0.839820515512037
0.803997380811525
0.299398879612524
-0.584641220185327
0.391951095107138
-0.111722957042667
-0.887108083866915
-0.278131500888133
-0.327547713644068
-0.639018002308027
-0.903016735155819
-0.608285525449691
0.352465918155013
-0.939986874478721
0.279351414742522
0.693541536335053
0.780529932857502
-0.206181537115091
-0.247786049196931
-0.897549214396079
-0.0654517905804345
0.747512750622904
-0.193841274168613
-0.394028630261033
0.287732419117843
