-0.82711293332356
0.14350328488662
0.381963489810587
-0.563360810160184
0.997186776551875
-0.607932905166691
-0.182541635186035
-0.979332796927649
-0.629120776022787
0.842165243473215
-0.122917925900823
0.583639026809879
-0.158563635369181
0.528029234489563
-0.425415970907042
-0.524460491229521
-0.0911472128302987
0.898481254466169
-0.925148105353403
-0.254713632941842
0.10194148570606
-0.443695061665188
-0.527348706053941
0.725924065030872
0.965595295907012
0.779422122270477
-0.618376494499964
0.847581526564758
0.947194969136355
0.179484414523136
0.314487232886048
0.363416558693015
-0.627371014900696
0.104209675288603
-0.695681087768571
-0.374452126402261
0.237789772820804
0.776309726683756
-0.573566650082716
-0.740436170586163
0.882878799251612
-0.206781158313712
-0.891278900260105
-0.2297410108081
-0.0326631629030968
0.754583341801689
0.28456735558875
-0.578282547308311
