0.182379471145811
0.755342491814082
0.436801468246733
-0.759622057722358
0.894027108532079
-0.527384252894094
-0.147899788040473
-0.517388559056058
-0.160232100350696
0.315331431404013
0.453495003111177
-0.351490377575883
-0.987691013377579
0.200815000702301
-0.520573644129355
0.958007209942128
-0.422436106822524
-0.0214621697445607
0.156065840726638
-0.332888551107895
0.898814918025586
0.646676457629728
-0.492954438957726
0.452385598540209
0.826027542118047
0.615949855844966
-0.610613856541692
-0.925371063138157
-0.26693503274415
-0.643081604431455
0.420612205027819
0.387335892783543
-0.0691169064809469
-0.270253481272765
-0.798283580230735
-0.00292760650941992
0.0879800761662071
-0.440699127007466
-0.0890554855692955
0.352685587626069
-0.433520424508639
-0.331460897093838
-0.717321126265575
-0.296131573454407
-0.664344583148632
-0.83558321596115
-0.470959044684407
-0.660472156116278
