-0.559467755350008
0.51133392568721
0.908416109089197
-0.131492035037027
-0.777073685973082
0.755730461118583
0.739636930289769
-0.891751952686671
0.373784759298675
-0.915132476746456
0.921919899436448
0.895247920408954
-0.165094918029944
-0.922107146631508
-0.665694424657034
0.309450986070733
0.935643476510397
0.318077004762223
-0.476570916521904
0.897459432572079
-0.352096511656153
0.243412204462372
0.690720189620846
-0.839192167933558
-0.663094768171469
-0.874607971572958
-0.290304117195547
0.354694522420972
-0.554674256777494
-0.0016736080302469
-0.981502553883878
-0.0333248251623774
-0.429705250923746
-0.755697315439893
0.195173948686554
0.517540257021032
0.534581122521626
-0.582574663419403
-0.834616908062792
0.851128059189304
0.620330655342376
0.264163421466256
-0.385016762732761
-0.352837310566592
-0.25878811073295
0.283099608268009
-0.267879058332206
-0.50615874807638
