0.638882885177445
-0.993872851685646
-0.918603341539436
-0.35533700737692
0.878426312741914
-0.449974052124705
0.906531353405531
0.314527311712218
0.83935859276911
0.194496789100008
-0.0228872383890861
-0.408910539881254
0.379141127002617
-0.346852763922141
-0.961843140066067
0.017638769485717
0.804835856652461
0.252948978782097
0.605992758572216
-0.1485720950028
-0.105545640240152
0.0955100693444786
0.167722088968279
-0.479958690790766
-0.461945736827864
-0.900188854588937
0.219041390088008
0.224946506632519
0.100831776825705
-0.468564516086262
-0.818557545339312
0.329473265830114
-0.00498303069093198
-0.117853309122544
-0.944153585125673
-0.923020621534906
-0.931458210268165
-0.389920052695737
-0.720160220959094
-0.327857693352572
-0.0887957870789813
-0.754447973709803
-0.309439242564416
0.445171653061401
-0.518460840689932
-0.766900001073135
0.477664508030468
0.178881714319491
