0.180314976197373
-0.451443967468251
0.169999321164174
0.366454613874689
0.150481089649966
0.651322184770775
-0.732225485048713
-0.744238439494808
-0.895170318945597
-0.583368889109707
0.8189630003244
0.186535441770315
-0.65061494207875
-0.329677255488939
0.484648601641195
-0.35447354159808
0.541172110486575
-0.542767163498414
0.672508112529999
0.0746691248673567
0.277555700704698
0.0512194730711826
0.224217659123586
0.677756433282663
-0.242812216822493
-0.68580244369435
0.613559607422573
0.414470338293463
-0.832671187877796
-0.223196106636709
0.553797516126514
-0.957950793802032
0.732862631293206
-0.841051686264462
-0.738776195998085
0.958098227787351
-0.307291246840024
-0.892343057681704
0.144421413099685
0.386464087457013
-0.437953817704564
0.187723054650471
-0.0815972629760198
0.660403346669412
-0.853722412022487
0.168432105841332
-0.352432333397883
0.261137092106303
