0.348518656032383
-0.527989586242749
0.989519171111804
0.310416418030925
-0.820135275379074
0.853677816770161
0.128369333683658
-0.609699818746113
-0.809474463263775
0.280304190421393
-0.653877835182524
-0.948361503471705
0.31862454950554
0.0436436247684058
-0.141128741040067
0.766708753216238
0.374682413787116
-0.125315593883521
0.0978415725685
-0.416643319225417
-0.552093472806835
0.0263539603911125
-0.813540026359923
-0.981452163808174
0.882247934857022
0.183537845398775
-0.786498676672547
-0.304561825900374
-0.380143818270509
0.352358236368355
-0.704064064543905
0.763259989580025
-0.981969780506743
-0.382823734700173
0.0309880018945738
0.706751408307638
-0.35168195904905
0.553312453349335
0.0592927548369775
0.0237798689619106
0.932377276874106
-0.435361788770145
-0.146945104579423
-0.496619777889119
-0.0186286585005699
0.093788492695243
0.785539162550588
-0.0128547005489863
