0.284302190440778
0.129356983492559
0.985960851872599
0.436775435391335
-0.104796117816605
0.212609415163944
0.555193231975944
0.237573053437949
-0.811260936741724
-0.578766655902468
0.701657900077409
0.0330204438404342
-0.362070997574126
-0.949186370623831
-0.833252074749951
0.0411038711568093
0.119673083635259
0.275618584310604
-0.257090217201095
0.527890925864858
0.960114960554516
0.129680470530913
-0.658466030453391
0.566938086392498
0.420018967300365
0.102514700985803
-0.0104807511882646
0.287594888011921
0.830127804398268
0.491793023770733
0.344056175181797
0.812327388928973
0.614967140302004
-0.46713076930996
-0.22220376427256
-0.316778910768157
0.390341581372687
-0.754766868049253
0.850008118344319
-0.962537030511993
-0.405265299215567
-0.348000628105372
0.397542027737714
0.206350918923483
0.85933869614869
-0.150706538781133
-0.00740833160342663
0.189008933315961
