-0.636682717404684
-0.535986677543511
0.534895536305388
0.370298075305909
-0.373032670560984
0.190325862578205
-0.0845712636347848
-0.0433563880541963
-0.0234407602941168
-0.0307210821760232
0.623229322720087
-0.30229373724135
0.779342503539229
0.711788400969464
0.00663644492043027
0.466025011049631
0.512524440709405
0.297658142113802
-0.700495851597007
0.853670290813398
-0.998739381090152
0.327893925258804
-1.00154082725734
-0.453614082160366
-0.765919360374911
-0.510299042922722
0.524891472791263
-0.518885737659607
-0.182872971039023
-0.0138831190742785
-0.760998498013267
0.212263518778846
-0.136509536733266
-0.847049283501814
-0.614455984304176
-0.0847867276264877
-0.458439526629507
0.33643407647656
0.855918156267729
0.0934912135040324
0.852734195075635
0.0706275455758956
0.978083183489199
0.803757011803131
0.766421671071097
0.158139531356161
-0.171229439107953
0.491211928480853
