-0.0072655676300259
-0.233270877537647
0.871015075435966
0.86925521531795
-0.401885453786111
-0.832359931398457
0.888237139535562
0.529523500941896
0.242021831048042
-0.43219178208994
0.183571075529142
0.45558113045944
0.853141925541912
0.842608602795966
0.724679812144915
-0.732764351094594
-0.323108865904816
0.0857354851523817
0.248533435999555
0.163134667966863
-0.745740014662426
0.578599503222707
0.315009688657298
-0.691735191927371
-0.720923073966345
-0.920880663183522
-0.578739901926425
-0.558733349496114
-0.713068869597497
0.331880212209037
0.626015994771456
0.218990944760463
0.434205831379443
-0.344501694110106
0.723440629410028
-0.130473553958047
-0.700926980547438
0.737552210932018
0.567374912651881
-0.45248687765667
0.137059445194443
0.558872961694176
0.23596688145117
0.817202533860042
-0.722208652753133
-0.613615726294265
-0.367315190539257
-0.420028137081874
