0.92257040579065
0.813611254710219
-0.463316062347943
-0.72191197792879
0.302702961932462
-0.819084192538717
0.895930468913859
-0.586482076274038
0.0603230772211054
-0.0462412526256866
-0.980964202548642
0.681444532886797
0.801195489237254
-0.539705115145908
-0.904458685010627
0.930383285788053
-0.617437100355694
-0.62409560113336
-0.972284846349966
-0.492458093033271
-0.837077149604303
0.576271272740143
-0.437549187709421
0.392482418350588
0.79910420300533
0.379259726866265
-0.268354598333317
-0.579912599659356
-0.777825682945911
0.226076918693808
-0.849009475409322
0.0549478414830895
0.600154794346928
0.210299444572991
-0.756819340520642
-0.831101902985879
-0.148663050962035
0.654339808662524
-0.779700708873196
-0.488763536537614
-0.200682356279535
0.836720254506713
0.177719359375391
0.387579859446491
-0.123636259952856
-0.243085175554049
-0.765858312662379
-0.107294768104924
