-0.319613941890726
-0.0212665682651137
-0.677544836428204
0.272676160859699
0.0813717348016823
-0.117237732246214
0.928820379716205
-0.370342659964836
-0.867238311734438
-0.224102433242399
-0.590826397890586
-0.461412189689061
-0.152486497334567
0.942724843797476
-0.20624143640702
-0.129388084690391
0.811378775523656
0.243642385872868
-0.118083751892208
-0.229837161429137
0.273748372384378
-0.984872165690264
0.174114544357544
0.211381259586784
0.413004993977526
0.799691202435109
-0.857250972862043
0.381881464218057
0.17555934289927
0.914913760414201
-0.100561499368623
0.827349347091037
0.612585445660494
-0.399462059330494
-0.81147384888805
0.00799521640966832
0.104483141179068
-0.154524030986933
0.713198873429432
0.183382294777222
0.0933616818389349
0.0584963852424235
-0.0585249470382077
-0.690982601082536
-0.386122176681112
-0.727067120400457
-0.0044168744185816
0.735624924733987
