-0.765134279424307
0.891965302880095
0.802914530336158
0.436919050210164
-0.913725798071652
-0.542044290591667
-0.528863560513855
0.731168742957447
-0.68958632472437
0.311773597875851
0.664739234802008
-0.864718102497126
0.462436715936351
-0.94059531201458
-0.470279223996482
0.0281619871050562
0.0682407978947077
-0.548676617303183
-0.564693475186345
0.0145091412525149
0.0187258452608756
-0.601094417545733
0.211847769954672
-0.42498147268271
-0.987247179538429
0.232840885266403
-0.512646895054741
0.338833346413455
0.252056063175846
0.198047804572639
0.42305629986821
0.674392059834436
-0.72040996581043
-0.358485870679165
-0.990121355130051
-0.812029161302745
0.790043652518431
-0.725624811192889
0.685944646836776
0.203222376110736
-0.70187163159342
0.490791100585178
0.947908291384157
0.147068783014758
0.17102309587342
0.508566352628032
0.394697542431078
0.743167378703123
