-0.138328421228681
-0.895542441989787
-0.672417647417602
0.340620039040183
0.782284456754426
-0.521822842296852
-0.999734912909109
0.53609451990512
0.996519089765664
-0.395503848172002
0.244904094752579
-0.302272139580387
-0.165057836852173
-0.309143676824704
-0.800549961601686
0.10302098230792
-0.562086204592642
-0.240412019258972
-0.406799033022002
-0.455660912986202
0.265616334203868
-0.483692193412781
0.386835081072896
0.0391834328131706
-0.247221126662146
0.560154244706765
0.104543650160698
0.13309575957615
0.950126937788027
0.515915708428051
0.319740267589059
-0.310553722161268
-0.312623540503824
0.751868337527597
0.354161160919888
-0.921019202470071
-0.355130868068615
0.80685777447351
0.174820765983562
0.0951640445982091
0.621573368516769
-0.391659489933004
0.842356217039013
0.929029610091667
-0.869377608357649
0.578689098417089
-0.465658558506744
-0.370375671673095
