-0.0543148121701128
-0.585725034399788
-0.255673578036926
-0.400690433750867
-0.3529980607904
0.333544880502467
0.449017596476659
-0.987506228340207
0.759831326142009
0.418030861529403
0.000765980198801463
0.335304039923884
-0.952237422769664
-0.690649042047862
0.375596172899799
-0.920602959198884
0.890744038069734
0.691954457213947
0.359062641670258
0.275133755885103
0.496007538075981
0.0794097105522284
-0.861351655114004
0.619946908743074
0.979542122840396
0.571098179633076
-0.286731878350149
-0.832086443745144
0.777553583465752
0.0458523229753641
0.252461935446688
-0.0293088564968094
0.871206145591967
0.561755927597654
-0.446150962144079
0.430173384655045
-0.752981747047167
0.393594021073319
0.214353903304397
-0.745798447347844
-0.00734360110595134
-0.377079561033356
0.125112194427436
0.131668039956695
-0.211310807815757
0.223308609468646
-0.0288737249467306
-0.804044161664576
