-0.637613143051524
0.00712752263450871
-0.279344101668503
0.0634395231244984
-0.473973784102651
-0.312864266213057
0.373811131192881
0.317701464864918
-0.257175139144249
0.616873394713541
-0.194489386630164
-0.017615796516757
0.160051940240647
0.804153147574183
-0.603075101025406
0.151631623155473
-0.839660022503286
-0.0262034022566187
-0.591173715503138
-0.212983476162614
0.917513843912087
-0.869070856887379
0.454302358157292
-0.07922834192971
0.472138651453874
0.638116859637099
0.250843797342967
0.740315562887575
-0.198988644322372
-0.51723907253859
-0.887461700589436
-0.839831709976514
-0.111530558966361
-0.297820263738549
0.408670437329928
0.943829294826459
0.540075611150675
-0.849461571840432
-0.721081804155102
0.17452223683044
0.357415667919702
0.359205547205863
-0.970489003295936
0.46150305098756
0.870664761829325
0.709110989634707
0.545944936963648
-0.159583408833103
