-0.530428196515411
0.51218096034937
0.168546389404089
-0.463298066196341
-0.930889720748375
0.950914404539635
0.826028997290135
0.973863066277409
-0.607037211978472
-0.162462090587844
-0.968027295048099
-0.815459910268931
0.525682773112534
-0.851792545994033
0.553296194458078
-0.958839794197579
0.0103861368627129
0.916757271715874
-0.715207359879856
-0.508403581613467
0.0810990259512566
-0.124012666005944
0.124498122300101
0.37438647133879
0.957564240724871
-0.238500057885006
0.505876734155309
0.702575334640706
0.0883247882976454
0.841292446731413
-0.4348770880465
0.482649806239101
0.353810868317395
0.671755666937246
-0.132985958330071
-0.258878035976941
0.969433951362058
-0.68543726178635
-0.167801909292815
0.372982101720093
0.705515691848068
0.347726081250032
0.755504028263057
0.317938003708102
-0.147535355818338
-0.836365673908558
-0.453626531034732
0.66714411197966
