-0.295582688194578
0.450428616340557
0.618525953328569
-0.908806918746529
0.153110467060502
0.335954256880556
0.174137562136026
0.751370096409584
-0.570155716801323
-0.149590621315147
0.863227677929888
0.0652482318535258
0.19136925264869
0.0272713359657182
0.0166690772263482
0.330749922359054
0.186349410338417
-0.313497670168684
-0.587528680113049
0.486042956272066
-0.139481848353302
0.43798120653606
-0.898286250653719
0.216997734399223
0.476503054027026
-0.0734457019141173
0.544745016430288
0.91641862691266
-0.563818924402703
0.230773297334258
0.505418367687984
0.647269975463366
0.823858709846017
0.671975945673888
0.889354977775312
0.937299134548704
-0.224164511296697
-0.396863927449342
-0.845576384146305
-0.91540474476688
-0.607582595899486
0.33305295054049
-0.842188963961669
-0.0793722918009657
0.3334295681752
0.396391509371464
0.144835074445144
-0.864290380908547
