-0.39916518656402
0.223326434778137
-0.293123459995024
-0.761736142417403
0.322087796022105
-0.16209083502841
-0.77894922585932
-0.37986200544012
0.68178541897515
-0.472603794559623
0.761987401438562
-0.635304137733287
0.105016109553613
0.993914099202256
-0.764056213501474
-0.744553065811996
-0.383082181659386
-0.600754302116082
0.331182233987252
-0.0934592487870824
0.840320681217653
-0.375582001158572
0.536059864627342
0.570195782040585
-0.683500526403846
0.676154473492214
0.429070998678615
-0.866461396230197
-0.446203933776664
-0.914061918954038
-0.210284477731963
0.761666169065155
-0.400980739647527
0.72549764857781
0.642199835009456
0.822479902165499
-0.406457385660499
0.5527990125378
-0.959273697637597
0.104451335901133
-0.463624953182408
-0.174139134586567
-0.864114829089612
0.293717244981198
-0.685846539696175
0.716508909279992
0.813718172659446
0.0135032381752189
