0.387561709472184
0.439975903485685
-0.329435348506305
0.10526200212938
-0.00916417378558165
0.217264151957363
0.97800152930147
-0.39977076784792
0.850894548007882
-0.252967926444806
0.552034581211953
0.60865875581388
-0.0475816459668977
0.61337736441602
-0.319976229668464
-0.696300733308124
0.926051872349905
-0.284853321439485
0.665115991200564
0.644878534112584
-0.594337422202963
0.368628914290778
0.211379240246956
-0.812980014927213
-0.539918752483802
0.269160593678666
0.940140746974557
-0.242534680679795
-0.745964502346035
0.954042605845305
-0.489784762566877
0.82325487040005
-0.0314520343383222
-0.38011754001216
-0.380180528714171
0.45238444512748
0.130193139334188
-0.55351524042974
-0.0680507938645355
-0.30010373196592
-0.424805296885159
-0.532507102997454
0.216464149534774
-0.129136599684336
0.50138720108289
0.887728704966833
0.277330899410916
-0.658352582528661
