-0.697756427272258
0.653621101214003
0.962209004931949
0.679944546441567
-0.0791035934022248
0.600006393597256
0.965739590188531
-0.504042894912158
0.191073233734934
-0.688991732748494
0.43320859580581
-0.0415747560087322
-0.516258800411952
-0.10997724639208
0.35737061522768
0.272744708680964
-0.161236673051143
0.2620208977835
-0.927793291472073
-0.536996865655203
0.794074172046347
-0.286053561547302
0.742608971753581
-0.340732666854149
0.982152799772396
-0.696222798780696
-0.750880442276522
0.716381830317746
0.548090748245905
-0.676411764695206
-0.868389172642221
-0.816639949916362
-0.836834820967335
-0.0456384448479648
-0.663694075882005
-0.593421140845654
-0.0810414325724817
-0.901311941455969
-0.190216945706104
-0.402582503451204
0.917786894417295
-0.778943453205294
0.187542814502717
0.214109939470586
0.00842080689927468
0.743785002965777
-0.719355636685182
0.99787471117074
