-0.987851906936064
0.648143786321381
0.418699323579714
-0.754629983758925
-0.672683001899915
-0.666905062616812
-0.731503194242352
0.404257579839939
0.0900786848374107
0.524697005050533
0.547781997778619
0.814164133642739
-0.847827082161391
-0.916801294965307
-0.772004270702024
-0.381618265649571
-0.799682967835711
0.284546114543819
-0.949331909791149
0.748570239885417
0.297792257232111
-0.594975270278203
0.0576803717128305
0.165603108650981
-0.196387025471729
-0.856260448805907
0.711843273895504
0.812900038607938
0.175898253224408
0.114595268730907
0.556573379409602
-0.128167370622109
0.0470743462368082
0.888213857728323
-0.986004048610838
-0.630471795407966
0.958900162532475
-0.256121265105666
0.261886775262565
0.50332784281241
0.859015847587864
-0.371638337003964
0.263202134579684
0.293049260240227
-0.777848227510843
-0.195249839122391
0.452517874444653
0.686341305566109
