-0.454904743511645
-0.0463362774964507
-0.226507617221247
-0.301543789723414
0.828657800487746
0.699821008485971
-0.966213125081968
-0.169799630470816
0.526591211815766
0.611015032285506
-0.239403552823451
-0.787586671319409
0.899200669721481
-0.32162158099391
0.790268615167094
0.993231343410155
0.603523740211402
-0.165705024264647
-0.51218744051456
-0.553158041047152
0.518920803200135
0.564305075741905
0.262776088090778
-0.404185714350135
-0.396993025739658
0.115978184476437
-0.563303493665919
0.8060957467384
0.96697777093877
-0.612418340457661
0.760223074486602
0.337944846265598
-0.0127709636269334
0.0125576422099771
0.869405236630262
-0.489720540973429
0.249561210036444
-0.0160139821586454
-0.313218727400455
-0.241627760164707
-0.330628973088589
0.809794016824982
-0.0478798014469191
-0.959392351836052
-0.410274176340577
-0.930137456464053
-0.13313721364653
0.298716721161784
