0.786774452274963
-0.652937764159232
0.349961938463258
-0.832599790018667
0.022211807202724
-0.515825042433195
-0.835518533557457
-0.655838252953141
-0.069248448300797
-0.40879914108202
0.771496570243854
-0.599899499212284
-0.820559704378193
0.790545585191654
-0.696824212431288
0.957219527509693
-0.069464899514046
-0.732067788643632
-0.394907377395403
0.723390017437471
-0.0719207797027789
-0.728110555550562
0.995291794831926
-0.358026042306582
-0.964075517388811
-0.838075993903283
0.693067765058946
-0.222140602876683
0.0647669180171301
-0.493911888749978
-0.471678592166116
-0.748831462881583
-0.479838825688455
-0.276230467807668
0.541634836830617
0.328752450346503
0.824932735195454
0.954899191226738
-0.563787515934851
-0.0622829650914185
0.0574237967354703
0.168307776365435
-0.782847222432489
-0.945262504789004
-0.645815491114599
-0.476122786755924
-0.0722446953422007
-0.598804894917298
