-0.207685434513772
-0.656407477115327
0.516517387582097
-0.983643395038746
0.587080872514334
-0.10454581862812
0.388780994853887
0.0993389931821014
-0.512165652736958
-0.550392329818587
0.198047949589511
1.02718900324412
0.319479701746116
0.184837347606012
-0.274750677466214
0.479441214226207
-0.3215458095987
0.327453338500432
-0.714431380073927
-0.309709682728353
0.383189167834439
-0.859192234946034
0.387227096391303
0.774199314645761
0.536904227916605
0.0406695677585992
0.434950698910715
-0.384612280768974
-0.974777442948814
0.841190895529018
-0.256296838327055
-0.85232927907333
0.196739800431975
0.389284842868741
-0.871646119659339
0.774088586793405
-0.00840336087222487
0.75126501782826
0.486307873254047
-0.487690610951783
-0.901674966613668
-0.34256708556004
0.2696052895574
0.351914403404337
-0.774213705492767
0.198256619755357
-0.199429198781584
0.450494686996746
