-0.728495296212931
0.853247392973222
-0.556889870488826
0.726908406265448
0.384343277062366
-0.689015712463974
-0.0400162168604867
0.348792651792861
0.175161997445678
-0.340885270464675
0.42041383537488
-0.0201930948733593
0.919852417104959
-0.201167895894179
-0.511717338038143
0.660830617469567
-0.79656693102073
0.548502817024911
-0.728765220364134
0.342280042174229
-0.372176176532658
0.397645104826228
0.106615722809638
0.294995145635664
-0.519715141188462
0.228386050563589
0.680925376234035
-0.106597566461448
-0.575106174452981
-0.40713555173354
0.463652753368385
0.236513352885998
0.815034910560586
-0.3245677732331
-0.635417695869398
-0.450138014783877
-0.641882465822327
0.447004662191396
0.0695477402963127
-0.364631366720715
-0.446331052920999
-0.0293062400254159
0.817556358798434
-0.0804438343417506
0.928241191894875
-0.727386988729158
-0.171099300422598
-0.780153826240494
