0.953242651106819
0.887699286782968
-0.61994438190657
-0.666017668939161
0.511132253366992
0.554529038258324
-0.221399333058476
-0.486877018355531
0.601824518055061
-0.239606499983501
-0.69121939556425
-0.692371738724479
-0.716408496518687
0.81727411835088
-0.0264028683093089
-0.143044812732298
-0.809438245981389
0.750422050762958
-0.104095692504707
0.198166211642255
0.630888011616147
0.786787563261323
0.0442003872119443
0.485685099518549
-0.586923159183515
-0.694848694190963
0.605857061637274
0.777211185943133
-0.69305445967707
-0.59800822905989
0.839892637948396
0.337687461384591
-0.837862884201928
-0.0105456584572505
0.710532140826419
-0.240117558541112
-0.735739058177508
0.507276814785357
-0.726739314342387
-0.707895816405165
0.0466106394825709
0.634674507568408
0.73993783637881
0.0229605914147564
0.849852420417865
0.885264812365934
-0.650442671437037
-0.251279723813923
