-0.203012926088802
-0.803075950793645
-0.619508381089979
-0.119093731724839
0.393834224164912
0.141435214445581
-0.734592676047484
0.824232070051974
0.118942707125951
-0.387888558579043
-0.665153232848998
-0.742276424434711
-0.828202724578569
0.696995546470066
0.0717794322596544
-0.314260256601665
0.618024498539563
-0.181582368488778
0.188897394464803
-0.758168588604995
0.938085193521908
0.496361798345512
0.856303334943635
0.314350859352348
-0.355750177306646
0.758073883853343
-0.414077488054361
-0.536555084148062
-0.124848294150764
-0.699651027718724
-0.0630950131405764
-0.0987045630808121
0.997512566886929
0.411308277576675
0.543178090837473
0.342738015086701
-0.672999440469387
-0.86392768552415
0.579794599851058
0.0215828292986564
0.477035141079934
0.385528530552391
0.564823715867851
0.247597246928766
-0.0412107483326493
0.124413264967951
-0.926109106036904
0.592043807526744
