-0.197599186324509
-0.697002852036499
-0.702750814853345
0.450978110814705
-0.993756271282597
-0.320809024412606
-0.925691293326237
0.961178711106095
-0.598715353346304
-0.402972150258331
0.076121253196468
0.34903630771663
0.241220426170436
0.315151231396495
0.237908030159208
-0.194989738316717
0.0384091240216984
-0.810779935527352
0.474250564854539
0.612379291467451
0.333180406931585
0.546341357417329
-0.43389377871177
-0.481678515838365
-0.31809751189792
0.119462117453969
-0.23319129220697
-1.01289575188553
0.742672519696488
0.135668655880259
0.904233743162909
-0.672552088152626
-0.31666960502765
0.417458279143283
0.172812072720636
0.961795186238368
0.741039673890037
-0.372932368985189
-0.0365724392133931
0.317199076851664
-0.228943436917327
-0.810799909865678
-0.145807484623481
-0.804271154053191
-0.0735547649108577
0.428468015912738
0.898952033301256
0.568882826222847
