-0.366012248373108
-0.0881306345887848
-0.88365095203602
0.807982108750025
0.315983840193896
0.410926136254035
0.677895569669549
-0.0850288226986753
0.473618343740339
-0.62076354564405
0.0683827966112867
-0.158207389089061
-0.229787352665783
0.924924073269936
-0.470946565276619
-0.943204345863765
0.430025586460556
-0.732721540092096
0.87135713764648
0.0318784653244354
-0.057359345313218
0.761119019155961
0.653221072768758
-0.398377577940888
-0.667587279081523
0.138809751218251
-0.203227473696217
-0.239479305166018
-0.170996149164537
-0.742925776178761
-0.00802786081501465
0.82583325730541
-0.562380282889081
-0.669384772385863
-0.189684959619432
0.0413424309255429
-0.728190971649025
0.276264254822592
0.0588548424307646
-0.188886390508313
-0.367805179096135
-0.979171071187618
0.244160216919561
-0.00546647453620015
-0.639028329346113
0.529852916171891
-0.135001453038354
0.00905476377563549
