0.570985166149949
-0.906871921898963
0.196512149474041
-0.080639239197323
-0.830155959148634
-0.0605619194346349
0.434511770244727
0.402414366255199
-0.73347986415567
0.584081771955618
-0.962707030310063
-0.270615221049315
0.203696693248224
-0.530858317439025
-0.360750726675719
-0.155033889243669
-0.911763840009383
-0.0908003402469542
0.617391025475849
-0.0310652833136569
0.774958655891908
-0.594140968247553
0.691426119086922
-0.560248453852385
-0.742973303532334
-0.626808965130729
-0.887872280100477
-0.320516485109672
-0.516753201006875
0.0773649187934484
0.519139179425735
0.965748629642339
0.385964684751167
-0.745958944849318
0.645438054546794
0.884712800709441
-0.14950908857476
0.718327146247549
0.438277661328117
-0.00156982968656627
0.148206027899936
-0.993261613147159
0.421768553820534
0.0631873946750667
-0.62734074178688
-0.571843487497283
-0.788389417502488
-0.0982452394225894
