-0.586132376164178
-0.0998658481656682
-0.676592363464162
0.606836425047986
0.0834461301731428
-0.683409093720419
-0.625313907029943
0.398300226635069
-0.616660647852417
-0.417269223644702
-0.813361699715787
-0.368119711279964
-0.445240366226073
-0.0115144400763913
-0.608901882706391
-0.272843190588312
-0.169708635845355
0.796137844126232
-0.0282401004150448
-0.310571016761508
-0.892524404355183
-0.953409528335692
0.646330821644829
0.643806825479144
0.124535805180815
-0.357016184557297
0.750248964408663
0.268020155064665
-0.245927755896453
-0.572238129804752
-0.748017190269164
0.663074250619129
0.340080857256459
0.788503558525957
-0.590221757840496
-0.794709956817205
-0.552829227168734
-0.676707643904533
0.508674735158638
-0.454879175250703
0.530863535541411
0.247119985756108
-0.820136374600754
0.58267524282958
-0.874247488213603
-0.553992549990973
-0.293855325280712
0.315377331516173
