0.685556956034278
0.897012994492015
-0.332007612400146
-0.521431690469126
-0.134122745952276
0.817074179646371
0.748533107448034
0.160360679751153
-0.370684247930542
0.773209671461911
-0.246692745820705
0.191744079834201
-0.412071634041923
0.762370193838842
0.0362662055617255
-0.45689856179535
0.0638085571779512
-0.0629390491691439
-0.683224260249763
0.519570626672967
0.71464236354183
0.19231835948006
0.555072562907087
0.166244108149894
0.82962980774399
-0.123609456892781
0.0401232668049559
0.922600417245398
0.378221778356546
0.633458679285811
0.480163012896908
-0.508558820038395
0.76995632762924
0.107868235937783
0.154976851819025
0.424552916325602
-0.873286378533973
0.601166178105155
0.470655466766181
-0.265588596737123
-0.432675754182003
-0.00637330017796929
0.853695092652003
-0.41922344334855
-0.506096663033655
0.641771947395419
-0.603373130657205
0.38398281952812
