-0.974953221870534
0.90632244988899
-0.897154659105322
-0.900196933962812
-0.978478902589379
0.145577343251522
0.658352241409923
-0.6004663394851
0.727065764266388
-0.0601025897415186
-0.339135847990512
0.592136332575221
0.221541535920308
0.735847424151385
-0.716772043027568
0.665291568425418
-0.295339666556472
-0.706452521937499
-0.641006958925495
0.0751444816491418
-0.966422724596867
-0.945628996964304
-0.778643006165892
0.457623234354908
-0.949016052738392
0.287711663244303
-0.0122836493870218
0.979847013873565
0.725165203245878
-0.42682894042874
0.380674624090343
-0.586018267570564
-0.940459526338273
-0.721972939183848
-0.848006570175072
0.167017844633766
0.402714339286299
0.160561597406834
-0.81492276086161
-0.690502320727354
-0.353807187925906
0.825188696724867
-0.76383736344751
0.874825381473199
0.572710670276043
0.645664360845797
0.251511456467795
-0.715103326638138
