-0.158739753419843
-0.374615091483901
-0.404459385889396
0.30845326472448
-0.868929323791552
0.600397369722237
0.665830731733464
-0.178876266762855
-0.961886839330431
0.107446549013206
-0.13610801268441
-0.433165055175808
-0.689088405156742
-0.140902653086993
0.479089228487878
-0.733910833080757
-0.159631985917371
-0.643799290685478
-0.586312280153006
0.477462067720349
-0.824455524124136
-0.769968516338268
0.161411924401001
0.582065273494088
0.260459534513018
0.109132363689295
-0.743453456599692
-0.474994034989652
-0.677628216162497
-0.942007645046002
-0.117703375976869
-0.964776767092151
-0.145581859422107
-0.568003983782805
0.486825193818466
0.897079747335902
-0.636843707635853
0.43902667521487
0.853979825511761
0.0867656301535116
-0.265405924185913
-0.16040541820786
0.846513809772847
0.116582506176582
0.253426790972362
-0.986374589429854
-0.130575634296891
0.727735268578203
