0.630216162730568
0.985499807102307
0.585091981439572
0.265114518304006
-0.365805311780287
-0.947403129442726
0.985161403233886
0.966506678103557
0.269396195491129
-0.690754679509021
0.670314407823971
-0.217995434469252
-0.490559014701901
0.646963776970549
0.410949312420939
-0.171248112985663
0.0278323218805786
0.335673153484118
0.354317760388449
0.60099972153746
-0.532111343558897
-0.251106168124382
0.63673168851944
0.801214690211259
-0.525036775795841
-0.200719713063744
-0.781419637796052
0.0907286838184779
0.618186058253668
0.610822942781501
0.860572519256281
-0.860503815474665
0.153850045499184
-0.172639872723693
-0.840486980540868
-0.320626513334068
-0.0352398588698442
0.489005231102753
0.813463344827181
-0.684805648989865
0.0205761855146349
0.115981361438188
-0.816601023320202
-0.80795104093503
-0.595521498676818
-0.0926954546425383
0.781739353301616
0.823815933632694
