-0.711833852615092
0.747801074816482
-0.298451414575451
-0.43499658992522
0.594450422904519
0.49972382313126
-0.13179743768127
-0.15752560694199
-0.0827260177526592
-0.125835037766213
0.0795018257123693
-0.250169195466268
0.0205230711036482
0.341900715484323
-0.690158182831148
-0.0179729982438443
0.984787866429414
-0.349967233695653
0.197066676248547
0.591911273693109
0.344988170871342
0.864041188135005
0.361487410253386
0.289942458308213
-0.165294741865797
-0.885836083269751
0.0468758546943246
-0.153459739430901
0.473357338650941
-0.267140979479631
0.0928230957729857
-0.621674438704533
0.059950543592757
-0.245653685025113
-0.119898859422975
-0.602038852694164
0.849534889703729
0.703292655980666
0.189035245932084
-0.355046080863616
-0.520445359623843
0.302295576111514
0.742251383093381
-0.912732881241066
-0.450154673937401
0.278981923338342
0.345555138151288
0.505858154635147
