-0.673085379506496
-0.249628251119723
-0.342454989122973
-0.516231281857878
-0.559390220289262
0.431812253109071
0.73098129962552
-0.986484435078363
-0.00126633593629363
0.499508615322936
-0.507763884128885
-0.201516645216616
-0.942169502394157
0.490621246792789
0.350459476354353
-0.369225499450178
-0.441342201603216
0.246139029169434
0.309662957499497
0.313518288422646
0.479671967861472
-0.696369974422268
0.169236309012009
0.077590022490299
-0.677332683786094
0.486943221774521
0.961436949613954
0.575673216385904
0.333133413519843
0.329985870698457
-0.699929092457506
-0.425165809906059
0.704845258128794
0.895503569668771
-0.860999390441317
0.36493924059637
0.329091106380065
-0.731870665641875
-0.912672868275667
-0.295186617613824
0.111468523185749
0.439273981291681
0.915398645739154
0.975836292332877
0.432945017292382
-0.0520488449190651
0.856472198366704
0.171711054781138
