-0.172929052566684
0.663156525458048
-0.114967402711574
0.505821738043894
0.620639271993239
-0.716795119546538
-0.162992417760574
-0.338636603329401
-0.0222995463177203
0.731057621506893
0.727346146507147
-0.655052803028784
-0.540618061537924
0.950039815167516
0.594512513323011
-0.332688160891908
0.366897466296021
-0.830234443857433
0.741444905430269
-0.508999912656134
-0.652291287023835
0.176365773876145
-0.423620297964741
-0.564093425053677
-0.737070424431286
-0.221673672842807
-0.837842385332217
0.93864707421313
0.889632717997611
-0.479116124147433
0.490968350241229
0.884139328141483
-0.586075713388858
-0.060804922766392
-0.166812340222407
0.12635199926449
-0.432495116894977
-0.0730806553510129
0.280451886647854
-0.247572162579843
0.775936519111833
0.261209357704067
0.781548012178474
-0.287031687440785
-0.31827350407257
0.977518390497546
0.543744038043201
0.24570129739262
