0.204288444207413
-0.243247396982076
-0.693061184400275
-0.216636965161218
0.943204904674763
-0.151060026840745
0.825299356022695
-0.739408957335284
0.255504581219857
0.164937337741008
-0.00564070844088382
-0.746847372525637
-0.80225938742828
-0.56353547253205
-0.166457898161098
0.00735237241404807
0.765009891569224
0.798959530286352
-0.53604758345102
-0.936121026551939
-0.731225403450189
0.466182451090551
0.518323136602257
-0.244505404600957
-0.388373071837929
-0.738932842096741
-0.287270809284831
0.609685373176071
0.782542322763991
-0.90171018113325
-0.957611357474699
-0.471279410316651
0.304410539766137
-0.315314182625385
-0.787323487894155
-0.747670066854009
-0.923360585724454
0.160929607427327
-0.395652470315216
-0.440382535456723
-0.626523727853509
0.329938535818973
-0.147569149255483
-0.61018555829723
0.259635736758182
0.480235480805776
-0.704529026763288
0.110089675200805
