-0.651408120530597
-0.965039569571367
-0.227248310253109
-0.564227498965573
0.329282713673087
-0.0813352675480836
0.495635530223761
-0.511643917812956
0.286633237434347
0.189333114679942
0.213053545337211
0.0183567980787191
0.507162940395124
0.693195804234664
0.32056053035737
0.19267163155276
0.87364265725718
-0.841899488835632
-0.205158345801414
0.897859609039315
-0.942427790140668
0.338743548462642
-0.498146346991717
-0.0331740590563807
0.0396738811925148
-0.638002371243576
0.703233837948408
0.134436354479544
-0.452080625227783
-0.702795103137626
-0.674264171973295
-0.742535473311331
-0.633401359961463
0.523195965565182
-0.93975284212942
-0.149251365246895
-0.280225553291991
0.144924332631925
0.660882278412492
-0.637497553447433
0.923992416927297
0.49353489694487
0.996336542569335
-0.531444289694293
-0.202217605545687
-0.33692008827819
-0.949746133623281
0.764673123851324
