0.312757583497082
0.953341089921846
0.331933048611546
-0.602992189521661
-0.099326752051702
-0.125042539798963
0.560290058095648
-0.392885130631469
-0.194526842307946
-0.186247707237286
-0.792916891080882
-0.126718573002513
0.473606581595864
-0.961349365474077
0.0153198484697753
-0.187166220545487
-0.606422077610596
0.176603668643559
-0.968281751530275
-0.631318737694957
0.305673982373335
-0.00584434973352143
-0.597388954370898
0.752444394054746
-0.879952688169529
-0.140464096886786
-0.451301522545975
0.865963114287676
0.0278146947349388
-0.581412139774977
0.750408144336675
0.96420232564648
0.572520093553915
-0.0770363628771096
0.662999824468325
-0.573434480267879
-0.444464718246338
0.111735466012016
-0.203492080635925
-0.421071037784144
-0.573524149759082
0.175636696003984
-0.493917425037059
0.96192013583531
0.0836127232243667
-0.774500900248829
-0.0594998698359091
-0.835811666330006
