-0.07718935
-0.07295159
-0.08347655
-0.010256
0.007640859
0.06929645
0.07436224
-0.04274485
0.07959209
0.001353192
0.01583506
-0.07927018
0.09255449
-0.1067234
-0.06490705
-0.07062099
0.1025537
0.02484848
-0.003184853
0.01011874
0.0428653
-0.08053149
-0.03051926
-0.04664005
0.08366505
-0.07328855
-0.01926967
0.0435974
-0.02359244
0.07207403
0.07761558
0.04280115
-0.04028333
0.07570866
0.08053064
-0.05414652
0.09522735
-0.104011
-0.07846829
-0.07257117
-0.1078055
0.0001950275
0.08100621
-0.04651219
-0.0491614
-0.005078645
-0.08720341
0.03952578
0.0829159
0.09110463
0.1003258
0.07878274
0.08602882
-0.002271814
-0.0582357
-0.02719161
-0.06824218
-0.03605903
0.004890516
0.06256907
0.02233594
-0.09405906
0.03841637
-0.09682182
-0.0526576
0.1059048
0.06664132
-0.05428503
-0.01995248
-0.06953745
0.04532879
0.07921714
-0.03324838
-0.04418376
-0.06041642
0.08982197
-0.03065385
-0.00193575
-0.05944045
0.0426459
0.06700488
0.01218835
-0.05230806
-0.05847922
-0.0515407
0.02585837
-0.0889367
-0.04031705
-0.04853873
-0.005774612
-0.09404505
0.06089612
-0.04712463
0.09424038
0.09003641
0.0163184
0.1040712
-0.05168265
-0.02658103
0.0611272
0.1024885
0.03477432
-0.08837976
0.06075073
0.008180133
0.0522285
0.1055037
-0.06927137
-0.08495263
0.01021656
-0.06380999
0.01858291
0.08040253
0.03140177
0.007279613
-0.06056241
-0.04321573
-0.02874561
0.07114471
0.07050547
0.01590096
-0.106241
-0.01477696
0.03241213
-0.09693454
0.04637275
0.01595609
-0.08703271
0.01388408
-0.07489293
-0.009826677
0.04894288
-0.0336536
-0.04384295
-0.1000133
0.008979419
-0.06096136
0.1018966
-0.09799671
0.003368164
-0.1074995
0.05875584
-0.07463068
0.09009635
-0.0272976
-0.002149933
0.08642364
-0.05383255
0.02041776
0.06870611
-0.08370058
0.007727508
0.06942854
0.03066734
0.01664483
0.03852883
0.1009611
-0.0964473
0.09101468
-0.0436713
0.01922203
-0.06589909
0.02427482
0.02952089
-0.0499788
-0.009929716
0.05789503
0.06771289
-0.08039018
-0.01466977
0.09810267
-0.009767333
-0.0899706
0.02669062
0.06957195
0.03229236
-0.07668643
-0.03099803
-0.0048025
0.01336199
-0.06884217
0.05938639
0.01507037
0.107095
0.1063883
0.0950643
-0.08359206
-0.016206
-0.06242052
0.08462156
0.007961086
-0.08577229
-0.05354293
0.084452
-0.05230091
0.07565162
-0.05803946
0.04792088
-0.07500426
-0.09250763
0.01665856
-0.03356713
0.09423591
-0.09937746
0.08423737
-0.03637173
0.1053027
-0.05389284
-0.1006487
0.07991808
0.02273123
-0.004258558
-0.02302436
0.09965332
-0.1012492
-0.02645323
0.04343983
-0.06280709
0.007286084
-0.03031767
0.04615255
-0.1067509
0.03021878
-0.08091829
0.05944004
0.008088864
0.02017247
-0.08242137
0.024212
-0.002313706
-0.02627217
-0.1057788
0.07787193
0.08471799
0.05508278
0.06491195
-0.07933617
-0.0487978
0.09461181
0.1072966
0.09778792
-7.378912e-05
0.0281835
-0.1043443
-0.02767788
-0.1062738
0.01011468
-0.01678461
0.06041159
0.05830885
-0.0761512
-0.07569435
0.007885463
0.01330572
-0.0406713
-0.06396335
