-0.08142123
0.06032087
0.0957676
0.002554619
-0.05881227
-0.01994647
-0.08040367
0.09055492
-0.01514829
0.05001587
-0.01375254
0.02066678
0.05803773
0.01408583
0.0895521
-0.03719715
0.0773034
0.06866802
0.0827307
0.03773271
-0.06393504
0.09679686
-0.05545034
-0.0605499
0.08157424
0.07143954
0.05266147
0.02537004
-0.05847113
-0.03372145
-0.04103188
-0.05226976
0.06789615
-0.07671899
0.003440243
0.06135358
0.01575948
0.06766272
-0.05469129
-0.01491122
0.01056051
-0.09218021
0.04357642
0.08719431
-0.08594738
0.03253779
-0.05352096
0.03253916
-0.05891866
0.07848805
0.01147011
-0.05690697
0.07002745
-0.0519313
0.01454354
0.04099371
-0.01334979
0.09857482
0.07485399
-0.03902923
-0.006056017
0.07187175
-0.01745901
0.09028739
-0.07620101
0.07903048
-0.06948735
0.02787336
0.05848211
0.009113589
0.09750641
0.04128236
0.03709876
-0.02326308
-0.0239258
0.02326184
-0.001759923
0.01790948
0.03769935
-0.1074103
-0.01804303
0.104733
-0.001781457
0.01790302
0.0290782
0.08269373
-0.09476644
-0.04630312
0.01011468
-0.07053611
-0.09613563
0.06134741
-0.04223681
-0.005978544
-0.05389721
0.08304866
-0.07478694
-0.08939001
0.08059989
-0.1059381
-0.001739453
-0.0226011
0.07797638
-0.09977058
-0.01081094
-0.002179048
-0.07262769
0.08218344
0.04914986
0.1013669
0.04288616
0.04232624
-0.09762082
0.04808466
-0.07285527
-0.09854536
0.007415453
0.03267992
0.0954867
0.08207987
-0.103356
-0.09745691
-0.0543577
-0.1075215
0.009388412
0.07967678
0.05933502
0.02498374
0.02203822
-0.03059164
0.06600852
-0.02474138
0.1038384
0.0738941
-0.09499344
-0.05089816
0.09238297
-0.01536919
-0.02791016
0.01194724
-0.03337494
-0.07606237
0.06848199
-0.02273581
-0.07976162
-0.09730924
-0.00727511
0.0319503
-0.0950488
-0.03472903
-0.05519075
0.04931788
-0.04637957
0.02289354
-0.04234312
-0.02430105
0.04400449
-0.09108308
-0.05522391
0.04040059
0.01872743
-0.0812782
-0.02910963
0.02034511
0.02787562
-0.03507772
-0.07844595
0.03742424
-0.02731571
-0.09896397
-0.001143414
0.07664346
0.05029163
-0.02781138
0.07401913
-0.01755439
0.09016282
-0.03209759
-0.07135525
0.05636779
0.03111495
0.04483536
-0.06363384
0.07846612
0.1002604
-0.04624349
0.01133606
0.0229872
0.07104677
0.00247175
-0.043169
-0.1069769
0.1059771
0.06130164
0.03567687
0.05619371
-0.06242084
-0.1009672
-0.03874839
-0.06077479
-0.04719988
-0.09978253
0.009248837
0.09471826
0.03725437
0.03681222
-0.03188725
-0.02458054
-0.02174687
-0.09410324
0.08208126
0.06426203
0.04269231
0.007401338
0.009480538
-0.1037145
0.08247133
-0.0449294
0.02912724
-0.02565264
0.07622524
-0.0687831
0.08123999
-0.04381996
0.08017736
-0.02990281
-0.09967745
-0.03503566
-0.06384519
0.06370769
0.04060092
-0.06944712
-0.066188
-0.1006852
0.06185891
0.04059422
-0.07168753
0.04362696
0.004609852
-0.0272572
0.05511287
0.04849382
-0.06045914
0.04953299
-0.02412664
-0.08237409
-0.09904585
0.04525064
0.04338475
0.1078202
0.02776402
-0.04212776
-0.02129886
0.0149203
0.0363235
-0.03566283
