-0.1027873
0.04507113
-0.004495274
0.05216367
-0.07242858
-0.03730235
0.04457983
-0.0956235
0.01799535
-0.1036516
-0.02487659
0.02023721
-0.08866154
0.04528086
0.05623389
0.06008061
0.03972653
-0.06000751
-0.00607476
-0.02278119
-0.005006658
0.04136841
-0.007639116
0.04492633
-0.06153332
-0.05307384
-0.1012288
0.06260543
-0.06393354
-0.03950183
-0.02282501
-0.04003904
0.0710597
-0.009384168
-0.08387463
-0.08779891
-0.0002801853
-0.044935
0.01818505
-0.1002283
0.06272602
0.05010135
0.03785527
-0.05605899
0.03668816
0.07996286
0.04476739
0.04727589
0.1052437
0.1034273
0.08345573
-0.03195899
-0.007995026
-0.06288308
0.003888445
0.01905303
-0.001304423
0.07347644
-0.0948256
-0.04990612
0.04458753
0.05874193
-0.08222704
-0.004056167
-0.01972699
0.0003496981
-0.03878061
0.02376983
-0.01986739
0.08479014
0.0594217
-0.03158334
0.1072163
-0.02917398
0.01563861
0.1045703
-0.09545704
-0.05767703
0.002474274
-0.06253537
0.04175751
-0.08447205
-0.01234181
0.08402775
-0.04062971
0.04355902
-0.1046551
-0.02643184
0.04025096
0.03535721
0.06028527
-0.09429586
0.04848765
-0.04052292
0.0984337
0.07951678
0.08290893
0.08592435
-0.06504147
0.0007186603
0.0058007
0.01879434
0.0880181
0.06009563
0.03715537
-0.09423005
0.0005956852
-0.09184134
0.01087289
0.007051639
-0.0524427
-0.08526982
0.05895912
-0.01645587
0.06740993
0.09700681
-0.08026491
-0.09511465
-0.02639009
-0.009379549
0.079115
0.04374266
0.01448915
-0.08171329
-0.04869723
0.05551361
-0.06758662
-0.05759659
-0.0403331
0.1034194
0.04759727
0.09728528
0.04447836
0.06838727
-0.02107008
-0.02906914
-0.06381944
0.0002137889
0.09000375
-0.06230294
-0.06985432
-0.1035489
-0.01674364
0.02753303
0.09845895
-0.08971445
0.01610419
0.02658031
-0.07962348
0.02143749
-0.06807201
0.07256971
-0.05355209
-0.03863023
-0.05419272
-0.0272571
0.06394648
0.043923
0.005333933
0.06123374
-0.09170435
0.02017259
-0.07443108
0.0185874
0.09832747
0.03154954
0.07502761
0.07774722
0.01486296
0.02314025
-0.008723418
0.02778038
0.04655018
-0.05437879
0.0378235
-0.01140828
-0.09273932
0.04564581
-0.08621006
-0.05494385
-0.009891576
-0.05631877
-0.07310592
0.005454923
-0.1068765
0.04925514
0.06785045
-0.04378842
-0.016164
0.02442037
0.01922156
-0.03721619
0.07749172
0.06012601
0.09047893
-0.009834623
0.09399133
0.02270096
-0.01744776
0.09941966
-0.03418059
0.07944185
-0.08444601
-0.1069859
0.01895101
-0.02832169
0.003259047
0.05809949
-0.04541367
0.1021164
-0.0134656
0.03310005
0.08324331
-0.0525387
0.07237868
0.0948336
0.07733411
-0.0558508
-0.08184822
-0.08045398
-0.01543252
-0.02664095
-0.09390508
-0.06898776
0.06588637
-0.09017436
0.09028988
-0.007618031
-0.08726639
0.04595505
0.08460394
0.0008510662
0.06568564
-0.05211312
-0.0325053
-0.04794955
0.05020511
0.0258092
0.07775892
0.1078206
-0.0238118
-0.05009429
-0.03669889
-0.03665849
0.02266664
-0.06811628
-0.06944712
0.01054012
-9.826205e-05
-0.06969651
0.04078411
0.02197619
0.04318107
-0.01955102
0.06369305
0.05202746
