0.07048269
0.01821611
0.01703412
0.08324121
-0.004250308
0.09910069
-0.06726536
-0.0469294
-0.08518588
-0.02916852
0.03298537
0.001736639
0.05322038
0.06206249
0.06813303
0.1012881
-0.1034384
0.03845512
0.006665933
0.0494038
-0.08729123
-0.0004418271
-0.01926478
-0.05054713
0.07084821
-0.01745084
0.07861032
-0.1019528
0.02134091
-0.04741794
-0.07375275
0.09337591
-0.09176889
0.08446695
-0.01431537
-0.05563195
0.03964348
0.02752732
-0.04398216
0.04348664
0.026618
0.07505935
0.04204285
0.09410343
0.05758353
0.05517909
-0.07326987
-0.06566229
-0.03338761
0.07448528
0.03033438
0.03507697
-0.08952892
0.08797771
-0.09762593
-0.04330288
0.02271809
-0.06255194
0.06173626
0.00253931
0.04026178
-0.07313079
-0.04673934
-0.01743991
0.03024431
-0.05545106
0.0275256
0.01851398
0.0642701
0.08478106
0.05414852
0.06099388
0.04547012
-0.05379073
-0.02939745
0.09160985
0.05442533
-0.05419422
0.03076854
-0.002086987
0.02364375
-0.04022456
0.04939445
-0.04323627
-0.01971509
0.01147061
-0.08211169
-0.07682549
0.07824131
-0.09505822
-0.07350454
0.06288566
0.006198022
0.01115277
0.01402856
-0.002553577
0.07535146
-0.1046394
-0.02197038
-0.09701172
-0.008200212
0.09837835
0.0140532
-0.0302677
-0.08289982
-0.08974034
-0.06890395
0.06492715
-0.03160635
-0.07415392
0.04410177
-0.08674987
0.05243971
-0.03288671
-0.0774193
-0.001354388
0.05434955
0.08207729
0.06108372
-0.01791448
-0.09890443
0.002704324
-0.01379519
-0.01391963
-0.05534699
0.07922284
-0.08279929
0.06345091
-0.05478068
0.06500344
0.06933278
0.07463265
0.0257097
-0.02407283
-0.1021935
0.02969858
-0.08890566
0.01596098
0.02875789
0.05271627
0.06796959
0.05662883
-0.1064102
0.06335629
0.09089347
0.06073881
0.08914488
0.1037928
0.03905368
0.03059885
0.07751354
-0.02120278
-0.08090055
-0.01800169
-0.0924995
-0.09253077
-0.07825483
0.003547713
-0.03674339
0.06398572
-0.008971233
0.01829594
-0.05816922
-0.02817881
0.03008163
0.08147821
0.005091514
0.08732701
0.02971069
-0.03401887
0.01392927
0.009272028
-0.03857998
0.002209938
0.08264755
0.08372427
0.01616277
0.03500107
-0.1071403
0.08641198
0.06252544
-0.09150244
-0.04733624
0.04618689
-0.09599108
-0.03231482
0.0006431378
0.08604347
0.01251256
0.1068068
0.0006271781
0.06997283
-0.04282132
0.08700916
0.08864225
-0.04818925
0.05470112
-0.0595312
0.01804657
-0.01489563
-0.08310821
0.01731039
0.04157674
-0.08479589
0.09250613
0.008381876
0.0499741
0.05738001
0.08021008
-0.02425122
-0.07380555
0.03434873
0.03083464
-0.04599554
-0.1075654
0.06885343
0.007967022
-0.00200283
0.0126461
-0.02855262
-0.02052959
0.04808066
0.08835673
0.06355796
-0.0412686
-0.07789998
-0.01889539
-0.0175328
-0.0496172
-0.03397156
0.05356255
-0.07954488
0.07154826
-0.06661707
-0.002570015
-0.0619421
0.01176042
-0.007049048
-0.06549504
-0.09554251
-0.06001134
-0.06290895
-0.08929297
-0.07100379
-0.008718947
-0.0196827
0.1078202
0.03541849
0.0736786
0.05833841
0.06240433
-0.04626701
0.09787088
0.0936527
-0.02641186
-0.08075379
