-0.02378125
-0.05221262
0.05524706
0.08206213
0.07983934
-0.06224689
-0.01180463
-0.1034003
0.05987481
-0.02149619
0.02670154
0.1025271
-0.02619268
0.04261758
-0.01032535
-0.01223592
-0.05547792
-0.07193754
0.03126751
-0.1055089
-0.1059004
-0.01872386
-0.0382194
-0.03364184
-0.05538701
-0.0195173
-0.09783885
0.09703683
-0.1002239
0.007356839
0.005136525
-0.08948831
-0.05807998
-0.02522595
-0.01629874
0.05923996
0.0764196
0.09650712
-0.08265495
-0.06761079
-0.08462739
-0.009857737
-0.06448137
-0.04691253
-0.03460682
0.02389703
0.03392041
0.1038526
-0.01651743
0.07260823
-0.06723169
-0.02354861
0.01344659
0.09890862
-0.09867965
-0.09428117
0.08840728
0.04199533
0.07670602
0.05896931
0.0991705
-0.02540675
-0.01708856
-0.0517869
-0.000544105
-0.1061808
0.08200583
-0.03682573
-0.06624877
-0.04717765
0.09744342
0.03061108
-0.04782792
-0.04173603
-0.01237648
0.08478435
-0.03781562
-0.02716252
0.05964328
0.03408429
-0.1069518
-0.08929342
-0.05418
-0.05161224
-0.08390464
-0.001129355
-0.006229265
0.007819973
0.09401845
-0.09481004
-0.08999994
0.06538007
0.00201928
-0.02386045
-0.08255009
0.03361098
-0.05176749
0.004426868
-0.1008797
0.100168
0.09360421
0.004926259
0.02759276
0.07482052
0.08128594
-0.0965246
-0.09282289
-0.06594674
0.009015076
0.01002276
-0.05155646
-0.06292199
0.05113885
-0.02033054
0.003353648
0.04559172
0.1064064
-0.074488
-0.005545183
-0.004485825
-0.01647299
-0.002740819
0.1070147
-0.09063794
-0.1052638
0.1053387
0.09746695
0.06154876
-0.0921758
-0.01784238
-0.03047608
0.1053731
0.09505607
-0.1049113
-0.005789084
0.08620449
-0.07714875
-0.05505209
-0.07979
0.04396809
-0.03679591
-0.08584995
-0.06033672
0.07581363
0.06237913
-0.06805424
-0.02276673
-0.05204143
0.02138391
0.03633397
-0.09170342
-0.02323507
-0.05811852
0.09659861
-0.03043735
-0.04530932
-0.0874806
0.03138106
-0.000840504
-0.05056755
0.05041767
0.0972762
0.100831
0.07111232
-0.06714281
0.06159003
-0.008719895
-0.08110958
-0.0253063
-0.09365523
0.08887708
0.1029286
0.04288503
-0.05500114
0.03798342
-0.08878789
0.1014027
0.03567585
-0.08374733
-0.09033377
-0.1004902
0.0155827
0.07352958
0.05809893
0.1081708
0.02275613
-0.02874402
-0.104592
-0.05727775
0.0388134
-0.01537008
-0.07225211
0.009254077
0.01918495
0.06746482
-0.006016697
0.09060138
0.07869703
0.004727864
0.006265132
0.03888133
0.03933584
-0.06732011
-0.006007529
0.02532163
0.09221574
-0.07228082
0.07883334
-0.04887359
0.01601561
-0.08123224
0.003819052
-0.09075011
-0.02808752
0.03769259
-0.1025495
0.03286332
0.08501608
-0.01077791
0.07944409
0.05423189
-0.01122313
0.0230907
0.04335379
-0.05770532
-0.009941427
-0.09792039
0.0241039
-0.1045531
0.02691602
-0.06617223
0.001260735
-0.004373698
0.04558479
0.04120777
0.04894125
-0.01276617
-0.03710204
0.01019824
0.07759222
0.08971521
0.0272797
0.003726306
0.008114911
-0.07339499
-0.07832515
0.02066678
0.02315751
0.03124374
-0.09448218
-0.09451552
0.02248527
-0.0198634
-0.01324909
-0.09105971
-0.01999143
