0.03829533
-0.04227826
-0.08986512
-0.05905213
0.101226
-0.01418354
0.06389081
-0.09720522
-0.0274787
-0.04164578
-0.09102805
0.08305982
-0.05899277
-0.05425235
-0.03613624
0.04184631
-0.03403594
0.0819296
0.04914338
0.03382132
-0.08926553
0.1058619
0.01877321
-0.07376876
0.05540499
-0.08652382
0.006715793
0.08900354
0.01620411
0.1047034
-0.06267725
0.01725419
-0.01023813
0.01675663
0.09455398
0.04302445
-0.05527895
0.03866301
-0.01616503
-0.0997219
0.08469321
-0.06624205
0.03427147
0.05398932
0.0709223
0.07238422
-0.07376043
-0.09916389
0.06323182
-0.04134785
-0.09245154
-0.05647025
-0.03849332
-0.08558891
0.06089459
-0.09182739
-0.08103309
-0.04385988
0.07207774
-0.01839599
0.08114064
-0.02140626
0.07833871
0.07993266
0.02837289
-0.0781589
0.00138497
-0.04632792
0.04027497
0.08924767
-0.08362884
0.07872084
-0.03023148
0.008286315
0.07006966
-0.07088557
-0.07828795
0.03525984
-0.05153062
0.08638778
-0.02351886
0.07908971
0.02768791
0.002437126
-0.0593351
-0.1076554
0.06461099
0.005363419
0.07416362
-0.03544304
0.03001352
0.102495
0.1046549
-0.06372356
0.09464739
0.08128382
0.0673175
-0.06128135
0.07610392
0.005389892
-0.01463718
0.01875301
-0.08492593
-0.01266369
0.02262932
0.04463926
-0.04564484
-0.09127257
0.06214812
-0.07078563
-0.0370292
0.01893444
-0.08032764
0.06331637
-0.05599973
0.07830971
-0.1078137
-0.02070084
0.09572026
-0.03042928
0.0788815
-0.02747357
-0.03821098
-0.05991855
0.04592708
0.05694539
0.02102869
-0.03137591
0.03252678
0.03690136
-0.08551174
-0.1071532
-0.05439676
0.05116125
0.03494546
0.002536755
0.0695729
-0.09559164
-0.07559417
-0.08421148
0.05905
0.05289631
-0.06985083
0.06110352
-0.0005305648
0.004145893
0.0008076846
-0.0769823
-0.03422227
-0.05318698
-0.08667659
0.03560422
0.02502494
0.04232743
-0.04249243
0.06153446
4.441475e-05
0.01576663
-0.01752751
0.05054716
-0.1040328
0.04226593
0.04142797
0.05664949
0.101759
-0.004478382
-0.004279148
-0.02325822
-0.02947417
-0.1075536
-0.07860073
-0.007371779
0.0377753
-0.1019959
0.04895269
0.001141686
0.07600849
0.0238203
0.06869037
0.03149193
0.005727985
0.01913247
-0.03853425
0.04929954
-0.0274369
0.03828592
-0.102246
-0.003156713
-0.03282967
0.0892913
-0.06373984
-0.08111588
-0.02500759
-0.03188376
0.02216372
0.09394792
-0.005128992
0.0627194
-0.07076411
0.06672412
0.03582404
-0.09272348
-0.02459685
0.02734407
0.0490036
0.01384628
-0.08118489
0.04826261
0.01800704
-0.004112119
-0.03504744
0.0640425
-0.07113826
0.08703022
0.084943
0.08541635
-0.06437851
0.005066057
0.1033202
-0.03903902
-0.06863984
0.05148583
0.006544143
0.0872875
-0.08046924
0.0975725
-0.01429234
-0.09045634
-0.08776955
-0.01030439
-0.04362299
0.05640241
-0.07559492
0.0820742
-0.1061132
-0.07345618
-0.1026802
0.07237399
-0.03104229
0.1070829
-0.1072066
0.08644073
-0.05998725
-0.05695398
0.009326872
0.08244303
0.02776402
-0.0282415
0.09376018
-0.02096276
-0.0916291
-0.09786228
-0.1003647
0.07612084
0.1059493
-0.07558639
