-0.03067977
-0.0155685
0.0641913
-0.044034
0.02098773
0.07228634
-0.08935283
0.01892142
0.06315233
-0.09665406
-0.04251037
-0.09636169
-0.05017288
-0.04261475
-0.004629364
0.05000049
-0.02182601
0.004331408
-0.08126023
0.03466411
-0.01630202
0.07742275
0.09929338
-0.05532189
0.05566147
0.1019294
0.04058177
0.02125866
-0.005804162
-0.08115702
-0.005761297
0.0399956
-0.01757031
-0.03229764
-0.06404035
-0.0659584
-0.06323603
-0.08253973
0.0278943
0.1002522
0.1026184
0.08323435
0.05215267
0.05607051
0.07379545
-0.05053921
-0.03827514
0.1004474
-0.03665906
0.07449226
0.07470487
-0.01208832
0.0932824
-0.07359082
-0.1061582
0.07297266
-0.03388736
-0.08099602
0.01280724
-0.06215604
0.0332574
-0.01830611
-0.01791891
0.04576936
0.09075908
0.0307542
-0.03674557
0.04747749
-0.06138026
-0.03940228
-0.07262753
-0.0665962
0.07708479
-0.07060855
-0.06193648
0.05479284
0.07584894
-0.03843478
-0.01287971
0.06419797
0.09383237
-0.01310655
-0.07372531
0.06483432
-0.05844316
-0.1017636
0.05187507
-0.03739196
-0.08832166
-0.05797844
-0.09574271
0.06483015
-0.01125707
-0.09382968
0.1029026
-0.04221007
-0.06312586
0.02503197
0.06359612
0.03728094
-0.0616603
0.03854483
-0.0856953
0.04205342
0.06730043
0.1008342
0.07126336
0.08251803
0.01524198
0.09077717
-0.08716621
-0.0883255
0.04376814
-0.08060152
0.02892821
0.1035236
-0.03960712
0.01522309
-0.04267905
-0.03534025
0.02826106
0.07903029
-0.06015443
-0.02586593
-0.06142364
-0.01249309
-0.001278657
0.05708274
-0.07503232
0.08406858
0.1000241
0.09681077
-0.02274752
0.06077459
0.07336193
0.05682309
-0.02398619
-0.03356948
0.1033351
0.06573557
-0.09300534
0.03571814
0.0637721
0.05305151
0.000124192
0.05630146
0.01413168
0.05930829
0.02718244
0.06588211
0.009857791
-0.05429911
0.08555021
0.07687847
0.01922774
-0.09686255
-0.0007916866
0.0552287
0.08604793
-0.08990013
0.001632335
-0.1045873
-0.06526939
-0.02722562
0.04904383
0.03028093
0.1041112
-0.02414875
-0.08160222
0.08032542
0.0632645
0.07652196
0.07088003
0.1047502
-0.03803075
-0.05488719
-0.06725564
-0.1036128
-0.05063592
-0.05067001
0.0901235
-0.003452509
0.1079437
-0.1022645
0.08415428
-0.006301243
-0.07462407
0.03265109
-0.03226022
-0.0863574
-0.03116801
0.03528145
-0.07604505
0.04983588
-0.0007616006
-0.006552918
0.01545739
0.03059715
-0.05055468
-0.001003512
0.07822092
0.04180448
0.003619432
0.05612601
-0.0869512
-0.007388322
0.05258089
0.0863125
-0.08639976
-0.04268438
-0.08109814
-6.640946e-05
0.05664226
0.03606146
0.02627509
-0.0672107
-0.01652359
0.09844435
-0.0790099
0.01290679
-0.09793431
-0.0659172
0.001860657
-0.01645947
0.09290572
0.02324158
-0.025847
-0.09553173
0.009355949
0.005708269
0.08585532
0.05087869
0.02104462
0.07698225
-0.08631755
0.01216868
-0.04272658
0.09459269
-0.01739577
-0.102751
-0.05722408
0.05392878
0.08551734
0.04995967
-0.04600064
0.06349574
-0.05891866
0.01010323
-0.03689986
0.03726571
0.0432082
0.01606247
0.04310688
0.08709306
-0.002206365
-0.05098777
