-0.07153239
0.07303921
-0.04726987
0.005257442
0.0615224
0.01197926
-0.01950611
0.01403229
-0.08582111
0.09931707
0.03017388
0.05113885
0.09216643
0.02780252
-0.003209449
-0.05258267
0.06558204
-0.02459887
-0.08944508
-0.06552142
0.05629514
-0.06445812
0.0743608
-0.02678406
0.0586798
-0.02167861
-0.06152001
0.02964623
0.02924343
-0.07241871
0.04797233
-0.07089917
0.08398583
0.0741201
0.07965084
-0.04981802
-0.06353527
0.102922
0.01342299
0.0408719
-0.005312551
0.08512378
-0.09427524
0.07933335
-0.09100902
0.01331166
0.0830563
-0.04503895
0.04376814
0.001880114
-0.08896922
0.001247828
-0.09259234
-0.05299558
-0.0882401
-0.08311272
-0.08937848
-0.03514274
0.05574163
-0.07205255
-0.04410222
0.03561147
-0.01906381
0.04231166
-0.07336324
-0.001272773
-0.1046761
-0.03436113
-0.08859943
0.1017356
-0.05254322
-0.0492169
-0.08156959
0.0827157
-0.006862979
0.05731253
-0.04354703
0.01916402
0.06537271
-0.05546128
-0.1031376
0.05565655
-0.004755892
-0.08265208
-0.005196624
0.07760832
-0.01978799
-0.01660039
0.08040253
0.08049117
-0.02523221
0.02051525
0.03457183
-0.09240273
0.04347009
0.03548902
0.03114354
-0.07666487
-0.1077528
0.01045805
-0.07601766
0.04641405
-0.01167848
-0.06329159
-0.03183448
-0.09773266
0.1076686
-0.03843415
0.02161094
0.02316628
0.05157996
0.03514145
0.08172325
0.04679795
0.0359764
-0.01726807
0.02077658
0.06053816
-0.07250931
0.05672744
0.04518574
0.01372784
-0.003050964
0.02296711
0.04482096
0.01087026
0.0501407
-0.05748846
0.02709781
-0.1003619
-0.03969313
-0.09487484
0.01168308
0.03710173
0.04029131
0.009078638
-0.02952233
0.08470489
0.006638133
0.09667697
-0.05321684
-0.03791462
-0.05839894
-0.04066467
0.05048873
0.02719184
-0.02432274
-0.1043539
-0.003134368
0.08192828
-0.02195737
0.06611656
-0.05875804
-0.06665453
0.01212705
0.04837039
-0.08415805
0.07026839
-0.04674895
-0.09052746
-0.03856059
0.04055945
0.026176
-0.06561485
0.0172593
0.06268249
0.1050112
0.04873563
-0.103203
0.05483231
-0.06765271
-0.1058815
-0.004315937
-0.08638177
-0.006526636
0.06434575
0.02150275
0.05685475
-0.04112913
0.05058802
-0.04233839
-0.05534018
-0.07173589
0.05667647
0.1069681
-0.07619663
0.049054
-0.07604768
-0.04091261
0.08833104
0.04755326
0.05767254
-0.02040253
0.03709645
0.1025211
0.0428872
0.07328914
0.01630856
0.01305664
0.04347753
-0.09057572
-0.06707064
0.03124787
0.02170499
-0.005178048
-0.09479716
-0.04726836
0.08710888
0.07557327
0.03600725
0.04551279
0.03181535
0.004448362
0.05127944
-0.09636219
-0.1038325
0.0173888
-0.0459052
0.00246586
-0.01537427
-0.09343731
0.006799007
-0.02709583
-0.05686099
0.0659688
-0.06340009
-0.02856449
0.03220527
0.06551205
0.05217892
0.09889381
0.05895912
-0.02648064
-0.02317006
0.0812209
-0.01816508
-0.05079662
-0.08383229
-0.04247611
-0.0625921
0.01797101
0.05889154
-0.07214265
0.1065775
0.1032576
-0.08033316
-0.100315
0.07532699
-0.04619862
0.05243971
-0.08032764
-0.06882017
-0.1023711
0.1043543
-0.08180933
0.08341808
