0.1012991
-0.03446442
0.01576104
0.06109458
0.03440833
-0.05360272
-0.07944215
-0.04557841
0.0638107
-0.06678355
-0.003398752
-0.02354861
0.07984326
-0.0809752
0.01484956
-0.1078439
0.009571085
0.02235811
0.03267254
0.01859681
-0.03291654
-0.0699892
-0.03518055
-0.01516903
-0.07443821
-0.03747616
0.1079153
0.05975542
0.0170432
0.005194496
0.04310852
-0.05206359
0.01007565
0.1000809
-0.03821022
-0.03608192
-0.01750907
0.078078
-0.07309468
0.05619314
0.01012812
0.01709552
-0.04258275
0.0177786
-0.06496555
-0.06991866
0.02728284
0.04992438
-0.01208832
-0.1045843
0.104663
0.02560614
0.03581927
-0.0547541
0.0002060612
0.08423212
0.06717067
0.05958666
0.0255261
0.01430819
0.006305058
-0.07187621
-0.08130207
0.07864621
0.03467578
0.03997672
-0.02895613
0.04748232
0.01003107
-0.01768052
0.04316971
-0.1061416
-0.08450017
-0.09498353
0.02448719
0.08082451
0.09201562
0.06194345
0.06605166
-0.01485307
0.05778496
0.02371123
4.447896e-05
-0.01719695
0.04556353
0.01013006
0.06738942
-0.1047223
0.07878274
-0.006431729
-0.07383288
-0.09432843
0.01076066
-0.09173495
0.02588107
0.04590181
0.004483409
0.01601458
0.08917851
-0.09277941
0.02977814
0.09035413
0.06303915
0.1008942
0.04891478
-0.002033213
-0.05477946
0.03987531
-0.09625876
-0.02631323
0.02988094
0.00411502
-0.0415799
-0.05261359
0.0775364
0.07754031
0.1032658
-0.05987722
-0.008274871
0.002364275
0.004541522
0.102645
-0.05734098
-0.02061762
-0.001164232
-0.09077463
0.08435009
-0.04972435
-0.0576968
-0.04036135
0.09732975
0.06918576
-0.1041595
0.00834135
0.01566902
0.06929478
-0.06315789
0.04573269
-0.0550792
-0.07556929
-0.06280506
0.06251055
-0.009582064
0.06466655
0.09922504
-0.05075781
0.0404885
0.02198398
-0.04131876
-0.07193995
0.06071753
0.1033289
-0.07367073
-0.09270461
0.08585499
0.03264429
0.09516811
0.09816716
-0.0716837
-0.1015335
-0.01197743
0.03380575
0.003457864
0.07870249
-0.01539648
0.07027502
-0.005178031
-0.04709641
-0.06083217
-0.05355077
0.02769635
-0.06630795
-0.07606284
-0.02302323
-0.09172074
-0.08231164
-0.08733033
-0.06382215
0.04737777
-0.01672386
0.09226116
-0.01210938
-0.05283887
0.01570482
0.09370742
-0.04305774
0.04437087
-0.0814044
0.08956932
0.004710377
0.06821857
0.09432322
-0.07235171
-0.08128469
-0.067402
-0.06451871
0.08067159
-0.01500255
0.006220904
0.0529308
0.04217143
0.05360332
0.09110574
-0.1033567
0.05384541
-0.04402679
0.06846236
-0.01438625
-0.03486162
-0.09044912
-0.03210564
0.0677565
0.03901071
-0.07022072
-0.03360171
-0.03710386
-0.08322535
-0.1055145
-0.07189581
0.06832175
-0.03002823
0.0180671
0.01366999
0.05398695
-0.08648793
-0.03638174
0.1069306
-0.09114626
-0.08522814
-0.08701169
-0.02034642
-0.03195899
0.09345914
-0.001642407
0.03292279
-0.06557979
-0.0656702
-0.06436682
-0.003611639
-0.04616997
0.09246617
-0.08833105
0.03658315
-0.09875766
0.08984756
-0.06854288
-0.06467597
0.03691269
0.06873105
0.03507697
-0.05647025
-0.02672567
0.08911458
-0.00688373
-0.03979427
0.04548423
