0.04988111
0.05764456
-0.002366767
-0.01996301
0.0810179
-0.05464035
-0.1045791
-0.08715552
0.06677163
0.1042655
-0.0009837587
-0.01526344
0.04245697
-0.06094644
-0.09174243
-0.008511472
-0.02507551
-0.05608124
0.05638757
0.1006869
-0.0877013
0.06058002
-0.06741182
-0.1061993
-0.01946882
-0.0776552
0.007092599
0.01250535
0.04188092
0.0814862
-0.1040022
0.04039881
0.1053153
0.1051704
-0.009508698
-0.03290669
0.1045539
-0.00305922
-0.04003327
-0.02568093
-0.1043538
0.0007863039
-0.0807586
-0.04218094
-0.05281488
-0.107757
0.05904405
0.03503048
-0.02209094
0.0002275868
0.02436803
-0.07944215
-0.04690526
0.07304931
0.07922643
-0.09639755
-0.00147559
0.07147922
0.09060469
0.06521882
0.1036591
0.01547546
-0.0944495
-0.08953969
0.10323
-0.01110416
0.08534033
0.08902501
0.09989915
0.06020186
0.09701671
0.03877148
0.04636692
-0.07846269
-0.09033184
-0.08395556
-0.02831569
0.1007654
-0.0297935
0.09318297
-0.08747231
-0.08185443
-0.002465545
0.09147574
-0.07906019
-0.07699376
-0.0360884
-0.0097445
-0.1064363
-0.01984506
-0.06909139
0.08083316
0.01058266
0.07822743
-0.0967519
0.002389964
-0.07668743
-0.01328113
-0.009686381
-0.03937458
0.09212692
0.04795939
0.02956654
0.09651875
0.04986745
0.004747318
0.0318789
0.05109691
0.08032583
0.07947861
-0.05870259
-0.0430744
-0.01950611
-0.06661277
-0.06613176
-0.0758545
0.07690375
0.09324472
0.06052823
-0.07398131
0.04961583
-0.06635816
-0.009053351
0.07694782
-0.07972689
0.02465319
0.02996695
0.0545658
-0.05268191
0.01053452
0.09483813
0.09744244
0.02284475
0.06723997
-0.04003097
-0.04933442
-0.01542735
0.05353377
-0.007581469
0.1047328
0.07548627
-0.03856802
-0.06958583
0.07690842
0.0780247
-0.08551893
0.05640559
-0.07813445
0.02318064
0.06337385
-0.06239893
-0.1013139
0.06569632
-0.09974296
0.05217797
-0.0347887
-0.01816686
-0.06629514
0.09679068
-0.07890446
-0.006630676
0.07606707
-0.05481435
-0.01485327
0.106999
0.09258915
-0.09893864
0.01033083
-0.1079297
0.04866227
0.02571425
-0.02764071
-0.04456587
-0.09631478
0.04345056
0.08507989
0.04893582
0.01851591
0.09790593
-0.03014897
-0.08849646
-0.002832584
-0.07240316
-0.05254078
-0.1078756
0.05699547
0.05711354
-0.1048592
-0.0814608
-0.09083706
-0.09134976
0.01975513
-0.0008383241
-0.001528763
0.03208601
0.07377306
-0.1045401
0.07449099
0.05886732
-0.04565958
0.04343846
0.08942634
0.09632304
-0.05023522
-0.07483313
-0.02801671
-0.06001256
-0.1025674
-0.06904826
-0.05545834
0.1076293
0.03354425
-0.0827414
0.07031415
0.05010446
0.04641457
0.01238805
-0.02574947
-0.03304859
-0.08976811
-0.06231746
-0.08907686
0.05619087
-0.09317964
0.01857127
-0.04702695
0.004689292
0.1026825
0.03988364
-0.02132997
-0.08556942
-0.01842764
0.01032721
-0.05816426
-0.1069477
0.008906181
0.08225016
-0.02632271
0.07068841
-0.07518483
0.02171222
0.07325702
-0.03847391
-0.02036093
-0.01850152
0.01690761
-0.08040367
-0.08569947
-0.07716382
-0.01304335
-0.006095537
0.04042045
-0.03045474
-0.04125
-0.09934255
0.09689082
