0.01775032
0.02702096
-0.08308816
-0.05695822
0.106691
0.07672994
0.08881786
0.03647722
0.06096128
0.08926084
-0.06541742
0.0469816
-0.06205095
0.04545543
0.05010995
-0.01200626
0.07919798
0.05898144
-0.06618852
-0.01536391
-0.09174143
-0.07090379
0.01825222
-0.03742598
0.070384
0.05253615
-0.1066262
0.05820018
-0.07379454
0.01819008
0.1051981
-0.1061237
-0.01514755
-0.01095766
-0.09270665
-0.002369878
-0.08941616
0.04963532
-0.03630637
-0.009367963
-0.005333371
-0.004980436
-0.02647719
0.1080992
0.03234797
-0.09527348
-0.06912119
-0.0254335
0.001283279
0.08573505
-0.04663344
0.01709552
0.1066733
0.09391195
0.009039283
0.05054168
0.08825226
0.09349052
-0.04751879
0.05116468
-0.02345975
0.06120771
-0.1036318
-0.08985243
-0.05569649
-0.04751068
-0.04755851
-0.03741285
0.04294898
-0.03996284
0.08606272
0.02391341
-0.06377263
0.09686864
0.01633736
-0.07765114
-0.03749805
-0.03191089
0.01549945
0.04194256
-0.008982838
-0.04427887
0.05566775
0.1048683
-0.01053072
-0.06228898
0.03433064
-0.07341241
0.04387433
0.01683102
-0.04669433
-0.1008492
-0.05518848
0.03398747
-0.05358127
-0.007022003
0.06776673
-0.04080777
-0.06838344
0.01297325
-0.06050479
-0.06600147
-0.0408277
0.033078
-0.02733397
0.07045331
-0.003336233
0.07988843
0.02356073
0.07490683
-0.1004478
-0.01386017
0.08512378
-0.04268157
-0.03518327
-0.0001595703
-0.04265859
-0.0672466
0.03006236
0.03172133
-0.1017298
0.01898981
0.0343857
-0.0929414
0.08276904
0.0452343
0.002096011
0.06887203
-0.0959513
-0.05094827
-0.05639947
0.06302577
-0.06625202
0.07618228
0.1080626
0.0132438
-0.02764774
0.1070016
0.03007732
-0.01079273
0.05288804
-0.05457801
0.06765556
-0.008609078
0.05173188
0.01050754
0.0145962
0.08403831
-0.06133738
0.02434891
-0.06087449
0.05734265
0.04993434
0.03828177
-0.007218893
-0.053293
-0.06356535
0.01290164
0.05898401
0.01494197
0.001545202
0.094263
-0.01382834
0.05557976
-0.01865796
0.06001211
-0.02006264
-0.03224932
0.0841973
-0.09734546
-0.003348267
0.06711069
-0.0119784
0.009535484
-0.007051656
-0.08132077
-0.05410754
-0.01174872
-0.06744533
0.03171479
-0.05782197
-0.07830914
-0.09705301
0.05895719
0.04482184
0.02551607
0.009511971
-0.1012716
0.01547185
0.0995058
0.07139002
-0.023372
0.06742611
0.08896673
0.06723633
-0.03848628
0.03409269
-0.08444738
0.07085411
0.0155481
-0.04911323
-0.08768154
-0.05953974
-0.07839585
-0.06757244
-0.07515577
-0.04808567
0.03708196
-0.08512814
-0.001344216
-0.09465913
0.007403229
0.01069874
0.07268157
-0.009310714
0.03351725
0.102846
0.04805672
0.03175183
-0.09882948
0.02103749
-0.001789073
-0.06879645
0.08525965
-0.0751019
-0.008828109
0.09762555
0.02010431
-0.05362957
0.05851188
0.08939202
-0.02120432
0.09347007
0.03735056
0.09310474
0.04976929
0.01987805
-0.08429568
0.06187339
0.0245316
-0.03191373
0.026699
-0.005524138
0.02726732
0.03057974
0.083936
-0.09218021
0.03212431
0.02577677
-0.01507254
-0.06343483
0.03031281
-0.09614009
0.04725337
0.04124245
-0.09489734
