-0.07789608
0.04965169
-0.10585
0.0720325
0.08483254
-0.07697348
-0.08467705
-0.1021235
-0.05803361
0.07880069
-0.04337153
0.08102939
0.03412668
0.01162003
0.0885427
0.0003605557
0.1010437
-0.01479316
-0.03971774
-0.08739308
0.06446496
0.0748102
0.02557669
-0.08925048
-0.05009201
-0.06185967
-0.04005699
-0.04635646
-0.01233613
0.09824982
-0.02571836
-0.09495478
0.08893304
0.009048177
-0.04699727
0.00529709
0.1007773
0.04333159
0.09675688
-0.05569347
0.01312189
0.005816539
0.07673024
-0.027881
0.09522194
-0.1050926
0.01923105
0.008192714
-0.0655028
-0.09652831
-0.07627044
-0.1055145
0.02169122
0.01189788
0.02088784
-0.05961928
0.07028154
-0.04514762
-0.09369351
-0.05103135
0.08533927
-0.03403305
-0.07661252
0.02877893
0.0303286
0.08721071
-0.02809392
0.05030705
-0.002949266
0.09618635
0.08539592
-0.0723056
0.07563753
0.0726256
-0.006276965
0.08064108
0.0732865
-0.04495718
-0.09724621
-0.09486063
-0.0667953
0.08589991
0.01740722
0.08133242
-0.01205148
0.06459706
-0.03957971
-0.1028531
-0.08622608
-0.04051958
-0.07558233
-0.02051605
0.0665259
-0.01832389
0.01215942
0.04038424
0.07790983
0.07410267
-0.02186573
-0.09824832
-0.06164892
0.005795897
0.0686705
0.0520314
-0.06046226
0.02379983
0.06770125
-0.09012311
0.05755292
-0.05786823
-0.09440217
-0.08950537
-0.0459052
-0.06111139
-0.07623287
0.01682644
-0.06940186
-0.1078555
-0.1079112
-4.978696e-05
-0.04683667
0.004488553
0.0942784
-0.04442758
-0.08274408
0.05806743
0.02138847
-0.001909612
-0.02552242
-0.04833533
-0.05132341
0.05205807
0.08626667
0.08893035
-0.007461603
0.05433362
0.02460983
0.02582536
0.02330732
-0.03319887
0.01030268
-0.07964181
0.05778124
0.03327677
0.009993935
0.06589957
-0.08327319
-0.08001944
0.0615999
0.07780422
-0.07651697
0.03341805
0.004029849
-0.10708
0.04252356
0.05716628
0.001045222
0.08876795
-0.07518531
-0.06015004
-0.1062437
0.06727764
0.09404554
-0.08975296
0.03213077
-0.08550435
0.02925531
-0.04509988
0.08318652
-0.03305312
0.05056855
0.1079971
-0.08748914
-0.01123672
-0.04817084
0.04719852
-0.08799645
-0.09577674
0.05030924
-0.05679438
-0.05530767
0.04435746
-0.05768291
0.02226296
-0.08834201
0.08701608
0.001749974
0.02706463
0.03729441
-0.04744516
-0.03135756
-0.07864878
0.009117821
-0.05777181
0.006210045
0.1012744
-0.1064951
-0.009007027
0.05124066
0.08428675
0.08464285
0.02775036
0.03552326
0.05599447
0.03033968
-0.003662825
-0.07205591
0.01256139
0.03296528
-0.07505142
0.06968936
-0.005514733
-0.09679756
-0.08816486
-0.05350822
-0.07285368
-0.01436127
-0.1063996
-0.0864362
0.06896725
-0.02330705
-0.08483937
0.098479
-0.1059152
-0.002290855
-0.07056161
0.09113982
-0.09932171
0.07070056
0.0573801
-0.04840465
0.07476495
0.03082496
0.04822177
-0.02350021
-0.0565483
0.08967053
-0.01393673
0.0416702
-0.09439274
0.07817328
0.08523528
0.1005863
0.06138136
-0.06732285
-0.06972139
-0.0449294
-0.04202618
-0.1055668
0.083133
0.06162201
-0.02635068
0.02958748
0.06675518
-0.09397662
0.08047228
