0.005031575
0.05211525
0.03282687
-0.1450252
0.02466713
0.009905856
-0.03096775
0.08180008
-0.02270285
-0.07067335
-0.09217003
0.08718721
0.1509655
0.04003055
0.06581549
0.009741393
-0.1501228
0.1356948
-0.01324896
-0.144364
-0.05608855
-0.1129629
-0.03438212
0.04381627
0.09289709
0.1068667
-0.1338451
-0.1279054
-0.08591425
-0.04250812
0.06807397
0.1320736
0.0141901
0.1115825
-0.009136783
-0.06842526
-0.1436239
-0.1286905
0.02787949
-0.06602148
-0.05083547
-0.0533717
0.1021666
0.1040235
0.1197711
0.1454995
0.04788228
0.06067505
0.05167754
-0.07270852
0.06400104
-0.1019355
0.02534543
0.1463634
-0.0409892
-0.01374394
-0.08797083
0.04044579
0.04062574
-0.1521027
-0.1381026
0.1282981
-0.04419626
-0.06463625
0.03184838
-0.02336437
-0.1308285
-0.01469961
0.1030085
-0.03792653
-0.1266185
0.1396068
0.1339048
-0.1262123
0.03687324
-0.09294967
0.03948322
-0.0217073
-0.1187063
0.02959048
0.06628511
-0.05053332
0.118707
0.04313676
-0.1109
-0.07491948
-0.1050963
0.06178652
-0.1042058
0.0005614414
0.01695082
-0.1104021
-0.07098179
-0.04929289
0.001010641
0.1383799
0.07585359
0.09167034
-0.1314786
-0.01127864
-0.08788855
0.1071296
0.02875642
-0.0258701
-0.1153976
-0.04173526
0.02217619
-0.08563615
-0.0282342
0.07369362
-0.07778121
-0.05559792
-0.05892731
0.03608784
0.07087243
-0.05597692
0.01895158
0.1400849
0.06448895
0.03421765
-0.06269342
0.09644351
0.1067592
0.1012589
-0.1437179
-0.1473083
-0.04780287
0.08988541
-0.1130607
-0.06574316
0.1069855
-0.06615011
0.09794627
-0.008167663
-0.1103115
0.0324874
-0.1244649
0.151891
0.06231836
0.06351335
0.1400253
0.04121596
-0.04479973
-0.02105565
-0.06726944
-0.01410894
0.1379428
0.1377021
-0.005876269
0.09148311
0.01196036
-0.121188
-0.120744
-0.1301008
-0.03185585
0.1264479
-0.07681983
0.08373218
0.1027651
-0.01634568
0.07548246
0.06911878
-0.06588159
0.06706706
0.1195235
-0.001714462
0.09989582
0.07200722
-0.09798984
-0.108103
-0.09413584
0.04232733
-0.07403941
0.04679105
-0.08546871
-0.1141527
0.02800542
0.08210666
0.002447075
0.1333342
-0.06318825
0.100707
0.1391224
0.03205185
0.1452992
0.03490816
0.01621801
0.1150153
0.1155724
0.02702427
0.0280574
-0.1223277
-0.1101522
0.1118358
-0.005324132
-0.08633856
-0.06706385
0.02470143
0.1089885
0.01470412
-0.1168993
0.0979081
0.1076001
-0.1148544
0.1488497
0.03490129
-0.1277559
0.04799889
-0.07729171
0.1346065
-0.1108115
0.01098149
0.06558497
0.03882479
-0.04126596
-0.1124196
-0.1495687
-0.0928646
-0.006367062
-0.1150203
0.1400085
-0.005198207
0.005723546
-0.06047226
0.0832209
0.01075187
0.03834531
0.03775474
0.1197165
0.1403253
-0.1135745
-0.00364168
0.06521955
-0.08509274
0.03893792
-0.05851303
-0.1334174
-0.06776807
-0.1075431
-0.08974112
0.08889532
-0.1278608
-0.04814763
-0.002522653
-0.06924249
0.07601567
0.08618525
-0.08876114
0.00143647
-0.1379917
-0.11946
0.0204682
0.07063549
-0.06918699
-0.109626
-0.02890733
