-0.1038584
0.08774648
-0.0817394
0.07646175
-0.05172064
-0.0308638
0.09744244
-0.03567246
0.08509474
0.07944405
0.0356178
0.1053731
0.08683193
-0.0001092416
0.06997298
-0.1050156
-0.07223519
0.05533011
0.009666653
-0.0451277
-0.07986063
0.00567387
-0.01761028
-0.0007695158
0.03333048
0.08380339
-0.01143283
0.04360332
-0.1059152
0.06335478
0.07119661
0.0271947
0.03655098
0.05931243
0.06807618
0.07705195
0.03657305
0.03331594
0.04064875
-0.03174457
0.1044952
0.06302577
0.05300918
-0.07806828
-0.09853497
-0.1063538
0.05331043
0.07956184
0.09681077
-0.09662318
-0.06071268
0.02803672
-0.08785771
0.09975868
-0.04742615
0.06333492
-0.04947259
0.06226136
0.06112258
0.06829342
-0.1079825
0.02314257
0.1000894
0.0106754
-0.0530976
-0.005230585
-0.09520674
0.01315939
0.08471958
0.02826367
0.05620779
-0.08549876
0.002316576
-0.05491038
0.06519604
0.05269681
0.103365
-0.02095405
-0.0625402
0.01607
-0.08812649
-0.004913816
-0.07970195
-0.06850245
-0.03212458
0.0108656
-0.05564608
0.05871152
0.04894288
0.03423923
-0.05364397
0.01634308
-0.0001635128
-0.06389672
0.05822545
-0.03198535
-0.07895872
-0.02553117
-0.01386887
-0.03264775
-0.01089735
-0.06363791
0.08657144
-0.09392804
0.0342583
-0.09258911
0.1037531
0.08083441
-0.02453697
-0.007397822
-0.1066197
0.007768187
-0.03751747
0.02251774
-0.04978859
-0.08953589
-0.04836711
-0.1041802
-0.08905987
0.09157123
0.0523067
-0.0641332
0.06618889
0.02356141
0.04743937
0.00408867
-0.06655587
0.01462728
-0.08851052
0.05539161
-0.0956616
-0.03743694
-0.07302716
-0.07300077
-0.001146348
0.09152585
-0.01409112
0.05696666
-0.04924355
0.08570267
0.08653618
0.06560852
-0.03926316
0.07349315
-0.09762058
-0.04469613
0.06235032
-0.09059468
-0.08685648
0.08230976
0.03892031
-0.0598825
-0.02837233
0.07814422
0.0703766
0.07316992
0.1079362
0.04055804
0.006149515
0.04487959
-0.008889629
-0.04585963
0.06559491
-0.1008686
0.07628068
-0.04077749
0.08065537
0.07071987
-0.09547884
-0.06638242
-0.07822959
-0.09055801
-0.02226456
0.05607627
-0.09593171
0.0152648
0.006651988
-0.1061096
0.1068441
0.04430915
0.07778185
-0.09973683
0.05825106
-0.06243351
0.0584864
0.0007298214
0.02807016
-0.03962267
0.006645439
0.1001561
0.01531538
-0.001148078
-0.05463158
0.09268756
0.0781984
-0.08816855
0.02761603
0.07967383
-0.06888093
0.01190099
0.0194805
0.05897783
-0.07598728
-0.004715553
0.07715014
-0.001760866
-0.08596465
0.04874569
0.03369223
-0.06323304
-0.09057345
0.104608
-0.04307751
0.07644429
-0.002624913
-0.05037334
0.03610531
0.05205807
0.06236219
-0.04356594
0.02134344
-0.07243419
0.03571892
-0.02403945
0.08354599
0.04791319
0.03647493
-0.1024637
0.07701606
-0.07331081
-0.03971463
0.09728528
-0.06816527
0.05270183
0.06716253
-0.06507873
-0.00600088
0.06487676
-0.05674509
-0.0006581025
-0.02040499
0.004286448
-0.1020941
-0.09519499
0.005922871
0.005896743
0.07190666
-0.1055721
-0.01925929
0.07463265
-0.1071532
-0.0582362
-0.02324131
-0.05485225
-0.03326822
-0.04879425
