0.08080395
-0.05169995
0.09920447
0.002419726
-0.03301243
0.05996289
-0.05254078
0.08937331
0.06427565
0.008824597
-0.08411697
0.05809893
0.0765484
0.09501082
-0.049399
-0.09662899
0.1057596
0.1082468
0.09222452
0.02871035
-0.1051723
0.06641778
0.04216938
0.07256169
0.06609787
0.065455
-0.02225845
0.01275939
-0.02176754
-0.03763181
-0.04066388
-0.02871042
0.03663028
0.01595701
0.05879841
-0.03658683
-0.05678231
0.01801786
0.03785702
-0.03620225
-0.0006461751
0.05895719
0.04815184
-0.05073802
-0.03765822
-0.09525237
-0.08895622
-0.004654527
-0.1022645
-0.1059171
0.02537694
-0.09683844
0.1036846
-0.01164873
0.1017911
-0.0756505
-0.02780417
0.06378368
0.08205646
0.01095828
-0.04137677
-0.03160563
0.06529263
-0.08307865
0.04524888
-0.08415594
0.08836046
-0.00577968
0.01569052
-0.07720522
-0.0003462572
0.03074247
0.006461861
-0.01903846
0.02091244
-0.0323189
0.06839829
0.0419542
0.05289113
-0.1040452
0.08784815
-0.04578391
0.04169654
-0.1006791
-0.05410023
0.07801638
-0.01650463
0.05118475
0.107095
-0.06516341
0.06768064
0.03396609
0.09845968
0.06899872
-0.08609539
-0.008150324
0.01448878
0.03093237
0.009778974
0.06541028
-0.03443589
-0.008444404
-0.07412245
-0.02679758
0.1024772
-0.07670993
0.106658
-0.04374372
0.04093447
0.1031014
-0.06913313
0.06140336
-0.08026663
-0.01923606
0.0245766
0.002801163
-0.0787654
0.009742853
-0.07778389
-0.077281
-0.05667995
-0.05934805
0.02571823
0.09090798
-0.03806217
-0.1074172
-0.0759094
0.08268185
0.008478982
-0.07577384
0.1054912
0.05472172
-0.0002444463
0.07953157
0.003944087
-0.04149273
0.09738988
0.09513876
-0.07245634
0.07200436
-0.01895283
-0.01601394
0.03513455
0.04176588
-0.06199784
0.1039068
-0.0589266
-0.003088767
0.09818189
-0.01064082
-0.03376066
-0.03157824
-0.1042023
-0.07979321
-0.05994789
0.0156147
0.03303646
-0.004256815
0.04736174
0.005005139
-0.03146405
0.05423933
0.009068455
0.03220041
-0.04265884
-0.008728006
-0.03471417
0.02667039
0.09577277
-0.05596409
-0.03054211
-0.01247049
0.07941741
0.08056168
0.01842709
0.08510084
-0.03600011
-0.08892226
-0.03268888
0.05220963
-0.07373245
-0.08597671
0.004367241
-0.09285102
0.1001166
0.03965065
0.08199973
-0.09600411
-0.06700271
0.06283171
0.05243701
-0.100371
-0.02757123
-0.06629257
0.09194484
0.03476993
0.06648561
-0.08700097
0.1016648
0.1063417
0.06589973
0.06758181
0.06595147
-0.04127095
0.09600698
-0.05448744
0.0618603
-0.03370473
-0.05160459
-0.09114709
-0.08051501
0.0005557673
-0.02087339
-0.02308241
0.02961925
0.1072705
0.09659605
0.02226296
-0.03265145
0.07655821
0.09030308
-0.0366985
-0.103519
0.08058407
-0.1081246
0.09594283
0.01851614
0.0558801
-0.01612597
0.08500396
-0.07886785
0.005454923
0.05472307
-0.07472278
-0.05400367
0.07396723
0.07199395
0.01854886
-0.07450634
0.01291713
0.06133339
-0.07771885
0.02795183
-0.09710518
-0.0429141
-0.03932096
-0.02891821
-0.05851759
0.09788514
0.04618689
0.04929954
-0.04718845
-0.06016769
-0.105845
-0.02596463
0.09411407
