0.04990754
0.01895559
0.06712051
-0.03011573
-0.07793566
0.04054293
-0.007420614
0.006726379
0.01258021
0.02716323
0.08560964
-0.08821596
0.05180545
0.08396588
-0.1058097
0.06206505
-0.05003415
0.1045767
0.0617824
0.03849632
0.08867285
-0.04777013
0.05779511
-0.09090707
-0.03858039
0.007797482
0.09428054
-0.003743866
-0.06689325
0.03030014
0.005623282
-0.002458034
-0.03754619
-0.07098453
-0.1070236
0.0417183
-0.01567547
0.09746552
0.07574963
-0.08607679
0.01855777
0.0724757
-0.009292211
0.1018441
0.0786038
0.09328054
-0.04811908
0.09507559
-0.0125558
-0.07578766
-0.01753859
0.09110574
-0.01816285
0.01250218
-0.07760098
0.05962858
0.09623932
0.06338289
-0.004989148
0.01475509
0.08316126
0.02575348
0.05839856
-0.08325259
-0.06776219
-0.04383761
0.06773093
-0.02104139
0.002804074
0.09844322
-0.1081266
-0.1059012
-0.06623113
0.007886694
0.07531343
-0.1077054
0.07880171
-0.07138527
-0.09336235
0.07177966
-0.04361494
-0.05534141
-0.01899891
0.01764578
0.09021405
0.06774944
0.008527136
-0.08938345
0.06777451
0.06889629
0.003675184
-0.05637294
0.02387252
-0.05021844
-0.05850953
-0.04925728
0.04837416
-0.05994821
-0.02399191
-0.004118628
-0.01382442
-0.1018815
0.09819134
0.090143
-0.02935107
-0.01847891
0.003146614
0.0007619942
0.03543352
-0.05307686
-0.004303367
0.005009016
0.03124787
0.0145382
0.003671979
0.005723902
-0.03275757
0.08376431
0.05433216
0.05138594
-0.01486844
0.0775442
-0.09898798
0.005416778
-0.009563831
0.07450915
0.08367611
0.08766087
-0.00723854
0.0527047
-0.06734064
-0.07598728
0.04975417
0.07128452
0.1036248
-0.05056304
-0.01895592
0.105959
-0.07549217
0.06651938
0.03459262
-0.06507028
0.03576877
0.06239573
0.02025697
0.04589141
0.07594877
-0.04839615
0.02789881
0.004137539
0.0880585
-0.09868835
0.0943509
-0.04305074
-0.00685376
-0.08372227
0.003130537
0.1039976
0.04814719
-0.09667689
0.05529093
0.02114961
0.05249127
-0.07042055
0.09828772
-0.08475194
-0.0680517
0.07776694
-0.03672473
-0.05968564
-0.01788561
0.09768187
-0.06199929
-0.01473488
-0.1013018
0.105467
1.394513e-05
-0.01667398
-0.05777575
-0.09434583
0.09382455
0.056348
0.03831129
0.06595147
-0.06678823
0.04013789
-0.05545366
-0.02111793
-0.08159389
0.01794221
-0.07018232
-0.02677695
0.007546893
-0.001793439
0.09559319
-0.03935279
-0.09275861
0.085821
0.02798589
0.1049722
0.03106284
0.09393833
0.08792152
0.03039158
-0.008234679
-0.04609843
0.08635418
-0.0721884
-0.0465863
0.01726234
0.1068932
-0.1037125
-0.1042804
-0.07580095
-0.01986502
-0.1053802
-0.1079089
-0.0400719
-0.05660811
-0.03048509
0.05514357
0.0882646
-0.05355793
0.004878944
-0.0279969
0.08549414
0.0800067
-0.01850142
0.03838924
0.03504312
0.05111723
-0.02056514
0.01240114
-0.02686998
0.04551548
-0.03113682
0.04902517
-0.05076036
-0.05835493
0.1063811
0.05495432
0.06238865
-0.06451854
0.05092664
0.02780584
0.09814741
0.009248837
-0.06394765
0.05663766
0.05510942
-0.09595994
-0.03809275
0.01347762
-0.04775604
0.02240605
-0.08096174
