0.03211042
0.1066203
-0.01817688
0.08326746
0.08004504
0.0405198
0.05711354
0.09541311
-0.0397314
0.02460212
0.0614972
-0.02874402
0.01021808
-0.02044285
-0.09052931
0.03045961
-0.08157812
-0.004820566
-0.02764135
0.0005651028
-0.02123605
-0.07977423
0.08019877
-0.05563344
0.08082613
-0.03468375
-0.0810601
0.04932312
0.09894864
-0.03211974
-0.03542846
-0.09301604
-0.02400334
-0.01455047
0.01757169
0.0746473
0.07612605
-0.04284724
0.05950426
0.01202292
0.04625127
0.009511971
-0.06133955
0.0513439
0.06432132
-0.09671763
0.03782638
-0.02279753
-0.07462407
-0.02125167
0.1052009
0.01537528
0.007920543
0.1001611
-0.05923682
-0.05295277
0.01211204
0.08204383
-0.01019911
0.0005125774
0.1008831
0.0408746
0.09683116
0.03830621
0.01015598
0.02151817
0.07909132
0.02962752
-0.08971911
-0.09191655
-0.09879367
-0.05296337
0.1078045
-0.05137081
-0.01524255
0.001032837
0.03866023
-0.1000591
-0.02505514
0.01180702
0.06613136
0.08840972
0.06872203
0.08159126
0.04457358
0.06921037
-0.04340735
0.08809637
-0.08359206
-0.03918412
0.05512066
0.09122479
-0.08789118
-0.09778225
0.08009084
-0.03484241
-0.06513242
0.01503802
0.1009675
0.04149262
-0.04904539
0.08920299
0.08748449
0.07250193
-0.03623566
0.09916065
-0.08812232
0.07104879
0.08265693
0.02286409
0.06542095
-0.0780111
-0.06072213
-0.02201332
0.1024669
-0.07267874
0.100265
-0.03211894
0.06067684
0.08188576
-0.01814579
-0.003748086
0.06205229
0.03905331
-0.06816493
0.09539046
-0.02596356
0.1034752
-0.07753539
0.07023349
0.1011163
-0.09746609
-0.06932254
-0.09783486
-0.04933518
0.06468752
0.08583987
0.0337206
-0.04174338
-0.1055592
0.1067663
-0.06229681
-0.08306047
-0.002988754
-0.1010608
0.05524115
-0.05880551
-0.03135863
-0.0626231
-0.09648486
-0.01967777
-0.08983591
-0.0005822157
0.02466577
0.005866217
-0.09495716
-0.05418399
0.08572345
-0.003505963
0.04188656
0.05883729
0.03472563
0.01579702
0.08777238
-0.02601276
-0.07465634
-0.0382605
0.08808467
-0.01879386
0.08894282
-0.01940075
-0.0005185969
-0.03050073
-0.04538476
0.06273205
-0.06028295
0.05589223
-0.09700214
-0.09110308
-0.0601086
0.08575874
0.03614797
0.06163641
0.1028589
0.06261458
-0.02590424
0.02879345
0.07015975
-0.0403783
0.08807416
-0.07830965
-0.09589441
0.01600622
-0.07007113
-0.0687957
0.05912115
-0.06721055
-0.02728469
0.01113811
-0.08551029
-0.04958762
-0.001463467
-0.05545366
-0.006172949
-0.03789586
0.0838232
0.02126873
-0.04239026
-0.05923476
0.07397712
0.07437944
0.01732701
0.07975625
0.06774286
-0.01242526
-0.04642263
0.08040942
0.001749974
0.03329791
0.005049872
-0.07770674
0.009369643
-0.0176188
0.05258267
0.0560161
-0.03846962
-0.08654832
0.01950071
-0.009074437
-0.05778811
0.06720892
0.06785045
-0.007172726
-0.08991839
-0.02868019
-0.1005539
0.08375483
-0.08837267
-0.09236713
-0.08037289
0.04176174
0.07064486
-0.02787352
0.03765572
0.03004282
0.08009937
-0.0900976
-0.1037387
-0.0469168
0.0006431378
-0.102246
0.0001341616
-0.0580628
-0.07000674
0.09344137
-0.1074615
