0.05535132
-0.02169303
-0.08062012
-0.004594269
0.05606604
0.01471773
0.03841032
0.04478539
-0.03589948
-0.09989303
-0.1020941
-0.03742721
0.03610619
-0.06395558
-0.01452056
0.08495609
-0.06520521
0.04350552
-0.02428477
-0.0281548
0.03714075
-0.01856564
-0.07432096
0.02134028
-0.000863065
-0.0007837387
0.0781646
0.01192365
-0.01100765
-0.09188452
0.1049104
0.005044626
0.02610928
0.04236226
0.1076602
0.04814241
0.06525058
0.05058658
0.07931209
0.08320652
0.02573818
-0.04093318
0.0859555
0.1070825
-0.07859509
-0.01738454
-0.09786136
-0.1065337
-0.07880217
0.1031078
-0.0962423
0.03691269
0.08610647
-0.04316397
-0.04009914
0.02872423
0.07555085
-0.006552246
-0.04476963
-0.07636186
-0.03036459
0.05566876
0.02661392
0.05268583
0.0975095
-0.03008284
-0.1035782
-0.05421186
0.0795929
0.05363809
-0.1029533
-0.003411764
-0.01650387
0.0004131228
-0.02404571
0.017759
0.01041329
-0.005334591
0.1010897
0.1070941
0.06342446
-0.02636574
0.03230245
0.02155543
-0.1032186
-0.007896461
-0.08161882
-0.01562017
-0.06668882
0.0470403
-0.0416571
-0.08523397
0.07132224
-0.0231628
0.09443303
0.02628954
-0.1008175
0.02485846
0.08162445
0.02840157
-0.06742267
0.1024282
-0.01142281
-0.07824174
0.04372801
-0.07928939
0.03627914
-0.05687705
0.1052703
-0.05999768
-0.02225148
0.05923818
0.07532699
-0.0480717
0.08123886
-0.01256761
0.01164568
-0.07078511
-0.0242894
-0.08121442
0.0477644
0.1068764
-0.02893585
-0.07360382
0.03011253
0.0616415
0.008209162
-0.09680796
-0.08896155
0.07502486
-0.06601619
-0.1055721
-0.02711748
0.1062708
-0.04017945
-0.06251977
0.02699452
0.1079115
-0.07117593
-0.08889087
-0.07606754
-0.02143902
0.02531266
0.08938543
0.05734936
-0.07328817
0.06960555
0.01441751
0.01668995
-0.09705649
0.0246541
0.03537041
0.07424112
-0.02282339
-0.05669017
-0.01457262
0.08438408
-0.06272671
0.08564742
0.09305973
-0.08799323
0.02734889
0.05039793
0.03420017
-0.09555233
-0.02220516
-0.08887308
0.09654777
0.09703169
0.09202649
-0.02841923
-0.09541025
0.02651303
0.05625616
0.09435835
-0.04586181
0.06711643
-0.08112279
-0.02022701
0.08108117
0.0442496
0.06824934
0.008711703
-0.05851759
0.07804682
0.08600493
-0.1037387
0.0326003
-0.083621
-0.07394793
-0.002441349
0.05219537
0.03672983
0.008815706
-0.1063542
0.03905924
0.07839291
0.01012436
0.008719581
-0.08129042
0.0266542
0.008394303
-0.0525592
-0.0007543857
0.03531637
0.06794073
-0.0006730946
-0.07822012
-0.09218717
-0.0254466
-0.09864074
-0.08560003
-0.08260404
0.07917412
-0.003889523
-0.08008115
-0.03175684
0.01828195
-0.03341445
0.08695188
0.1030487
0.06345911
0.03020911
0.07263341
0.09570057
0.03083231
0.0317261
0.07256664
-0.0772617
0.01278431
-0.04694605
0.0750312
-0.07790463
-0.07478578
-0.05847903
-0.007321804
-0.004262124
0.04886749
0.06976264
-0.09293819
0.02058915
0.09032254
0.06145872
0.1003547
0.1018967
-0.04207993
0.04525064
0.01652559
-0.005397406
-0.02223871
-0.09129649
-0.05162032
-0.07068692
0.03313927
-0.02468355
0.1050547
