0.04047521
-0.02973953
0.04047295
-0.03364828
0.07126278
0.03483894
-0.03132359
-0.09058274
0.02179469
0.0859962
0.09806855
-0.01495199
0.09130488
0.01303984
0.09427286
-0.1081431
-0.01464001
0.02277895
0.06282344
0.1024795
0.07510223
0.1077604
0.03189165
-0.07437756
-0.1022464
0.09686475
-0.08569547
0.01323628
0.05744197
0.008592586
-0.006073441
0.04494139
-0.04865465
-0.006529396
0.07892
0.01912539
0.1053765
0.09540101
0.0968287
0.01450967
-0.1056058
-0.04067829
0.08070678
-0.07206406
0.07888987
0.0348065
-0.08460499
0.1025782
-0.06400739
0.009260505
-0.104123
0.0170432
-0.01390094
-0.0667307
0.09320799
0.06661183
0.03625309
-0.04308754
-0.09592853
-0.0930599
0.03723067
0.009785869
-0.003246588
0.01391813
0.06685681
0.06397557
-0.0839601
0.0002309318
-0.09314839
0.07944156
0.0820082
0.08469244
0.02966351
0.04348161
-0.02217451
0.06062152
-0.04784175
-0.08080646
0.07791763
0.1059893
0.03339971
-0.09741725
0.07110002
0.09086253
-0.08969228
0.09228271
0.08397402
-0.0557145
-0.0216899
-0.08568004
0.09879748
-0.07039066
0.001986197
-0.0166875
0.02910234
0.01013725
-0.08030354
-0.001042966
7.828073e-05
-0.01569154
0.02246139
-0.08928543
-0.06161591
-0.0298018
-0.05841789
-0.07789034
0.04717626
-0.04675981
0.0145843
-0.08628588
0.09654021
-0.02925948
0.02924343
0.1008752
0.007430064
-0.1011852
-0.035937
-0.0900902
0.06236076
-0.0210289
-0.08004274
0.0451686
0.0349741
-0.04789884
-0.001403686
0.05236696
-0.006672589
0.08384594
-0.03046302
0.05609955
-0.09222889
-0.1059152
0.0185157
0.07729741
0.01725926
0.09813211
-0.03503979
-0.03969154
0.05164305
-0.07602975
0.1073434
-0.04933167
-0.07563964
0.05348234
-0.07217228
0.06464051
0.05710637
-0.0894545
0.1045203
0.03748444
-0.04627502
-0.04991855
0.001347899
0.01560543
-0.06673075
0.02000226
-0.01451024
-0.08073201
-0.07370187
-0.06128311
-0.04459964
0.0607482
-0.03815835
0.01539868
0.02691881
-0.03521203
0.1076291
0.04639873
0.02295017
-0.03150909
-0.06632402
-0.06056202
-0.09508552
0.06133495
-0.07053687
-0.06449958
-0.09370904
0.06209125
-0.06196812
-0.05898355
0.04963272
0.04605348
-0.05866926
-0.02176754
0.01889979
-0.001062654
0.09894864
0.08482163
0.04845046
-0.08853252
-0.03992035
-0.06914117
-0.0855962
-0.04755109
0.1065109
-0.01319203
-0.06430496
0.05221285
0.1030946
0.0009517899
0.09917632
0.09182113
0.003089587
-0.03198473
0.02930326
-0.04877445
-0.03475856
0.06475001
-0.05674062
-0.06707407
0.08080442
-0.1059328
0.06770442
-0.00761648
-0.02244768
-0.01830554
-0.0421763
-0.004660103
-0.0423311
-0.04273234
0.0714971
-0.0004912204
0.02543308
0.03764958
-0.06543217
-0.01873651
0.02053373
-0.02460212
0.02387012
-0.1047548
0.003639751
0.008758644
0.09473686
0.09513641
-0.01784327
-0.04477507
-0.106931
-0.03229502
0.0002925824
-0.08986054
-0.07004534
0.03081421
0.09293569
0.07274251
-0.03470743
-0.1023846
-0.05847113
0.03086493
0.009562925
-0.04743541
-0.02939874
0.0208745
0.07195979
0.04707641
-0.07961203
-0.05983813
