0.06039036
-0.09224715
-0.04553916
-0.03651985
-0.06418513
0.01866549
0.01321035
-0.10721
0.0413341
-0.04396978
-9.845158e-05
-0.02093075
0.02736247
0.03305182
-0.09430733
0.02763539
-0.002308611
-0.1057377
-0.1070158
-0.002801658
0.06501474
0.04467827
-0.05759253
-0.02053022
0.04420537
-0.04434694
0.08270609
-0.09449676
0.02677852
0.02092648
0.06288474
0.02154477
0.07520085
-0.0739319
0.09798132
0.03549325
0.08164486
-0.08279864
0.05575614
-0.001408284
-0.05869239
0.002163778
-0.07679013
-0.09004738
0.0002781135
0.101778
-0.07962511
0.101358
0.06477041
0.1035992
0.09012107
0.006305058
0.1021191
-0.05103066
0.00180211
-0.002938053
-0.000710535
-0.03844607
0.04214043
-0.048326
-0.007748625
0.04125896
-0.06470082
0.008362615
-0.02496488
0.0640915
-0.07320718
0.03593203
-0.03963333
-0.03554297
-0.0008215611
0.02454394
-0.0443002
-0.09803518
0.06512
-0.06502341
-0.01342892
-0.02514704
0.008642496
-0.02279567
-0.01486306
-0.07357583
-0.06059511
-0.1023753
0.007032976
0.04685401
-0.1075724
-0.02677713
-0.05979814
0.09255417
-0.02931953
0.08282619
-0.08586966
-0.1031705
-0.1023584
-0.07360073
0.03113011
0.06202542
-0.03062872
-0.01029962
-0.02490073
0.08597621
0.09566955
-0.06039147
0.06069363
-0.0101391
0.004679984
0.09719688
-0.07141389
0.04064256
-0.03031709
-0.09128083
-0.04410222
0.05474118
0.06166286
0.04616664
-0.08687907
-0.01665843
0.08973109
-0.01656734
-0.08220938
-0.04907275
0.03555192
0.07251849
-0.02882203
0.09572664
-0.07437937
0.06844927
0.04319396
0.03116584
0.0153623
-0.1079825
0.07556787
0.05486204
-0.08477031
0.08461296
-0.03094332
-0.07564926
0.06286941
0.007274508
-0.04180682
-0.01850732
0.05029009
-0.02621674
-0.03638666
-0.07256164
-0.02678439
0.01934425
-0.03385679
-0.04924312
-0.053979
0.07722805
0.007085424
0.03343069
-0.05112468
0.08563803
0.1011896
-0.01352856
0.08168825
0.07704734
-0.07249921
-0.10425
-0.0213977
-0.03399752
0.05439522
-0.08054977
0.09966473
-0.06423047
0.003923743
0.04296401
0.05896579
0.03553943
-0.0448052
0.1004898
-0.0296744
-0.06902749
0.02005374
-0.002560772
-0.05494645
0.09585521
-0.00306745
0.08937985
-0.07963511
-0.04137677
-0.0181753
-0.02048668
0.1008831
-0.06804684
0.05555483
0.09686971
0.01487334
-0.09110611
-0.0949262
0.02811889
-0.06491859
0.05456602
-0.0371701
-0.008722969
-0.008743525
-0.0358608
0.04183665
0.02752905
-0.08304538
-0.09590922
-0.01480425
0.09357371
-0.08513529
-0.1035858
0.03932166
0.05077795
-0.05572948
0.08263551
0.02028928
0.01915043
-0.01856308
-0.09128894
0.04923671
0.07667767
-0.03383232
0.0809169
0.0697528
-0.06668181
0.03487992
-0.0898518
0.0308428
0.01351381
0.08901527
0.07073177
-0.03085534
0.05724479
0.05070807
-0.09086585
0.001855556
-0.04226043
0.02114731
0.001189195
-0.0716587
0.0670253
0.03299782
0.007914186
0.08452623
-0.09642825
-0.04525086
0.01568597
0.0002949518
0.0495647
-0.006056017
0.0927356
0.09868866
0.03691419
0.002776467
0.06534982
-0.06001205
0.08328118
0.04724348
0.0705181
