-0.08814555
-0.05898109
-0.08907534
0.04490725
0.1020038
-0.02281036
-0.01237129
0.0680614
0.09822901
0.07272314
-0.04569523
0.07018387
0.1069634
0.05085054
-0.06383979
0.04680366
-0.07124372
-0.04661872
-0.06589124
-0.08987287
-0.05468366
-0.06477279
-0.04743074
0.0984033
-0.02855373
-0.05988379
0.06200251
-0.02086208
-0.04591434
-0.01691702
0.03165535
-0.07136271
0.08079912
0.04634865
-0.07362388
-0.08933375
-0.08243882
0.1074633
0.02463485
-0.05036404
-0.05400407
0.05398716
-0.03369005
0.04797672
0.05827412
0.1069322
-0.03933827
-0.005641358
-0.06348358
0.06161803
-0.02550617
-0.05734098
-0.01256167
-0.1012946
0.07140313
0.08175411
0.09654532
-0.0221052
-0.03062958
0.08189366
0.1080925
-0.07175656
0.08946235
0.1052146
0.06297488
0.06917678
0.01358398
0.03638332
0.02372644
0.07190893
0.08767615
0.06789232
0.08050168
0.09943763
-0.02453796
0.02381768
-0.06326905
0.01761918
-0.06851953
0.04262237
0.04938604
0.01381982
-0.09366857
-0.09658324
-0.005987781
-0.0473034
0.07506255
0.03407372
0.1008025
0.04772595
-0.03912417
0.1028152
0.01020355
0.008262099
0.06962711
-0.01544679
0.1070722
-0.07388866
0.02013389
0.01459829
-0.04660721
0.08501785
0.004156699
-0.03261916
-0.05024697
-0.08046116
0.01420075
0.1030745
-0.09488985
0.05509019
-0.04272431
-0.09600428
-0.003050964
0.1043249
0.02213268
0.06916176
-0.01754882
0.07558656
-0.0777126
0.01228687
0.09982887
0.08115218
-0.04591665
-0.02923994
-0.004861905
-0.03259154
-0.02602544
-0.04184169
-0.0933437
-0.01301539
0.01295371
0.06618889
0.002980431
-0.06634847
-0.01755762
-0.005424424
-0.03395356
-0.01010626
-0.09148757
0.06443287
-0.06217702
-0.07426716
-0.02942516
0.01267663
-0.041542
-0.007034375
0.00471787
-0.09678968
-0.08380355
-0.0679119
0.02428515
0.1051737
0.07811453
-0.04245916
-0.06772345
0.0893671
-0.05161307
0.03695092
-0.048179
-0.07917289
-0.09063721
-0.01410527
-0.03896502
-0.05595837
0.09123769
-0.06866898
0.0006180188
0.0214775
-0.01166102
-0.05069759
-0.03649521
-0.06101915
-0.05873815
-0.02660443
0.06040293
0.004297426
-0.07810802
0.02856953
0.05747178
-0.01019359
0.03093512
0.07886162
-0.0718824
0.02571823
0.01561719
-0.07350612
0.06205229
-0.02399911
0.07684396
0.08264242
0.01138319
0.0430351
0.1080294
-0.04610705
0.04546358
-0.02272985
0.04331677
0.04928331
-0.1036836
0.01942092
-0.01298188
0.01821708
-0.04557979
0.06299552
-0.08976312
0.02166611
-0.008189434
-0.006117467
0.08242496
0.05572405
-0.09708907
0.03003884
0.06272887
-0.09002572
0.09661444
0.06153373
-0.05914797
-0.02683561
0.07790328
0.05476246
-0.03395769
0.06558108
0.02090542
-0.08605605
0.05141272
-0.1054471
0.09393933
-0.05866575
0.03249327
0.02930546
0.02689049
-0.07135382
0.102984
0.04109095
-0.04880245
-0.06694034
0.003232863
0.08896615
0.06824425
0.03895396
0.07602776
0.05489689
0.0348617
-0.0367563
-0.005638622
-0.09631476
-0.0543577
0.05223101
-0.09028135
0.01289039
0.09891064
0.09602708
-0.02855118
-0.07347702
-0.08871777
0.06752308
