0.06460769
0.04920164
-0.0743945
0.07556027
-0.09709213
0.03123295
-0.01258289
-0.1053696
-0.07620183
0.0255348
0.09388753
0.03000584
0.09091832
0.05213226
-0.02627228
-0.03000454
0.09237465
-0.01992959
-0.1047689
-0.08919811
0.04457897
0.08647519
0.07143141
-0.003240005
-0.04873861
-0.007663437
0.04395475
0.0569436
0.1064262
0.04758842
-0.009315224
0.003002224
-0.03134761
-0.003339249
0.04573112
0.06888206
0.05141179
0.09700748
-0.03224793
0.03634604
0.0840406
0.0409903
0.0568921
0.01132774
-0.09363633
0.01622442
-0.06508368
0.00393908
0.09774167
-0.08264732
0.101457
0.078078
-0.09604868
0.06715549
-0.04886749
-0.1043163
-0.03151585
0.02870097
-0.02988808
0.002871101
0.1079638
0.04732434
0.08116694
-0.01590729
-0.007666327
-0.07921476
-0.08838919
-0.003950523
0.09316084
-0.01145125
-0.04097641
-0.05538284
0.09531827
-0.03405714
0.07988308
0.0931412
-0.03519258
-0.04954378
0.005655516
0.02137969
0.01399234
-0.08137498
0.01450902
-0.005882223
-0.04985987
0.1047772
-0.06213859
-0.05413687
0.09767139
0.05262671
0.002523663
-0.009718649
-0.0414551
0.04617622
0.08836053
-0.01199164
0.05942228
0.0147363
-0.08540243
-0.0204761
-0.03551172
-0.052157
-0.007364382
0.01640994
0.07672273
-0.1020436
0.05068932
-0.05814647
0.06081869
0.03858534
-0.07305074
-0.05411921
0.102922
0.05886333
0.07531545
-0.02822207
0.03827078
-0.01479284
0.0333298
0.03877885
0.09688397
0.001395809
-0.01228738
-0.08737731
-0.01128802
0.0686366
-0.01885192
0.02165272
-0.0894868
-0.08285327
0.1064075
0.03331594
0.02948335
0.07938282
-0.04845995
0.03593607
-0.09208423
-0.09637384
0.07944963
0.0840194
0.1042226
0.08621371
-0.08058273
-0.07468092
0.06786569
0.004347995
0.06326547
0.02346852
0.05783898
0.09553923
0.03551241
0.0511482
-0.05387159
-0.0873582
0.05956641
0.04481481
0.04372403
-0.05902153
0.09059229
-0.006938453
0.01396832
0.02961916
0.04057735
-0.09267633
0.103915
-0.09488891
-0.0472928
-0.008557
0.06882072
-0.07019066
-0.1026102
0.09586372
-0.02419017
-0.07964887
0.07043146
0.07750564
0.05813481
0.08429922
0.04278003
0.03275179
-0.01368843
-0.0007570331
-0.005865634
0.01801786
0.04793215
0.005121154
-0.04284724
-0.02110289
-0.03486837
-0.05032572
-0.01324212
-0.08587712
-0.07693229
0.07805056
0.01401608
-0.08648274
0.02830159
-0.003997354
0.0768635
0.09121981
-0.03776098
0.09798628
0.05053951
-0.08878588
-0.02958174
-0.01629902
0.1051716
0.06065433
0.01199245
0.02874104
-0.08864508
0.03700023
-0.1015893
0.01253184
0.1062654
-0.05080156
-0.03708872
0.1079121
0.03503392
-0.06076182
0.014828
-0.03205862
-0.09878863
0.08720227
-0.0543814
-0.100784
-0.07853282
-0.0540933
-0.02593088
0.09481742
-0.1007381
-0.02637859
-0.06966075
-0.1007095
0.08132327
0.1019777
0.01749648
-0.02828028
0.08947798
0.02978511
-0.006432203
0.08445137
-0.06942569
0.06502163
0.08926199
0.06299067
0.06766272
0.02371404
0.08667241
-0.1023006
-0.05813018
0.09622526
0.0303233
0.002052779
0.02634674
-0.000614267
