0.04879336
0.05880395
0.04022098
0.09670763
0.04655834
-0.0551146
-0.06816826
-0.05177225
-0.09125204
-0.1015341
-0.00346932
-0.02010715
-0.006783388
0.02770097
-0.04488138
-0.08542168
0.007079785
0.08976585
0.02410312
0.08300548
-0.03836424
-0.05979675
0.04974969
-0.03210466
-0.02696953
-0.0449854
-0.03543994
0.07247008
0.0933061
0.03472658
0.06504768
-0.04550764
0.1039486
0.09410684
-0.05350108
0.04373733
-0.05906203
0.04386401
-0.0276288
0.05723506
0.0170643
-0.03320742
0.03202028
0.06280962
-0.06185187
0.1005059
-0.06832203
0.04080164
0.08180578
0.09969732
-0.01124791
0.03467578
-0.06973475
0.01519945
0.08126887
-0.06734157
0.004467294
-0.01885662
-0.02365123
-0.008473575
0.07402947
-0.08541135
0.01814634
-0.01783177
-0.04635877
0.07640105
-0.03833082
-0.0980035
0.05125796
-0.1026116
-0.1069588
-0.0161075
-0.08350398
-0.08427846
0.02173203
-0.02789176
-0.06543651
0.009608073
-0.02043831
0.08369961
-0.03783043
-0.02811683
-0.01283349
-0.08425535
0.006612683
-0.07811084
0.03212301
0.09907307
0.03556169
0.06404332
-0.01649028
-0.07651507
-0.003667243
0.07141613
-0.04177994
0.08665542
0.007865532
-0.09380116
-0.07062394
-0.09366589
0.06967515
-0.04728086
0.06559739
-0.08109779
-0.02579521
-0.06338517
-0.06842927
0.05078281
0.05607245
0.1032014
0.03958083
0.06984973
-0.07336324
-0.0925777
-0.004814955
-0.02924175
0.03303928
0.06091989
0.02673174
-0.09899542
0.01165195
0.07025788
0.005307487
0.1027401
0.006871425
0.0956405
0.05870574
0.1057503
0.009131165
0.04211057
-0.006065629
-0.0530976
-0.07027166
0.08417003
0.04430939
-0.08920127
0.03489719
0.08863507
0.05064925
-0.05303905
-0.07294986
-0.05350834
0.03572996
-0.00478032
-0.002700447
-0.04606377
0.0358661
0.002639065
0.02715044
-0.004861009
-0.03606395
0.08520047
-0.03008725
0.009514431
-0.06830078
0.1006015
0.07747183
-0.06247597
0.003669052
-0.09718204
-0.01859856
-0.03560654
-0.03305874
-0.09760042
-0.05821473
-0.0624712
-0.06399772
0.04372636
-0.06891239
-0.03705914
-0.0531849
0.00406795
0.01507981
-0.05586952
-0.0745931
0.07703705
-0.04912534
0.008035161
0.03044825
0.07946308
0.1022492
0.01541483
0.0574367
0.04524888
0.1008935
0.02782127
0.01015598
0.01338121
-0.06474707
0.03779292
-0.06848592
0.03081325
-0.01349647
0.03715314
0.07360773
0.06296286
0.05757952
0.01049863
-0.1058758
0.06697031
0.06803545
0.03269783
-0.09659539
-0.01223404
-0.04363381
-0.01462102
0.1072837
0.0990367
0.02692725
-0.03141154
0.09464686
-0.0782835
-0.04910901
-0.0500665
0.03673486
-0.09250798
-0.07207173
0.004940125
-0.0633553
0.03580358
0.09813999
-0.01875341
-0.09814263
-0.008011427
0.06683376
0.100558
-0.08055986
-0.01993307
0.02413843
-0.07119423
0.03909596
-0.000420336
-0.01645641
0.1054605
-0.01265087
0.06218231
0.009915668
0.07788734
0.08767463
0.06187196
0.08252816
-0.08698165
-0.05937561
0.03243922
-0.006124363
0.04365957
-0.07620101
-0.06475879
-0.02666546
-0.03624524
-0.03300289
0.02430707
0.001326056
-0.05296351
0.1067293
0.007295091
