0.1081976
-0.06406292
0.1024954
0.02408887
-0.02471012
-0.02781533
0.09483813
0.09804268
-0.01943998
0.00275829
-0.05847086
-0.03047608
-0.09843912
-0.0434527
-0.01952464
0.0271209
-0.08203764
0.03012297
-0.02503235
-0.004015576
-0.06655163
0.01309708
-0.08444319
0.09749074
0.02235479
0.02991794
-0.04823814
-0.08856189
-0.09222889
0.07134504
0.03835968
-0.05672136
-0.06708125
-0.003362227
0.01594052
0.09414278
0.1029099
0.1064075
0.06983749
0.08390558
0.004232125
-0.05639947
-0.04762727
0.02138104
-0.0255613
0.007174909
0.01354897
-0.0738862
0.1000241
-0.0006126644
-0.01206616
-0.05417911
-0.007978755
0.05782781
0.02799664
-0.06147284
0.07508419
0.04688159
-0.07883607
-0.01444036
0.0153623
0.01746123
-0.02847909
-0.06679369
-0.006065629
0.06995189
-0.001485306
0.04960507
-0.09425835
-0.08538819
-0.09080505
-0.07116259
-0.02520604
0.1048594
-0.08029932
-0.09787659
-0.05274849
0.05495036
-0.04283251
0.0532913
0.002214416
-0.06290936
0.02094491
-0.08595193
0.05688247
0.09557568
-0.06973404
0.1010604
-0.009826677
0.1017446
-0.06667714
0.09391937
-0.07371224
-0.08953889
-0.1027646
0.06315981
0.01954713
0.0621484
0.03642356
-0.03914207
-0.04741946
-0.07891893
-0.1025467
0.06764846
-0.0129783
-0.01290572
-0.1077108
0.09153245
-0.01242016
-0.04568602
-0.09667107
-0.02813451
0.0626917
-0.04096802
-0.07554952
-0.06500672
-0.005961149
0.06276005
-0.05884372
-0.009250993
-0.1055199
-0.1058743
0.01295371
-0.007409701
0.04171696
0.04477056
0.0896006
0.01339713
0.07840446
0.02620032
0.0478007
0.08197376
-0.06371816
0.02357743
0.1073063
0.0643675
-0.003573851
0.05281115
0.04865303
0.08139249
-0.07784306
-0.03654042
-0.02716492
0.06136712
0.06208756
-0.03979247
-0.1004631
0.06823508
0.1064177
-0.02487432
0.02651979
0.0331519
-0.01856586
-0.1024956
-0.08558648
0.08354836
-0.07520265
-0.07847109
-0.03275228
-0.006700258
-0.04316737
-0.07072766
0.0180955
0.04076179
-0.1009679
-0.05176321
0.06610026
0.03076318
-0.02021154
0.01483173
-0.07790606
0.07478658
0.06224129
-0.1004251
-0.04222881
0.01483043
0.08071303
0.06349412
-0.09862106
-0.03276308
-0.07885879
0.05606421
-0.01716608
0.05659086
0.04274584
0.05232543
-0.05596387
0.09225542
0.05707214
-0.001607983
0.05821596
-0.03585706
-0.01608638
0.004286137
-0.08150554
0.03697839
0.01791515
0.02775917
-1.9873e-05
-0.03815975
-0.01396173
-0.04142386
-0.06734064
0.08751684
0.08570466
0.1059538
0.1061538
0.02115344
0.06005988
-0.01609344
-0.04342974
0.08864149
0.02864987
0.08562036
0.09969515
-0.1015733
-0.03514163
-0.05132341
-0.06776702
-0.08604688
-0.02690406
0.04848848
0.07521254
-0.01916898
-0.03378364
-0.03359418
0.03608588
0.06849781
0.03681668
-0.0545645
-0.06613461
0.04759727
-0.0629871
-0.01655408
-0.002343158
0.03072019
0.03329828
0.003429155
0.03892915
0.00632408
0.1037044
0.01760412
-0.05322579
-0.08038244
-0.08992874
-0.002742451
-0.07605246
-0.06601619
-0.001326292
0.06933278
-0.08551174
-0.06306319
0.02931623
0.01512798
-0.100207
0.06740481
