-0.04152085
0.08844885
-0.009017495
-0.03709951
0.1063665
0.06788328
-0.04437063
0.08138122
-0.03963971
0.09954579
0.09279349
-0.0008357729
-0.001784084
0.1065655
-0.02276243
0.09683745
-0.08846415
-0.02538603
0.04990911
0.05330149
-0.07070951
-0.02988677
0.03493515
0.02766237
0.04865679
0.0373696
-0.09896625
-0.04335257
-0.002733794
-0.03379078
-0.09189383
-0.0354629
-0.08174151
-0.07734893
-0.02675374
0.05599457
0.07892413
0.07721043
-0.07945048
0.07864209
0.02041577
0.01954224
0.09049609
-0.09614176
0.0443138
-0.00043767
-0.02905301
0.1078663
0.09850948
0.00288423
0.03686701
-0.1078439
-0.001525417
0.006768387
-0.04202973
0.07790712
-0.093918
0.007451835
-0.1068872
0.03507518
0.008406824
-0.01177975
0.06151505
-0.07348944
-0.0747873
0.06762398
0.1034642
-0.04651902
0.03405754
0.06641065
0.06928944
-0.0421887
-0.09218673
0.02546007
-0.07877344
0.06693455
0.1034651
0.08669481
-0.06868503
0.09137183
-0.07868728
-0.0988667
0.03740988
-0.08060583
-0.06078027
0.03439289
-0.03841094
0.0005366397
0.00745304
-0.00885645
0.004044391
0.01562451
-0.02506285
0.07709319
-0.03125773
0.07763726
-0.0173074
-0.05837003
0.04834981
-0.08799643
-0.07507797
0.08769929
0.01596363
0.03948089
-0.09131243
-0.03202733
-0.03175627
-0.08334112
-0.001637306
-0.01444417
-0.05795933
-0.06508332
-0.05258267
-0.0879081
-0.04988502
-0.06572061
-0.01786227
-0.1043608
-0.06669368
-0.05078713
0.02091713
-0.08303235
-0.07496642
-0.01711603
-0.09870475
-0.004825387
0.0976726
0.08477428
0.08902036
-0.0616909
0.0271209
-0.1050156
0.06147368
-0.1064194
0.05653781
-0.03654337
-0.08561789
0.08850803
0.05893643
-0.08134072
0.09952438
-0.03466311
0.02344729
0.01636679
0.1052205
0.105344
-0.008792559
-0.02679877
-0.1013694
0.04744029
-0.05371961
-0.02018642
0.07052607
0.0144907
0.01648735
-0.0423986
-0.04556869
-0.04949187
0.04534899
-0.05620783
0.01298688
-0.03766585
-0.04802768
-0.0507951
0.0005345547
0.01470108
-0.08094964
-0.09767286
0.06780368
-0.06463887
0.04739451
0.04005203
-0.07276722
0.07507592
-0.005197504
0.04525739
-0.04393084
-0.0591286
0.08714941
0.02599442
-0.05796823
0.02165063
-0.07917292
-0.09662899
-0.06365561
-0.05855538
0.03045961
-0.06069
0.03660275
0.03488487
-0.04257015
0.01447066
0.03323964
0.03587539
0.0007435731
-0.101448
0.05701593
0.06210294
0.07013238
-0.02536457
-0.03169499
-0.03669387
0.04383175
-0.02513759
-0.1015122
-0.009387237
-0.04775801
-0.03544671
-0.09695502
0.008657127
-0.02577798
0.1079154
0.006412876
0.08366657
0.06832357
-0.03795572
-0.05062717
-0.04810516
0.05508836
0.1036903
0.03084351
0.07626267
0.0769116
0.0127432
-0.05345769
-0.02671017
0.009752114
-0.09854969
-0.03579019
0.06551056
-0.001393287
-0.05222128
-0.04661838
0.06861591
0.01977633
-0.02297868
-0.08424056
0.1074926
-0.1071056
-0.05379694
0.03688263
0.02623838
-0.01689079
0.02820519
-0.09973487
-0.01170037
-0.03719715
0.06441054
0.07699023
0.09165732
-0.04417945
0.08716308
-0.0876279
-0.0227357
0.03853871
-0.07503675
