-0.0873052
-0.04147249
-0.05072172
-0.04363207
-0.06143684
0.008101362
0.03020898
0.1015088
-0.07451936
0.09349401
0.09521971
0.1077051
-0.002395406
0.0008028594
0.08308721
0.04202086
-0.08162514
0.04995193
0.06921718
0.03837611
-0.05401168
0.07786431
-0.04170743
0.07795659
0.1070106
-0.01690193
0.1019996
0.08199608
-0.01608111
0.09327824
-0.09590404
0.04780687
-0.02667588
-0.08030681
-0.04530383
0.04437452
-0.03053329
-0.08292495
-0.08213525
0.03928024
-0.08478674
0.03820984
-0.01185678
-0.03022923
-0.07451633
-0.007688163
-0.03548041
-0.07873552
0.001061146
-0.09584649
0.07090354
0.00411502
-0.06506302
0.03141008
-0.1051381
-0.003879125
-0.03340812
-0.06711432
0.007412345
-0.06210262
-0.103153
-0.05168224
0.07768792
-0.05091589
0.04533288
0.05244809
-0.04009871
0.04966643
-0.01188303
0.06579191
0.03962343
-0.001409065
-0.0541975
0.100493
-0.0129534
-0.01936545
-0.04054918
-0.03000353
0.004371966
-0.08462241
-0.06528052
-0.01336122
-0.04358344
0.01262334
-0.08867457
-0.005072154
-0.08948356
-0.007977869
0.01428406
-0.03058885
0.02813743
-0.01979019
0.03204695
0.02596484
0.08704606
0.1016765
-0.01505601
0.1027795
0.004153442
0.01598431
0.05803315
-0.09945636
-0.09651686
-0.01722408
-0.04305985
-0.07100441
-0.1021052
-0.05414358
0.02921291
-0.08737512
0.05193705
-0.05510657
0.03514145
-0.0403304
-0.0542517
-0.05942599
0.007465551
-0.002054418
-0.04438265
-0.06197376
-0.0229435
0.06142947
0.005245158
0.02372111
-0.01344692
0.04312777
-0.01282674
0.06309853
-0.06277734
0.06856102
-0.02813451
0.007768187
-0.06879286
0.05958131
0.04717255
0.07496297
-0.02198119
0.02437858
-0.008544744
-0.04394083
-0.05971165
0.06812849
-0.0857625
-0.08774338
0.02903777
0.05815933
0.09734076
0.08583798
0.01708394
0.02859285
-0.05641902
-0.008297538
-0.03787898
0.06922074
-0.03284358
-0.04630598
0.01988094
-0.06037544
0.06711642
-0.09461622
-0.08451632
-0.07734583
0.03612325
-0.0832516
-0.09225509
-0.08106888
-0.003131859
-0.06554055
0.04063182
0.08957939
-0.03661577
0.08284727
0.08103983
-0.08722121
-0.003715263
-0.1059148
-0.00613938
-0.003779326
-0.1053484
-0.08298147
0.1031991
0.02377552
-0.09273294
0.06140336
0.01882207
-0.03896669
-0.0780111
0.03955543
-0.05162528
0.04651355
0.09638815
-0.06222056
0.05879639
0.005906867
-0.03853124
0.07447099
0.02025069
-0.08401832
0.05825434
-0.0549361
-0.0119635
-0.03818729
-0.1073718
-0.09560245
-0.09575899
-0.08567151
-0.028954
-0.1080172
0.053076
-0.01580351
-0.0591553
0.03546741
0.05125409
-0.06532961
-0.0809174
0.1066547
-0.0706894
-0.06220613
0.006267859
-0.09306484
-0.03994843
-0.001183447
-0.02729791
0.01493251
-0.02566374
-0.02270365
-0.1000952
0.07786541
-0.09000172
0.022983
-0.08679795
-0.03148535
0.09578326
0.06351476
-0.03527291
-0.1068699
-0.06306234
-0.06925398
0.0584009
-0.08797644
-0.02545644
0.0978929
0.07078887
0.00597886
0.03038099
-0.0851934
0.04232624
-0.04552669
-0.02163746
-0.09877817
-0.05755749
0.05082942
0.04815679
0.04047109
-0.03481207
-0.0005602908
