0.02695266
-0.02789685
0.01719915
-0.01894583
0.1057763
0.1008534
0.03208601
-0.1020142
0.005768641
-0.07082734
0.07185936
0.06746482
-0.05772921
-0.0005671266
0.02185509
0.0007435731
-0.007778895
5.653683e-05
0.0627571
-0.02710962
-0.09303764
0.06787482
0.09236047
0.06147556
0.08981179
0.06354518
-0.07075137
0.01111229
0.1065109
0.06339531
-0.02159271
0.03126176
0.08200292
0.02903656
-0.03722386
0.004738627
0.05727817
0.01401608
-0.01856341
-0.05308275
0.06137843
0.06723633
-0.04052397
0.05134755
-0.04189436
-0.05645861
0.0204839
-0.07352468
-0.0007616006
-0.07060866
0.07457919
-0.04544369
0.07697058
0.003455275
0.01718398
0.0032122
-0.004371497
-0.02551718
-0.09193886
0.1038072
-0.06491859
0.04766262
0.04525131
0.002477014
0.07360773
-0.03572471
-0.04820255
0.07646968
-0.05929039
0.104713
0.1058982
-0.09665523
0.03983955
0.01290712
0.01488022
-0.09318117
0.01674831
-0.09199244
-0.09223881
-0.04549951
-0.03739495
0.02658002
-0.08374529
0.01830282
0.03236096
-0.03813623
0.01376512
0.02567052
-0.05230091
-0.08896867
-0.06256469
0.0315984
0.04573523
-0.05474919
-0.1001401
-0.002442284
-0.0970039
-0.07224116
-0.004661327
0.07170419
0.007202461
0.02385999
0.06504729
0.09453879
0.0027873
0.04777482
-0.04638828
0.004563953
-0.01173915
0.05526774
0.08958485
-0.03853124
0.01580708
-0.08872198
0.02629321
0.0229928
0.04183993
-0.1069889
0.04912497
-0.01779072
0.004155007
-0.02581142
0.04546358
-0.07139604
-0.09984448
-0.04861644
-0.04664169
-0.1019102
-0.03010854
0.1015148
0.08349828
-0.02928319
0.02148746
-0.1023958
-0.02716191
0.04907277
0.06347408
0.06830423
0.01543489
-0.04144409
-0.0518962
-0.1018872
-0.08404505
-0.06332472
-0.07774315
-0.08717874
-0.03860723
0.06472198
0.07502697
0.08771355
-0.1015037
-0.1004777
0.02938689
0.009339823
0.05288449
0.08856011
-0.01565649
-0.0135043
-0.1018555
0.07456214
-0.08236075
0.04195107
0.06800286
0.0658894
0.1004253
0.09914877
-0.0181054
0.02384483
0.07869145
-0.0999677
-0.02129696
0.07769627
-0.07587753
-0.09663539
0.05246368
-0.09338006
-0.07785587
-0.1045687
0.05202514
0.03663889
0.1014042
-0.04219306
0.05960677
0.00807254
0.03422482
0.07485062
0.08938804
0.01190822
-0.08656019
0.09813513
0.05761096
-0.03101276
0.01114358
0.0214844
-0.01494398
0.0705521
0.07256015
-0.01211695
-0.05794979
0.007703939
-0.05401241
-0.09733197
0.09559319
0.1015488
-0.06522384
-0.07150409
0.04066227
-0.0961511
0.07691453
-0.01493441
-0.1070044
0.0840391
-0.07340164
-0.02201206
-0.02353244
0.06201491
0.03272403
0.006210045
0.0366585
0.03855715
-0.05548328
-0.04062444
0.01254372
0.03481059
-0.002324511
0.02207229
-0.06061394
-0.07926488
0.05179311
0.03634464
-0.05402278
0.09047893
-0.0438841
-0.03366375
-0.005802379
0.05525484
0.02817096
-0.0646487
-0.1057273
-0.09219171
0.02499826
0.07804854
-0.06784438
0.07200904
-0.01709548
-0.04435554
-0.03175914
-0.1063542
-0.02211548
0.08864225
0.02216372
-0.08329839
-0.08924774
0.08004063
0.05106674
0.06241769
