0.06314921
-0.04888457
0.07523655
-0.04290632
-0.07742776
0.04265752
-0.06337442
-0.06770154
-0.02751279
0.04653236
-0.01634082
-0.04355472
0.03845067
-0.03570382
0.09702457
-0.08341999
0.08948539
0.0913513
-0.1052679
-0.1009751
0.006794491
0.05145421
0.04188558
0.01003195
-0.03787328
0.01707527
0.0860313
0.08447004
-0.04246864
-0.05101456
0.03629456
-0.04158081
0.02912281
0.01305803
-0.08666589
-0.02567186
0.01463932
-0.09739115
-0.004334304
-0.10321
-0.01303822
-0.055783
0.06742763
-0.01313845
0.08396202
-0.08566387
0.0945922
-0.02738754
-0.07328417
-0.10505
-0.02893641
-0.01516903
-0.01590102
-0.104546
-0.04166896
-0.04973655
0.07950634
0.04721082
-0.05846779
-0.04029074
0.1037076
0.09559787
0.05911209
0.07169411
-0.09618233
-0.07744898
0.0009282974
0.03773504
-0.07018082
-0.02378085
0.0906016
0.1000949
0.05630785
-0.09244862
-0.01666852
-0.06973106
-0.05195585
-0.01803052
-0.05789293
-0.07121592
-0.01414509
-0.05953209
0.09686583
-0.02651824
-0.03045822
0.1063396
-0.03769168
0.08494139
-0.0281551
-0.1077319
0.05649377
-0.0158776
-0.08006658
0.07620914
-0.006378926
-0.1054408
0.09504564
-0.02655114
0.07951847
0.08072811
-0.1035626
0.08095488
0.08017375
-0.08504532
0.09942788
-0.01847244
0.09031712
0.0077477
-0.05444373
0.0610322
0.02184184
-0.06416474
-0.02678406
-0.09410081
0.1055429
0.003535779
0.09650951
-0.06127654
0.04043072
-0.007257945
-0.05286308
0.07292663
-0.04518264
-0.08312479
-0.0254332
-0.06219034
0.001854349
0.004340656
0.09071971
0.09638593
0.09749074
-0.0007695158
0.01655076
0.1061133
0.01492885
0.02468617
-0.07577422
-0.04177088
0.04896529
0.0138805
-0.07670097
0.01116431
0.02711312
0.03973077
0.03758679
-0.04462468
-0.07748117
0.1003171
0.01527306
-0.06388921
-0.05113924
-0.08860067
0.03865153
0.09558348
-0.07508466
0.03622336
0.06097861
0.08686338
0.001983805
-0.02519502
0.05452656
-0.01010168
0.01524523
-0.03822853
-0.05013841
0.04998436
-0.1066795
0.03210513
-0.06397173
0.03344883
-0.04835337
0.07763734
-0.02354553
0.04876282
-0.0470831
-0.02343481
-0.04768644
0.01423233
-0.02663247
-0.08023497
-0.07521996
0.04489889
-0.05028505
0.07256169
-0.07129654
0.03834197
-0.05563344
0.03190949
-0.0358846
-0.008289547
0.04471214
-0.03103546
-0.04166063
0.05214199
0.06147556
0.007713507
-0.06194963
-0.02522347
0.02193219
0.06682716
-0.08767033
0.0579661
0.08085037
0.07165809
0.09030698
-0.01966181
0.08302739
-0.004839928
-0.1014719
0.09911067
0.0114538
-0.04674826
-0.02184541
-0.03899541
0.06149119
-0.1070242
0.05083863
0.022945
0.03591652
0.07284202
-0.08998819
0.04222753
-0.03399155
0.05478587
-0.07982022
0.04783892
-0.1028352
-0.02065097
0.07754406
0.06960375
-0.03603981
0.03292403
-0.02369668
-0.01254147
0.02189769
0.1058437
-0.09211038
-0.03111048
-0.06363755
-0.02095685
-0.03005121
0.06209019
0.009821693
0.04540471
0.005407449
0.01818293
-0.0605499
0.03953201
-0.03589908
0.04102611
0.1028627
0.0445412
0.02142861
-0.07116445
0.07426576
-0.002166058
