-0.04925944
0.04387056
-0.09799396
0.0392391
0.08471641
-0.1065356
0.06569632
-0.05369492
0.07767414
0.03698955
-0.0009918027
-0.05811852
0.04695241
-0.07932259
0.002032802
0.07052607
0.03757272
0.02674676
-0.01903778
0.04258707
0.008923448
0.0232598
-0.01043233
0.03865153
-0.08632451
0.06503889
0.09572677
-0.02962743
0.001347899
-0.04324375
-0.07535725
-0.009118068
-0.05669854
0.01455071
0.1035392
0.06036765
-0.07388186
-0.05387159
0.0945427
0.06627175
-0.004152183
0.04993434
-0.09638905
-0.0689875
0.01781262
0.01317969
0.08143569
-0.07366347
0.08555021
0.09976264
0.03057173
-0.07047682
0.05355523
-0.07303024
-0.05805515
-0.007531084
0.02446471
-0.01804916
0.003723562
0.0590382
0.007085424
0.08862001
0.08495886
-0.009207585
-0.03008725
-0.02256966
-0.03817693
-0.01885133
0.01822478
-0.02572323
-0.07553881
-0.07569865
0.03246512
0.06415934
0.0603259
0.008369891
-0.09285113
-0.08263209
-0.07676528
-0.08907448
-0.06305863
-0.06483538
0.08337254
0.03910656
-0.06813386
0.04577436
-0.07126465
0.1007165
0.06942854
0.0147497
-0.05689269
-0.0121206
-0.01864117
-0.03234449
0.0645271
-0.008310596
0.009841709
0.09190664
-0.1050259
-0.0306862
-0.002177253
0.05364859
0.02414396
-0.02366968
0.02624748
0.06919421
0.009806076
-0.05004786
-0.08879264
-0.04371448
0.003712718
-0.03787898
0.0776067
-0.09753036
0.04522415
-0.09749158
0.09041873
-0.06262601
0.09872633
0.09430926
0.0148825
0.05907514
0.07811453
-0.08223487
-0.06446065
-0.05660457
-0.03365358
0.07628705
0.04907189
0.07533852
-0.003431251
-0.02521634
-0.04969865
0.07817922
-0.06917902
0.1017502
-0.00154672
-0.08628286
-0.01248514
-0.04052852
-0.004604258
0.008208269
-0.09104078
-0.03536649
-0.1077686
-0.04597313
0.01528905
0.07074562
-0.06543558
0.00797984
0.07693384
0.02573056
-0.1033238
0.05590741
0.06679531
0.1058303
-0.00777978
-0.04147674
-0.05615628
0.09003009
0.07749115
-0.107851
-0.09055703
-0.04002352
0.08265299
-0.02601057
-0.04802489
-0.00562286
-0.05601262
0.05583641
0.1056701
-0.04788155
0.0315848
-0.089424
-0.03423144
0.0907751
0.06863697
0.1001066
0.08558869
0.004512109
0.07833875
-0.01205369
0.0961874
-0.1031978
-6.146019e-05
-0.05102466
-0.02658649
-0.01566719
0.02334489
0.008306511
-0.08527038
0.01552121
0.06437235
-0.1044
-0.06354821
0.05606165
0.07161886
-0.09722637
-0.03752403
0.0498562
-0.08500699
-0.003099302
0.0943509
-0.03031241
0.0295881
-0.07710449
-0.04118731
-0.09664668
-0.02271964
-0.08527824
-0.03431854
-0.04274917
0.1055699
-0.05261213
0.03912046
0.01594059
0.06015991
0.004029849
-0.08124413
-0.02252024
-0.02118313
-0.08725526
-0.09893886
0.05479793
0.09914104
0.0854879
0.06721324
0.1021199
0.02617355
-0.03424237
0.08959078
-0.05355209
-0.01392936
-0.04164726
0.0377891
0.07298782
-0.06352924
-0.08090572
-0.08149756
0.0209079
0.09603312
0.05898688
-0.04090151
0.02117739
0.08713348
0.04697694
0.03577914
0.07424112
0.005232696
-0.08090055
0.02502494
-0.09911391
0.01071479
-0.08557612
0.03854856
0.03145095
