0.02169411
-0.001298034
0.01914283
-0.09016274
-0.03562858
0.0855917
-0.09816244
-0.0513498
0.04304991
-0.03866987
0.02036812
0.06210524
0.07484355
-0.04045185
0.09259649
0.01987903
0.006452289
-0.06067186
-0.05308767
0.01199061
-0.0004811586
-0.08799464
-0.01919098
0.03618719
-0.05675587
-0.06380891
0.0366331
0.07014211
-0.0861139
-0.1070593
-0.08768384
-0.05125475
-0.02805278
0.08727107
-0.1022696
0.1082261
-0.02900796
0.05758028
-0.02074865
0.0827153
0.05250857
-0.0487238
0.09177176
0.0558803
0.06598294
-0.03609264
-0.09225745
-0.03851919
-0.1076187
0.0840127
-0.03039743
-0.07606284
-0.02205774
-0.07621902
-0.09489699
-0.1079102
0.0204195
-0.08224295
-0.1033591
0.01826663
-0.01119669
0.09070616
-0.03439062
-0.1037162
-0.04442228
-0.02995027
0.06216186
-0.08356141
-0.0319515
-0.07029934
0.06946889
0.07891493
0.08887991
0.04820672
0.01150778
-0.02325703
0.0193633
-0.03372055
-0.01175008
-0.03721366
0.09820427
0.1029021
-0.02961402
-0.0621235
0.02206376
0.08759875
0.07722851
-0.0905555
-0.06156415
-0.08834955
-0.001791336
-0.1007366
-0.01366115
-0.007087984
0.1051697
0.1031206
-0.05441612
0.02277164
0.06507894
-0.05501818
-0.01071483
-0.0302994
0.0763277
0.08561887
0.03039327
0.08487763
-0.04626646
0.005486627
-0.08916947
0.07623468
0.05685711
0.07463293
-0.004315937
0.05429753
-0.04265611
-0.05073934
-0.05469698
-0.0785986
-0.01478372
0.08709815
-0.02221864
0.07893801
0.07239147
0.01588276
0.0156466
-0.03105148
0.08196869
-0.03674618
-0.02302162
0.02523679
0.06224129
-0.02226456
-0.06956127
0.1049726
0.0593675
0.007963729
-0.03158818
0.009003838
-0.08271348
0.05806398
-0.03618427
-0.005432525
0.02921295
-0.02404639
-0.08618753
0.04576664
-0.0574196
0.09564518
-0.05041285
0.0941561
0.01663451
0.06936536
0.0315848
-0.06632029
-0.05586225
-0.07138579
0.06887404
0.07066686
0.01569762
-0.02071575
-0.09189292
0.07245234
-0.07002366
-0.004351134
0.03511683
-0.09176882
-0.04263199
-0.07071503
-0.02906105
0.02018738
0.1045563
-0.05190589
-0.07349221
0.0266176
-0.04064417
0.06552284
0.03932874
-0.1042731
0.08532671
-0.002672542
-0.071445
0.04312967
0.0285673
0.07941741
0.09580372
-0.07078681
-0.03050073
-0.09532595
-0.009308533
-0.08833472
0.05820465
-0.09992196
-0.06058924
-0.01321771
-0.07587753
-0.04731072
-0.0005560679
0.0268595
0.05966594
-0.06613884
0.07880613
-0.1048062
-0.09629841
-0.08536579
0.05026728
0.04962559
0.05762763
0.04678831
-0.1000032
0.0507942
-0.07923804
0.06164898
-0.002637331
-0.07172393
0.09928578
0.01494521
0.1061007
-0.0958431
0.07108372
0.06050239
0.04840556
-0.02765119
0.05135445
-0.09002235
0.03018627
-0.07411025
-0.03861623
-0.01891935
-0.05992629
-0.09953457
0.09208129
-0.0136326
0.02423249
0.05215902
0.0173713
0.002851643
0.0173788
0.008223412
-0.07115316
0.08650937
0.05980542
0.05407212
0.03964718
-0.08486374
0.06823093
0.03028895
0.05029163
-0.1007914
-0.09675803
0.08784945
-0.008996389
-0.03261007
-0.0514608
-0.07853257
0.05941804
0.06730928
