0.07878407
-0.07197618
-0.0374452
0.05911808
-0.100771
-0.09992986
0.1074324
-0.06058866
0.03607111
-0.009633801
-0.04919502
-0.04476908
0.093691
0.07917935
-0.08706965
-0.07928161
0.03751404
-0.01837669
0.002203492
-0.1072193
0.06124182
-0.1055823
0.03923248
0.08624867
0.09998859
-0.05756167
-0.02539807
0.01678058
0.06851387
0.08212388
-0.0729695
0.01006013
-0.1015449
0.02064935
0.08442268
-0.004136179
-0.05154745
-0.0687708
0.07963472
0.09013114
-0.06135386
0.096264
0.007438386
0.07345677
0.1012092
0.1057628
-0.02848315
0.005391564
0.03289041
-0.07508101
-0.0892468
-0.0547541
-0.078389
0.04711241
-0.10529
0.02562355
0.1026093
0.01868716
0.001047935
-0.0749496
0.03532174
0.0452897
0.01786901
0.02156913
-0.103245
0.05398007
0.03634214
-0.1063813
0.03228091
-0.07711871
0.03295249
-0.03640642
0.0315171
0.02397583
0.06699331
0.08344729
0.04859819
0.01192218
0.04215563
0.01067564
-0.01987105
-0.0724671
-0.05869871
-0.08146247
-0.06504053
-0.09477709
0.08461095
0.04992444
-0.08184139
-0.06629639
-0.02239574
0.04893349
-0.02728019
-0.04648786
-0.08536679
0.06424329
0.002551249
0.02241509
-0.09792438
-0.01721761
0.07342761
-0.02297113
-0.01928347
-0.04746435
-0.05670677
0.08301274
-0.1013369
0.04966189
-0.0457849
0.02291531
0.0589471
0.09712942
-0.05299558
-0.01843314
-0.1028368
-0.006698149
0.02817193
0.03081598
0.0006841072
-0.02070135
0.01432323
0.01653843
0.05510587
-0.08202639
0.03746601
0.07529254
-0.04717292
0.05736958
-0.004938622
-0.07201171
0.05782781
0.09975868
-0.05674174
-0.09713588
-0.08443802
0.06539386
-0.0238412
0.01551147
-0.07653043
0.001248023
0.09646488
0.08685269
-0.01792977
-0.009811882
-0.03872313
-0.08670954
-0.01493831
-0.04009872
0.1056087
-0.01427842
-0.02135394
-0.02278564
-0.07303024
-0.01785805
0.001906928
-0.0471573
0.03292441
0.02635645
0.04517001
-0.05346407
-0.002095127
-0.03857498
0.03188589
0.1043308
0.06096191
-0.02298006
-0.009144496
0.01123131
0.03677956
0.06193722
-0.01984569
0.04212032
-0.04744034
-0.07861169
-0.1056753
-0.1004105
-0.03186098
0.06573867
-0.01394393
-0.077036
-0.04071718
-0.08086201
0.07354829
-0.01164873
-0.08689199
0.09576803
0.1001611
-0.04869042
0.07454992
0.08209432
0.02706438
-0.008306975
0.04172822
-0.04023582
0.003455275
-0.03353163
0.01210869
0.04615659
-0.0301394
-0.07161622
0.03252381
-0.03512689
0.004955451
0.02659439
0.03885055
0.09162124
-0.08947807
0.00252036
0.0209431
0.05184946
-0.07051894
0.01141289
0.04170135
-0.1031783
0.04436928
-0.02651112
0.09920741
0.0226525
-0.01726024
-0.02965847
-0.1001726
-0.07049169
-0.0211306
-0.05630316
-0.08088887
-0.0153386
0.1057566
0.01030184
0.001567949
-0.04319762
0.01489147
-0.04071691
-0.09881777
-0.005320476
0.04394977
0.04493135
0.01833027
-0.02459158
-0.0983071
0.01757949
-0.04801853
-0.04166397
0.003160457
-0.0339014
0.06249603
0.0576804
-0.0519313
-0.02931572
-0.04960259
-0.001959864
-0.009773185
0.08988628
0.06276448
0.02850005
-0.003597271
-0.04284944
