-0.09421968
0.09653424
0.00537965
-0.08137974
0.040621
0.08737855
-0.002366767
-0.05792409
-0.006073167
-0.01283852
-0.105693
0.05524706
0.04457674
-0.01275701
-0.05903984
-0.009017495
-0.08736886
-0.03508568
0.0571248
0.0006301607
-0.004237662
-0.03068709
-0.09469792
0.07523655
0.09034323
0.05434555
0.07542934
0.03056564
0.04047295
0.08444717
-0.08194122
0.06851101
0.0708009
0.03874387
0.0177326
0.0423714
-0.07974811
-0.0743945
-0.05705326
-0.07439795
0.0780009
-0.08308816
-0.01074703
0.06570741
-0.08326451
-0.074239
0.04538279
-0.02774865
0.0641913
0.1025816
-0.01643803
-0.04972975
-0.090761
-0.0374452
0.04691626
0.06839486
0.05950305
0.05693438
0.000188494
-0.02412322
-0.04553916
0.08103075
0.0277754
0.09880914
0.04022098
0.06257216
-0.09745966
0.03806589
-0.07121059
-0.09829105
-0.002498063
0.02416659
-0.008040282
-0.01379097
-0.0854283
-0.01311265
0.08423274
0.061843
-0.07920659
-0.08938003
0.04573512
0.01679942
-0.07950618
-0.0537956
0.02706551
-0.01449037
0.03608704
0.07933452
-0.08347655
0.02496897
0.09786019
-0.0971106
-0.03161214
-0.107886
0.07922031
0.09181695
-0.01942825
-0.007795098
-0.005209361
0.006305999
-0.01492064
-0.001668721
0.00213674
-0.01480007
0.02228706
0.1011803
0.1013569
0.02703709
-0.1065436
-0.0904824
-0.08660426
-0.05072172
-0.06057975
-0.02845619
-0.005818214
-0.001529594
-0.08182656
0.04084817
-0.04075075
0.02121767
0.09756124
0.08333103
-0.08907534
0.0160779
-0.01432337
0.01148727
-0.07221567
0.01550117
0.03693046
-0.03359411
0.06657326
0.05408935
0.1007945
0.06651483
-0.05379451
-0.0009748049
-0.0382063
0.06640269
-0.107291
0.0307184
0.05569271
-0.02260793
-0.07809999
0.05015557
-0.0137833
0.0583983
0.02440006
-0.08274182
-0.04551132
0.1048453
-0.04154578
-0.03097504
0.08040615
-0.0298264
-0.001217221
0.1015698
0.1012775
0.01081058
0.02969677
0.008359396
-0.008439624
0.09827882
0.04724804
-0.08303142
0.1067268
0.05410936
0.08819206
-0.06687216
-0.06434936
-0.0650945
0.02971615
0.08088996
0.01914283
-0.03239654
-0.06451812
0.07065044
-0.02054425
0.002781277
0.1074569
-0.002103044
-0.04424048
-0.06600728
0.01287349
0.005602536
0.01304764
0.04762404
0.04214991
0.07788607
-0.0190536
0.02724758
-0.06961557
-0.01849703
0.01946885
0.06562509
-0.01057941
0.009320825
0.09379334
-0.09434171
0.07292773
0.09765683
0.09510221
0.05411126
0.06712051
-0.03747725
0.06807332
0.03487285
0.07530481
-0.06583188
-0.06187262
-0.02926473
0.01886825
0.09304009
0.07767577
0.08007893
0.0783921
0.04894121
-0.02822112
-0.10585
0.0238779
0.01878859
0.09752177
-0.007899533
0.05674627
0.03263582
0.02882649
0.04799696
-0.07010567
-0.1028407
-0.07362867
0.0752935
-0.01262492
-0.004495274
-0.0285043
0.03994986
0.09417459
-0.06775639
-0.09706755
-0.0277597
0.07539859
0.06946559
-0.05420862
0.01290323
0.05868795
0.03565314
0.00554357
0.09803022
-0.08554879
-0.08062012
-0.09877763
0.01703412
-0.08986512
-0.02293254
0.1060879
0.03472337
-0.02180781
0.0492611
