0.01302037
0.01392851
-0.107291
0.03050586
0.027585
0.01758908
0.05569525
-0.0794121
-0.009292523
-0.09556228
0.0550144
0.05558942
-0.04711367
0.01677527
0.03479233
-0.0805859
0.0598387
-0.1063582
0.06833781
0.02076658
0.1046012
-0.06178168
-0.0130946
-0.00803923
-0.02521672
-0.02378069
-0.0514112
-0.0111423
-0.01858244
0.02249165
-0.006785831
-0.09977458
-0.07507025
-0.005107579
0.05618656
-0.1038355
0.06394466
-0.0506503
-0.01159224
-0.06739597
-0.08007909
0.006327899
0.0735819
0.0746578
-0.09671634
-0.006135071
0.09022864
-0.04785275
0.06559243
-0.08920799
-0.03679066
-0.0550792
-0.04876822
0.0009003821
-0.02277911
-0.08523563
0.08814968
-0.01875257
0.09369744
-0.0279266
-0.03309575
0.02492029
-0.05339561
-0.01712161
-0.03380718
-0.003600599
0.01088038
-0.0410489
0.1063027
0.01174918
0.02513133
-0.1039299
0.08947893
0.02590427
-0.01591664
-0.08896233
-0.04645511
-0.0552279
-0.06611238
-0.0789904
0.03134416
-0.06944723
-0.07690216
-0.00439276
-0.09525675
0.05581009
-0.005604548
0.04122896
-0.04499914
-0.08282983
0.04716614
0.05302981
-0.0386589
0.07718445
-0.01337046
0.0813962
0.06118848
0.02233769
-0.0234388
0.03194681
0.1041798
-0.01545779
0.08160331
-0.08624867
0.02750164
-0.04273778
-0.001848272
0.05238033
0.05182001
-0.04063509
0.04814475
-0.02030247
0.006638133
-0.07049435
0.04240579
-0.03588591
0.06838027
-0.03724652
-0.03163698
-0.02140951
0.1048998
-0.06451268
-0.08662116
0.04243234
-0.09943107
0.01785664
-0.06367764
0.005676929
0.05502674
-0.02346597
0.04865303
-0.04924355
-0.07750548
-0.06614397
-0.04666879
-0.0829803
-0.09503242
0.04764638
0.1071894
-0.0493565
0.09023506
-0.09757692
0.05889026
0.05854893
0.02720029
0.03252517
0.05080191
-0.0610054
-0.06907479
-0.01374305
-0.08822463
0.05753951
-0.01248514
-0.0805162
-0.04707227
0.01595357
0.1001499
0.0397893
0.002277298
0.05077339
0.01896068
-0.1052954
-0.02123182
0.002653096
-0.1012331
-0.002625652
0.09333961
-0.05964589
0.05240845
0.01334446
-0.08478439
0.03451331
0.03799256
-0.05855097
0.0182577
0.102791
-0.06097426
0.05166525
0.09633457
-0.09866928
-0.0250471
0.05300286
0.0951607
-0.07245634
-0.03238208
0.01882452
-0.04174338
0.0794453
0.01211634
0.1044169
-0.05801798
0.07670951
-0.01846745
-0.03068721
0.01543489
-0.02968602
0.03515638
-0.03868584
-0.07887402
0.08286011
-0.08477374
0.06272355
0.01987602
0.08986022
0.07109934
-0.1080889
0.03459581
-0.06391481
0.08248035
-0.04247148
-0.08710375
-0.08906149
-0.03031172
-0.0824917
0.004847535
0.02110772
0.01824693
-0.05593659
0.0303115
-0.1055985
0.08459775
0.01275998
-0.01963216
0.04345983
-0.007729234
-0.01125831
0.08275436
0.1033292
0.01989913
0.02589621
0.04081986
-0.1079123
-0.09982206
0.05966603
0.09107959
0.03198111
0.02805568
0.01581108
0.02607986
-0.09104256
-0.06839128
-0.03165735
-0.08246461
0.0788596
-0.01983421
0.0710936
-0.02791016
0.07895096
-0.04700439
-0.02847896
0.08224589
-0.01628633
-0.09344191
0.09484101
-0.06799897
0.1045639
