-0.0454432
0.009678397
-0.08194122
0.02287721
0.03465657
-0.03018194
-0.05054328
0.08420314
-0.0270371
0.03775268
-0.03814491
0.06694804
-0.0889461
-0.03447954
0.0001765774
-0.07971964
0.1008037
-0.01979292
0.1020253
0.02968084
-0.008526018
-0.05378861
-0.06972332
0.01927399
-0.0737165
-0.02128445
0.02991628
0.04345455
-0.01127551
-0.04866434
-0.09373404
0.004143362
0.01211106
0.06684012
0.02345765
0.001573988
0.009113051
-0.0100253
-0.04951907
0.07127
-0.005880784
0.03108234
0.02093816
-0.07881915
-0.05442646
-0.03705965
-0.09637124
0.0477546
0.06309556
0.1035424
-0.08677862
0.04310852
-0.07884821
-0.039922
-0.01886006
-0.1026837
0.02577158
0.0001918808
-0.0336046
-0.1065652
0.04069024
-0.03247018
0.1043721
0.0685351
-0.01373333
0.01572911
0.1020456
0.09419259
0.008243773
0.09045834
0.05655173
0.1036381
-0.01749634
-0.06826001
0.08385369
0.1025415
0.07662204
-0.09783288
-0.06442303
0.07155991
-0.03824227
0.08406101
-0.07966285
0.09826109
-0.05822772
-0.09656661
0.02030293
0.08782571
0.07119413
0.09193132
-0.01927978
0.01351241
0.03501551
-0.07399944
0.0784937
-0.02009971
0.065372
-0.06859098
0.1055948
0.07793094
0.07011241
-0.02043692
-0.0933943
0.02397098
0.1063004
-0.01371809
-0.07391855
0.08375198
-0.07281102
-0.1078773
0.07888612
0.1026318
0.04797233
0.04777321
0.01081262
0.02208787
-0.08529066
0.04084089
0.0704843
0.06235499
-0.08654474
0.08995888
-0.02988301
-0.03796026
0.09886788
-0.08859033
0.05495453
-0.02691055
-0.08904673
0.1038106
0.03835968
0.07119661
0.1001628
0.02841012
-0.1020847
-0.0009214259
-0.06847502
0.02476189
-0.0263248
0.02879728
0.07515795
0.05442126
-0.02695944
0.04070967
-0.09684984
0.06604741
0.04875059
-0.1005371
0.000373626
0.09268609
-0.05456067
0.09117656
-0.07535725
-0.0584891
0.07272355
0.06114828
0.04328103
0.07531959
-0.08018526
-0.07329415
-0.06458724
0.006959882
0.08172783
0.01902098
-0.03770358
0.04020923
-0.09190981
-0.04607594
0.02007959
-0.07075656
-0.06257363
0.08476112
0.08183163
-0.06807879
-0.04292189
-0.03262748
-0.06993107
-0.06930291
0.060935
0.03815292
0.008563247
0.02626434
-0.05147204
-0.04066388
0.07658051
-0.09545989
-0.03542846
0.09580169
-0.08005545
0.05551977
-0.09383428
0.0969974
0.03327068
-0.08589967
-0.02159271
0.0152007
0.02857689
-0.04984667
0.05198196
-0.0273337
0.05910092
0.05255383
0.0961237
-0.08707824
-0.03911136
-0.1081209
-0.0004481369
0.1014053
-0.1030482
-1.511612e-05
-0.01813392
0.07083628
0.0473532
-0.09916579
0.05728072
-0.06862658
0.02079724
0.02154919
0.07519653
0.07780758
-0.07509632
0.05098429
0.07872555
0.09729719
-0.02528004
-0.08801603
-0.06517608
-0.03012128
0.09182952
-0.01319107
-0.02660522
-0.005455618
-0.08992828
-0.004785758
0.05873521
-0.07581918
-0.04253139
0.1049823
-0.0224827
0.03544267
0.05886475
0.02464043
-0.06972549
-0.1040291
-0.06543806
0.01068658
-0.04103188
-0.06455988
-0.0001194134
0.02363416
0.06663679
0.02499024
-0.02043333
-0.006252207
-0.1066713
-0.01372489
