0.06125782
-0.03257272
-0.04710563
-0.1018597
-0.1021173
0.03840315
-0.05464035
0.05499242
0.005474857
0.08041765
-0.1003115
-0.06224689
0.05429282
0.08447146
-0.07946129
0.06788328
0.0149289
-0.1044163
0.04830864
-0.1068304
0.01699386
0.04538662
-0.03258549
0.04265752
-0.08039305
-0.05008691
-0.06902242
0.05362139
0.03483894
-0.007719881
-0.03018194
-0.04767592
-0.06843715
-0.04989963
-0.02616511
0.1008458
-0.06578969
0.03123295
-0.001599691
0.07716648
0.004311706
0.07672994
0.09779721
0.004536146
0.01037327
-0.02225803
0.0917532
-0.03626528
0.07228634
-0.09339663
0.004325
0.01421153
-0.07108966
-0.09992986
0.04018081
0.06342325
-0.02918672
-0.03915649
-0.05136086
0.02032584
0.01866549
0.01012131
-0.07310249
0.09873946
-0.0551146
-0.04582803
-0.09927241
0.03522632
0.007662776
-0.01848656
-0.102853
-0.0445131
-0.009216352
-0.08304246
-0.09194055
-0.08811983
-0.04019526
0.05375659
0.07076598
0.07057464
0.0584587
-0.009411109
-0.05531794
0.00845462
-0.06456194
0.02537046
0.08853807
-0.07826885
0.06929645
-0.03379054
-0.05615683
-0.06044292
0.01332749
0.0268653
-0.03643152
-0.01798207
0.03654656
-0.1057175
0.06567317
-0.02624836
0.04674684
0.03927347
-0.007644624
-0.03566971
0.06892595
0.03125276
0.03448139
0.01137403
-0.08150914
-0.02792744
-0.0761506
0.008101362
-0.0995715
-0.09414557
-0.005382006
-0.02905201
0.09501515
-0.08349176
-0.02599264
0.04234163
0.07680527
0.07983448
-0.02281036
-0.08147018
-0.03739054
-0.04481193
0.09418049
0.01966909
0.04143765
-0.002937629
0.05692938
0.003712008
-0.1013587
-0.03931556
-0.0696599
0.05891133
0.0803512
0.04650155
0.01758908
0.09699693
0.03633956
-0.06768785
0.06428211
-0.0659341
0.004052304
0.05922312
-0.05500862
0.09323189
-0.06042359
0.09457509
-0.03265391
0.01374431
0.01278114
-0.01291561
0.07540798
-0.02364461
0.0383325
-0.05513707
-0.04862682
-0.004602465
-0.08673954
0.09112971
-0.07481717
0.01649842
0.02784437
-0.04438034
0.0287576
-0.07565027
-0.09961101
-0.09071131
0.006136208
-0.02524338
0.0855917
-0.1046161
-0.03473856
-0.06510325
0.03325371
-0.0528383
-0.07609056
-0.03691206
0.04347586
-0.07391338
0.0007978302
0.0282327
-0.0008202376
-0.06341467
-0.02231404
0.004177995
-0.03490992
0.07030682
0.04755318
-0.01670291
-0.07378596
0.05244215
-0.06173366
-0.05638915
0.01733922
0.1075304
0.09466174
0.06284442
0.0697049
-0.07367526
0.04054293
0.0426155
0.04862199
0.02663464
-0.003277764
0.00343469
-0.07705136
0.07540271
0.08140945
-0.007443794
-0.08360334
-0.03600236
0.1066921
0.07601959
0.08889172
-0.07697348
0.03541971
-0.0923964
0.1057372
-0.01246465
0.01942928
0.02887523
-0.06404598
-0.08103867
-0.01321215
-0.1069215
-0.1079133
0.03247477
0.01931142
-0.03730235
-0.1055187
-0.09013095
-0.01986077
-0.03146096
-0.03299805
0.1025153
-0.05798656
0.1037458
0.1071932
-0.1034173
0.006511173
-0.057271
-0.06873187
-0.03209501
-0.04337355
0.01471773
-0.01347617
0.09910069
-0.01418354
0.00332022
-0.07451968
0.05192902
0.08890111
-0.07032881
