0.02739576
0.0901374
-0.07349444
-0.06577198
0.008439267
0.0543763
-0.01946882
0.08388799
-0.0283636
-0.05783092
0.0654688
-0.05538701
0.02324006
-0.06773074
-0.07005861
0.04865679
-0.05378774
-0.01295016
-0.04008966
-0.05793123
0.06831542
-0.04100997
0.09635685
-0.03787328
-0.1017003
-0.0193873
-0.09463269
-0.09943452
-0.1022464
0.0182409
-0.0737165
0.08331668
0.0880315
0.02333997
0.08025365
0.1015342
0.07254992
-0.04873861
0.03005032
-0.02917705
-0.0682974
0.070384
-0.003342094
0.03813611
0.008063735
-0.08457194
-0.05352065
0.08303609
0.05566147
-0.09783444
-0.08804043
-0.06332494
-0.1035364
0.09998859
-0.02572078
0.06335315
-0.08200731
-0.08717924
-0.08352035
0.02943279
0.04420537
-0.04362609
-0.1001752
0.1038907
-0.02696953
0.0807903
-0.09107882
0.06575841
0.04278677
0.07705461
0.07457223
0.07467436
-0.05445087
0.09302184
-0.04007531
0.02819683
-0.07846593
-0.07464465
-0.0900069
-0.1006677
-0.09351479
0.02903563
0.05165488
0.07595147
-0.008249057
-0.06417987
-0.05942474
-0.06449011
0.08366505
-0.04521409
-0.06514688
0.05639826
-0.005608026
0.0448934
-0.06391703
-0.09505808
-0.1037851
-0.02091164
-0.05448049
-0.020295
-0.05800578
0.01539384
-0.07249057
-0.08544725
-0.0597096
0.04052652
-0.04931938
0.05651775
0.04269337
0.08182983
-0.06290288
0.1070106
0.01628618
-0.02559955
-0.06422687
0.07338232
-0.06528722
-0.0003291052
-0.06714054
0.1013908
0.0870842
0.04791829
-0.02855373
0.06698902
0.0008991347
-0.03245793
0.1027617
-0.009482545
-0.1021105
-0.08163574
-0.06003651
0.03897286
0.06941731
0.01242824
0.09482592
0.06332983
-0.03604542
-0.0547005
-0.02521672
0.1039799
0.04801643
0.001454848
-0.03133373
-0.02707697
0.09326058
0.02666936
-0.05875084
-0.0806204
-0.03785037
-0.03309691
0.0001888124
-0.05139153
0.05128022
0.003620206
0.06282956
0.00397674
0.09653051
-0.05391666
-0.02632678
0.08274449
0.002401641
-0.02380391
-0.01381005
0.07355348
0.1066977
0.02435271
-0.09360049
-0.02930664
0.02342671
0.04032533
-0.05963216
0.03265112
-0.05675587
0.1070962
-0.05492833
-0.05154379
0.0462071
-0.02031273
0.01909595
0.02623343
0.007164221
0.03826877
-0.09686646
-0.04695575
0.0003924371
-0.02797838
-0.1073003
0.0754017
-0.1064305
-0.0991799
0.09330363
0.04766251
-0.0005196906
0.01981498
-0.1044989
-0.02741348
-0.09080116
0.0731409
-0.0916063
-0.07683481
-0.05961059
0.05723441
-0.03858039
-0.1003112
0.1043414
-0.06280692
0.09607273
-0.01457161
0.040396
0.0362807
-0.01916446
-0.0818562
0.06124013
-0.07857227
0.08422583
-0.09808686
-0.03057045
-0.05009201
-0.07365458
-0.04223037
0.02553853
0.09364931
0.1012383
-0.003703255
-0.04471736
0.1080472
0.0008134996
-0.1005397
-0.07813524
0.08994862
0.08327079
-0.06153332
-0.06646239
0.06276483
0.05459778
-0.02030232
0.06766543
-0.06296822
0.08886811
0.03132215
-0.04962433
-0.06944358
-0.09158237
-0.005826052
0.08224553
0.001968542
0.1052176
-0.000863065
0.0052358
0.07084821
0.05540499
-0.02379527
0.01239753
0.03956592
0.03259443
0.06622005
