0.05606157
0.07227904
0.09449755
-0.08258799
-0.01344857
0.1037546
0.01547546
0.08173247
0.07732736
0.04299373
-0.09182258
-0.02540675
-0.04878643
0.0875004
0.06749769
-0.01177975
-0.006696812
0.03036062
0.04749384
-0.09959359
-0.0219119
0.01618686
-0.02728212
0.09559787
0.06881424
0.07117689
-0.09673218
-0.03005666
0.009785869
0.04823108
-0.03247018
-0.05446695
-0.08308826
-0.05352544
0.08178671
0.02644795
0.07130213
0.04732434
-0.03374654
0.03904528
0.01523099
0.06120771
0.005265228
-0.05487926
0.04475706
0.04264709
0.04508996
0.0005098893
-0.01830611
-0.09532751
0.1079354
-0.03910303
0.09975145
0.0452897
-0.06074024
-0.06187901
-0.04403569
0.08453234
0.02087301
0.01406665
0.04125896
0.03396643
0.09956414
-0.02471951
-0.08541135
-0.0322858
0.01770415
-0.02928995
0.0778509
-0.08984839
-0.03552482
0.009165416
-0.06782189
-0.0861652
-0.05921305
0.02513598
0.001134931
-0.06740604
0.0237004
-0.1026563
0.003645886
0.03250478
-0.02090889
0.034425
-0.02077094
0.01082699
0.008302236
-0.1076748
-0.09405906
0.05673539
0.06349865
-0.05313128
0.0297327
0.01202064
-0.06335152
0.08661575
-0.1020168
-0.01266572
-0.004087852
0.02653573
-0.02336095
0.03983803
-0.08539774
0.008564544
0.06678031
0.01313789
0.03755969
-0.0971575
-0.0160291
-0.006362157
0.04514451
-0.05168224
-0.06993531
0.02847788
-0.004688302
-0.03065511
0.01237275
-0.0605989
0.02016227
-0.0988036
0.1056672
-0.03362708
-0.07175656
0.07854825
-0.08483578
-0.06976426
0.03030839
0.07877937
0.03190377
0.06827381
0.09401665
0.08622722
-0.06237309
0.03460411
-0.1048512
-0.01321863
-0.03145403
0.0067865
0.02492029
0.0584527
0.0123992
0.08966085
0.006742498
-0.06063287
-0.02020422
0.08207083
-0.068657
-0.07845946
0.02437769
0.05308395
-0.04681573
-0.08266526
0.02546064
-0.09240454
0.05978573
0.1021381
0.09194997
-0.09858956
-0.008368935
-0.01359459
0.01958619
-0.09911444
0.025755
-0.0793299
0.01033022
-0.1042727
-0.02616763
-0.02214709
0.01137893
0.09412874
-0.0841865
0.0324075
0.09070616
-0.06361843
0.05314767
-0.1007321
-0.04981998
-0.09548472
0.0271825
-0.1031995
0.0465433
0.03846214
0.03016556
-0.01920721
-0.02860421
0.08700228
0.007764205
0.08503262
-0.05328275
-0.05437221
-0.07009871
-0.04089957
-0.03878354
-0.04339388
-0.07257519
0.07705405
0.05465451
0.07121021
-0.01711286
-0.1043356
0.1075976
-0.01824914
0.02575348
0.1057537
-0.03395833
0.09446984
-0.01182105
-0.03882963
0.1042617
-0.1008208
-0.02280816
0.05345042
-0.08631878
-0.07456734
-0.06834801
0.04493526
0.0132233
-0.03403305
0.0004812923
0.08234649
-0.05236527
-0.07855172
0.01849752
-0.04417373
0.009555124
0.02077318
-0.07273999
0.05170667
-0.05081502
-0.04367189
0.1075764
0.05874193
-0.02930623
-0.08868185
0.03717902
-0.05119589
0.03741686
-0.05310229
0.0892081
-0.07428999
-0.02235833
0.04636034
-0.06588645
-0.001314291
0.05434923
-0.0265812
0.07945453
0.05566876
-0.0866888
-0.07313079
-0.02140626
0.02867285
-0.1057208
0.04963607
-0.1022805
-0.01970011
