-0.06912156
0.0006778604
0.005222372
0.04973345
-0.08628159
0.05021287
-0.1045791
0.08555715
0.003435214
0.05010391
0.06199658
-0.01180463
0.1007301
-0.0973399
-0.07274617
-0.04437063
-0.0471391
-0.01701341
-0.007969519
0.0583999
-0.09386863
-0.0009444957
0.03635027
-0.06337442
-0.03606935
0.04181642
-0.09053655
-0.1015752
-0.03132359
-0.102
-0.05054328
-0.09683439
-0.05102655
-0.07375222
-0.07485324
0.04349993
0.0514726
-0.01258289
0.00271771
-0.05658144
-0.004003339
0.08881786
-0.02464053
0.01767776
-0.08876174
-0.1075355
0.05533065
0.05798384
-0.08935283
0.0191964
-0.003820739
-0.05772743
-0.09547916
0.1074324
0.04946703
0.06144369
0.08030381
0.0133368
0.03242422
-0.04071672
0.01321035
0.1054832
-0.04442893
0.0161667
-0.06816826
0.08705818
-0.04176306
0.02631611
0.1052761
0.09929067
0.03622888
0.07943348
-0.02167278
-0.09156327
-0.06289008
0.05652348
-0.03463244
-0.04021804
-0.0148066
-0.04228393
-0.03572204
-0.001033689
0.03082404
-0.0894944
0.01197442
0.03179648
0.08484326
-0.07919712
0.07436224
-0.08165377
-0.06284852
-0.09785967
-0.04535051
-0.04793742
0.0423118
0.09886083
-0.05363834
0.07150628
-0.006678623
0.08280359
-0.1017036
-0.05866494
0.09616461
0.04823848
-0.03686533
0.05230181
-0.01732382
0.05604608
0.09243696
0.02091138
-0.04636187
0.03020898
-0.09087662
0.03183549
-0.07399234
0.01626914
0.04616182
0.02777232
0.08852438
-0.05641167
0.04076089
-0.01539294
-0.01237129
-0.08843197
0.08226331
-0.05648351
0.1032054
0.05247648
-0.003542957
0.01640419
0.01793508
-0.07832248
-0.107086
0.07295784
-0.05686651
0.04631905
-0.04932496
-0.07423606
0.05569525
0.0149247
-0.01802419
-0.08233733
-0.0781718
-0.02314647
-0.01467936
0.05603074
0.01871242
-0.01870587
0.03639033
-0.01046612
-0.04826259
0.05030584
-0.04241458
-0.06896457
-0.08248937
-0.0706836
0.06422379
-0.04853295
-0.002479819
-0.07422767
0.08351035
0.02586976
-0.07314845
-0.01786921
0.07554142
0.06884003
0.05560787
0.06055325
0.07524876
-0.03014346
-0.01765324
-0.1007177
-0.09816244
-0.09622055
0.1010999
-0.08016793
0.04720834
0.05429038
-0.07616585
0.02387174
-0.06732032
0.01278675
0.08515239
-0.02381973
-0.0355791
-0.01594858
0.08400726
0.04003917
0.001557658
-0.0520246
-0.06073046
0.05355562
-0.01806162
-0.08161779
-0.005267738
-0.04251046
0.02727689
-0.01166415
-0.1035225
0.03173272
-0.05286575
-0.08924935
-0.007420614
-0.06863088
0.05882325
-0.07485615
-0.0616626
-0.05734122
-0.06580093
0.09459442
0.02135909
0.05496461
0.02739855
-0.09224291
-0.02337986
-0.08376526
-0.05957421
-0.08467705
-0.08943611
0.006484889
-0.03664049
0.08083145
0.02230827
-0.09915895
0.0937405
0.09910521
0.04425451
0.004313983
0.009520344
0.03629195
0.0408172
0.04457983
0.02878583
0.03316052
0.0926687
-0.08337235
0.08659843
0.01968531
-0.03472466
-0.007654736
0.08465881
-0.08443049
0.01745959
0.09380838
-0.02071417
-0.09017816
0.07450825
0.03841032
-0.05768526
-0.06726536
0.06389081
0.06244338
-0.05489621
0.08754423
-0.09912091
0.01793011
