-0.09744947
-0.001717565
0.06369814
-0.08627689
-0.01331653
-0.09537084
-0.06635816
0.006782451
-0.1081109
0.01204245
0.04995476
-0.002740819
0.06404664
0.08725644
-0.1042277
-0.08303235
-0.04810587
0.03996815
-0.003294538
0.103125
-0.09278259
-0.08304989
-0.01609321
0.07292663
0.0549053
-0.03407545
-0.09520952
-0.09067532
0.0451686
-0.07817148
0.08995888
-0.02583862
-0.06002342
0.05381298
-0.0416858
0.08693191
0.05708057
0.001395809
0.02287061
0.08820703
-0.04971638
0.01898981
0.07471825
-0.06535405
-0.0881923
-0.06653187
0.01392927
-0.06007802
0.07903029
0.05562896
0.06698096
0.1043842
-0.08673932
0.01653843
-0.08464123
-0.05519527
0.1031572
0.1025139
0.003993667
0.09057323
-0.04907275
0.08283489
0.09070769
0.06012719
0.07025788
-0.1064682
0.08432588
0.02982242
0.0657715
-0.05072373
-0.1014914
-0.05693917
-0.03634802
0.003729955
0.005520125
0.003818018
-0.06034332
0.05479427
-0.06842056
-0.1031952
-0.08101156
0.005149557
-0.007501766
0.0140197
0.01302423
0.1024153
0.00227685
-0.002832144
-0.106241
0.02308591
-0.0939908
-0.04879015
-0.04622566
-0.02210584
-0.09149727
-0.04319319
0.01754897
-0.05795592
0.05223235
0.05791175
0.02079501
-0.02792223
0.05629972
0.01846494
0.01841188
-0.02222583
0.0826276
-0.0478339
0.03295717
0.02177659
0.0022547
0.06142947
0.1041351
-0.04588864
-0.04732075
0.007788208
-0.003170585
0.06507451
-0.05236679
-0.06880648
0.08777686
-0.07564108
0.08115218
-0.07666834
0.003075517
0.0550463
0.09019424
-0.06785376
-0.007352458
-0.06552872
-0.04584226
0.01217506
-0.02334093
0.05688054
0.01670643
0.09661163
0.05906715
-0.04509351
-0.06451268
-0.03672787
0.101661
0.09829777
0.09919896
0.05007956
-0.05535255
-0.01305388
-0.007793574
-0.09973347
-0.08680157
0.01458101
0.1060332
0.0695148
-0.05982623
0.02147432
0.09474695
0.07799634
0.01895143
0.05793073
-0.09015782
-0.03125134
-0.005208301
0.07544524
0.01934016
-0.04934314
0.09112288
0.001460964
-0.01980651
-0.03413413
0.08629759
-0.07507113
0.003378653
-0.08532526
0.07893801
-0.0148859
0.08358243
0.08884741
-0.05047483
0.09614895
0.02593609
-0.04382231
-0.02580668
-0.1066437
-0.007205948
-0.06920584
-0.05391914
-0.00778855
-0.08396864
-0.09320998
0.05154836
0.05475885
-0.01132976
-0.01565393
-0.01515702
-0.05967473
-0.03140596
-0.03327334
-0.09290098
-0.04633982
0.05441277
-0.03262624
-0.07030286
-0.05918537
0.0775442
-0.03200182
0.02686161
0.04158552
-0.01401374
0.05315574
-0.08773365
-0.09747371
0.04098437
0.04437652
0.07928728
-0.00980665
0.09625906
0.002570515
-0.04634396
0.004488553
-0.01198131
-0.0327966
0.06305967
-0.0004050096
-0.07856713
0.05130356
-0.08643051
0.02623523
-0.07658472
0.04010448
-0.09985903
0.03972511
-0.07545751
0.04374266
-0.06304506
0.06861218
-0.002438294
-0.009072061
-0.03414889
-0.004885658
0.0982319
0.1043692
0.03807932
0.08319633
-0.009724727
-0.08051025
-0.07069132
0.06452376
-0.02287768
0.1068764
0.08955358
0.002704324
-0.02747357
0.02259163
0.007596055
0.06910277
0.05988212
0.04567279
