0.04737606
0.1048125
-0.01379097
0.01179364
0.08711223
-0.08304246
-0.09156327
0.07418246
-0.03833074
-0.007336081
0.04604846
-0.01022096
-0.04052157
-0.1035496
-0.1070441
-0.09375726
-0.09833569
0.0002637203
-0.05541882
-0.02977509
0.07802553
0.09190457
0.09594423
-0.1057566
0.09302184
-0.0484388
-0.08788804
0.06857745
0.02974212
0.01542517
-0.108083
-0.04361085
0.0821769
-0.01311623
-0.05861074
0.05013592
-0.07270172
0.01421465
0.03363907
-0.09938481
-0.07234643
-0.07633311
0.04619491
0.07837281
-0.004619421
-0.002597507
0.003636944
-0.0313906
-0.06563968
-0.03889824
0.0616408
-0.09498353
0.02181923
0.05519623
0.05855338
-0.05678797
0.04220323
-0.0373137
0.09246556
0.001591223
-0.05501881
-0.0861652
0.05990906
0.08598439
0.004612556
-0.01220961
0.04296604
0.09916954
0.02574772
-0.09943488
0.0604727
0.02108054
-0.006745517
-0.05697671
-0.004785313
0.05471445
-0.0334044
0.08772164
0.03323919
0.005666202
0.01787258
0.02039909
0.03045489
-0.08027484
-0.04728529
0.07593221
-0.0674674
-0.03967961
0.05981327
0.006671131
-0.03058707
0.08766638
-0.09444083
0.05888251
-0.05474825
0.07801546
-0.03542078
0.0906625
-0.02802231
0.0910166
-0.02812782
-0.0628676
0.02204979
-0.05949241
-0.04049214
-0.05612184
-0.07668974
-0.02692429
0.02763884
0.05899267
-0.004168917
-0.09696511
0.0827157
-0.02746782
-0.01525901
-0.06353498
0.04541136
0.007583109
0.05994558
-0.07696637
-0.0507506
0.003729955
-0.02331574
-0.07991773
-0.08463001
-0.08269703
0.09675334
-0.03738769
-0.1001109
-0.02204296
0.1048594
-0.05491038
-0.1071766
0.03681561
-0.05030337
0.01426327
0.05609519
-0.07173624
0.09618033
-0.0140812
-0.09693225
-0.02107468
0.07860344
-0.0973863
-0.09763772
-0.04144457
-0.01255856
-0.01763055
-0.009744015
-0.0668788
-0.09932473
0.02781137
0.06415934
0.01295473
0.04457143
-0.05881026
-0.09223911
-0.02199693
-0.03991957
-0.05364547
-0.07978227
0.01104263
-0.03972557
-0.0424592
0.03435561
-0.01982377
-0.002126405
-0.08614659
-0.08769377
-0.05577151
0.04481495
0.06674794
0.04914774
-0.09911706
-0.08516612
0.1081972
0.07180617
0.07751506
-0.05707746
0.1067024
-0.02468383
0.03340232
0.0781829
-0.01903846
0.01370511
0.002538036
-0.05137081
0.07068133
-0.01096161
-0.02416451
0.06239894
-0.03065305
-0.09409114
-0.05595571
0.01290712
-0.08688466
0.01369034
-0.07936525
0.05387543
0.02497623
0.05258308
-0.07246883
-0.06818884
0.09385112
-0.05051322
0.08028884
0.02607676
-0.09289926
0.0742485
0.05008816
0.01638214
-0.1055995
0.06536561
0.09916461
0.05993337
-0.03568882
0.05169599
0.1065436
-0.06605751
-0.06791421
-0.01067518
-0.1019379
-0.03835131
-0.03745892
0.0154898
-0.0199767
0.03614698
-0.01540771
0.09622154
-0.002859117
0.05275269
-0.07339957
-0.04335324
0.04984134
0.05372186
0.1002585
-0.09486264
0.07167879
0.02368943
-0.02714911
0.07102583
-0.04680578
-0.08816604
0.01895869
0.05424706
-0.05426579
-0.02326308
0.01456946
0.1024304
0.09247171
0.06423051
-0.06430537
0.0101275
-0.0590196
0.0397462
0.0784471
