0.09311459
-0.1017739
0.02736364
0.09989149
-0.04319644
-0.06540909
-0.1043538
-0.04027327
-0.02823129
-0.0961785
0.0350921
-0.08462739
0.02635132
-0.0808277
-0.03090759
0.02041577
-0.08806001
0.09614956
0.01202305
-0.03803337
0.04689568
-0.002940491
0.06382574
-0.01303822
-0.1030279
0.05979652
0.05188687
0.08741566
-0.1056058
-0.04103955
-0.005880784
0.0274634
-0.09365813
-0.05408793
0.1076882
-0.09072112
0.09673549
0.0840406
0.07302999
-0.03170929
0.06457035
-0.005333371
0.07232263
0.06040028
-0.000688785
-0.01945302
0.1007754
-0.08766402
0.1026184
-0.01304577
-0.08281393
0.0193421
-0.03105775
-0.06135386
0.06301145
0.02242324
-0.05761308
0.05092958
0.09466147
-0.03462144
-0.05869239
-0.07066282
0.003440913
-0.04460386
0.0170643
0.0653237
0.04408438
-0.0570858
0.07629849
-0.08082771
0.08782748
-0.04315082
-0.05536058
-0.07234643
-0.05468683
0.08687823
0.09378637
-0.02334483
0.05796615
0.006807744
-0.005570163
0.1045073
-0.06142661
-0.01058793
-0.1066027
-0.01183912
0.01928826
0.01536555
-0.1078055
-0.05771628
-0.06637824
-0.04806481
-0.05957623
-0.1014737
-0.08896037
-0.01659277
0.02768445
0.09719073
0.1044281
0.07068821
0.09591238
-0.01698428
-0.09488287
0.1000192
-0.01332873
-0.01201777
0.1015825
0.08401721
0.01824905
-0.05231024
-0.105241
-0.08478674
0.05468333
-0.02943428
0.00581198
0.007120304
-0.1043642
0.02759945
-0.05174346
0.04802698
0.08676767
-0.07269035
-0.05400407
-0.07616565
0.06508082
0.001277457
-0.02780327
-0.05889316
0.1044173
-0.001527148
-0.05385274
-0.09028478
-0.03778007
0.1024432
-0.1018769
-0.08928651
-0.1034854
0.01966533
-0.08007909
-0.05770715
0.02783936
0.1064722
-0.001971125
-0.1005299
0.05705849
-0.08657482
-0.01498114
0.09256901
0.0760394
0.06145328
-0.0233781
0.09399875
0.04445795
-0.09464308
-0.07127322
-0.08168712
0.05868908
-0.01755628
-0.00832748
0.09907769
-0.06127767
0.07462548
0.06191595
-0.04156665
-0.0798934
0.002130022
-0.09431079
-0.05760634
-0.07023847
0.08215594
0.0881553
0.09903127
0.05250857
0.03664856
0.08940773
0.053234
-0.04801879
0.1021025
-0.07294667
0.0255121
-0.06303809
0.0746396
0.09919968
-0.02402013
0.07171738
0.01822659
-0.08624313
-0.01872531
0.08973745
-0.06917845
-0.01843861
-0.06019405
-0.01504197
-0.01514141
-0.05535298
-0.0977825
0.06271589
0.02340767
-0.05480457
-0.005879967
-0.07498213
0.1045103
0.01855777
0.07171032
0.005492589
0.0122369
0.01511348
-0.0983932
0.02400918
-0.02208587
-0.02645837
-0.107196
-0.0660762
-0.04284184
-0.01905966
-0.03673556
-0.03339932
0.01312189
0.08834429
-0.02338017
-0.02368446
0.004088419
-0.08131874
-0.1008151
0.01528535
-0.08316382
0.0727402
0.06494373
-0.07984024
0.03723295
-0.007907975
0.06272602
0.02829011
0.01773918
-0.01219869
0.0788842
0.08317661
0.06985885
0.04661935
-0.0472442
0.04295783
0.04586707
-0.04413332
-0.09413525
0.002981225
-0.03698557
0.08762391
0.02573818
-0.07510663
0.026618
0.08469321
-0.03938188
-0.03257177
0.02595049
0.02864273
-0.06975606
