0.003073659
-0.00232176
0.04010918
-0.06055005
-0.07369336
0.02052252
-0.06661277
0.05791314
-0.04496212
0.003392359
0.07169251
-0.02033054
-0.09965952
-0.05472772
0.01602143
-0.0879081
-0.03371383
0.06587559
0.05740131
0.06165785
-0.08906183
-0.07695328
0.07010609
-0.09410081
0.03652675
0.002953571
0.03819949
-0.01097776
0.1008752
-0.04631178
0.04777321
-0.09024
0.1001054
-0.04037935
-0.01689949
0.0716184
-0.07036193
0.05886333
0.1018017
0.06222419
-0.03445806
-0.04268157
-0.06363479
0.08037224
0.008996623
-0.005656241
-0.01145836
-0.1035751
-0.08060152
0.07466773
-0.0673557
0.08758965
0.09531607
-0.01843314
0.02860984
-0.1071516
0.01136283
-0.07530513
-0.03296928
-0.05628167
0.05474118
-0.01488381
0.08941979
0.05097772
-0.0925777
0.1011567
-0.05194204
-0.06133387
-0.0581255
0.02649337
0.09552232
0.05498593
0.1056605
-0.02746782
-0.07784206
-0.04269927
0.09254499
0.03335366
-0.08770272
0.07515228
-0.06213009
0.06120295
0.1028647
0.056091
0.09606771
-0.0519023
-0.03128291
0.02647001
0.03140177
-0.0371617
-0.06112175
-0.04327978
-0.0274709
-0.006315743
0.05040614
0.01560157
-0.02030692
0.02582504
-0.03794497
-0.05750845
0.01213793
-0.0919781
0.07025526
0.1019474
0.04655089
0.01555048
-0.07407517
0.09959442
0.08037016
-0.0615017
0.03673063
-0.0403304
-0.04168047
0.004153089
0.002472043
-0.01225106
0.033427
-0.04745199
-0.00547689
0.03251243
0.03180238
0.05529906
0.1043249
0.06075172
-0.004591896
-0.1067952
-0.03520511
0.01697991
-0.09046528
-0.05902611
-0.08829623
0.02677893
0.05081043
-0.006806143
0.06041273
-0.03580698
0.004080644
-0.07320191
-0.07049435
-0.05997672
-0.01558411
-0.07496545
-0.001198588
0.01744993
-0.01664843
0.1040621
0.08423537
0.01567758
-0.06986175
-0.06993385
-0.1054541
-0.08121502
-0.01216357
-0.01391662
-0.05808488
0.07458473
0.002847532
0.09857184
-0.01010004
-0.01006989
0.06911875
-0.03927088
-0.006920359
-0.0734776
0.05891044
0.08350332
0.02088536
-0.06580528
0.1066829
-0.00741526
-0.01655953
-0.04033457
0.05429753
0.01409406
0.07952828
-0.04381325
0.0392082
-0.02874866
-0.0604407
-0.09907447
0.05448435
-0.0725419
-0.07319033
-0.08061206
-0.05945074
0.06009327
0.04146503
0.0456807
-0.1023286
-0.05379866
0.0538484
-0.02225768
0.07846314
-0.01347679
-0.06835099
0.09102875
0.03694353
0.03919704
0.06036139
0.05159587
0.06470507
-0.03472931
0.0145382
0.0839615
0.01451413
-0.00673318
-0.04756555
0.0351163
-0.03764299
-0.01879808
0.09486558
0.03194521
0.005677079
0.1058364
0.05290775
0.006691976
-0.05900319
-0.06111139
-0.02821099
-0.02454089
-0.1047324
-0.04004773
-0.03600612
0.04015873
0.001940997
0.07079396
0.03389893
-0.07407757
-0.09451693
0.0599916
0.02769713
-0.01645587
0.08790903
-0.04562106
0.06249977
-0.02244357
0.09018822
0.01522889
-0.03055423
0.01566161
-0.05987835
0.00998424
0.1046652
-0.08454556
0.009036111
0.07686288
-0.09436046
-0.0480717
-0.07680063
-0.03288671
0.06331637
0.01962172
-0.08548065
0.02088604
0.08629287
0.03383068
