0.0235658
-0.0422527
-0.03253394
0.03130716
-0.0016965
0.03317469
0.1036591
-0.06792596
0.05846607
0.09294399
0.01548245
0.0991705
0.07259481
-0.06736276
0.01851765
0.008406824
-0.08729627
-0.01259044
-0.0883318
0.01506467
-0.09083226
-0.07702644
0.05502767
0.1037076
-0.1041995
-0.09083262
-0.09023903
-0.08261228
0.03723067
-0.03946132
0.04069024
-0.07903147
-0.07582327
0.01116912
0.09352164
-0.0426644
-0.04827717
0.1079638
0.09058101
0.03359303
0.06930245
-0.02345975
-0.08751965
-0.01334576
-0.00969741
-0.07986236
-0.01918393
0.08770186
0.0332574
-0.09556263
-0.003113135
0.01712423
0.04861131
0.03532174
-0.04931919
-0.02161055
-0.03745421
-0.07273749
0.05681773
-0.04364033
-0.007748625
0.04680647
0.0831103
0.06141755
0.07402947
-0.08675322
-0.09027661
0.08115687
0.06876126
-0.0741114
0.08481625
0.09757268
0.01447572
-0.05501881
-0.04296882
-0.07720941
0.08240075
-0.103338
0.03023068
-0.03464874
-0.03306172
-0.07733566
0.05952613
0.06770808
0.03992893
0.06762328
0.04438755
-0.09108297
0.02233594
-0.05990547
-0.03204836
-0.02260891
0.06653544
0.09880143
0.06428534
0.06028511
-0.03713318
-0.06515875
-0.04417703
-0.0813409
0.06477119
0.05998024
-0.08912001
-0.1014751
-0.00370386
0.08605852
0.05789042
-0.008890578
-0.02790866
0.07086094
-0.009855462
-0.103153
-0.00455107
0.04702595
0.0378827
-0.06804764
0.005189294
0.07134564
0.01933669
-0.0994532
0.04298085
-0.08347601
0.1080925
0.03060243
-0.08451252
-0.01730475
0.04817054
-0.08051118
-0.01968832
0.0326513
-0.02087896
0.05637564
0.06155698
0.07619044
0.07189985
-0.1037361
-0.03211062
0.05094031
-0.03309575
-0.08340403
-0.06888796
0.0658058
-0.06216983
-0.05229995
0.00435088
-0.0973426
0.0421418
-0.01499067
-0.07259582
0.008964712
-0.0003166218
-0.1018647
-0.07346574
0.06567132
0.09964024
0.08248352
-0.08382915
-0.04658811
-0.05228697
0.02769491
-0.01291284
0.07649523
0.05029214
-0.1015561
-0.01710301
-0.08140597
0.06167168
0.07311557
-0.009136348
0.1079213
0.08237772
0.08250067
-0.01119669
0.0800717
-0.003576466
-0.09767438
-0.03027373
0.0591684
0.06501202
0.03787728
0.0640386
-0.03975014
-0.07905093
-0.002631868
0.07360377
0.1020214
0.0228458
0.0689543
-0.08563615
-0.06299022
-0.03599431
-0.0632154
0.1017106
-0.08665618
0.03257608
0.08646766
0.01226275
-0.1078789
0.1020194
0.1015307
-0.008383014
0.09968994
0.08316126
0.0514103
0.04940247
-0.04257158
0.01443402
0.001876186
-0.02419371
-0.07286634
-0.04745517
0.06710537
-0.03312221
0.01890731
-0.01928317
0.1046343
0.04896719
0.08533927
0.008646863
-0.06138546
0.003658569
-0.0002368597
-0.1036801
-0.09695825
0.0762661
-0.02021861
-0.09767254
0.02679421
0.009199752
-0.06116151
0.01618247
0.04458753
0.05740749
-0.08434977
0.1037902
0.03259888
-0.08016049
0.08175559
0.009378727
0.07064418
0.01277623
-0.01599177
-0.03937097
0.0458095
0.05093523
0.0126445
0.04057023
-0.03036459
-0.08197843
0.04026178
0.08114064
-0.03476989
0.07213475
-0.02629497
0.06930289
-0.003581151
