0.04655005
0.1018901
0.08994599
-0.03061127
-0.05627194
0.0160918
0.01053452
-0.006848631
-0.07555775
-0.0902068
0.04020452
-0.01784238
0.0414523
0.0970666
-0.0869499
-0.0616909
-0.07645735
-0.08551972
0.03477321
-0.003534184
0.08839598
-0.08696682
-0.04687199
0.09638593
0.1017757
0.07938409
-0.1065297
-0.02030943
0.05609955
0.05825072
0.1038106
0.05881044
0.08869336
0.07429633
0.02885659
0.06309023
0.03964899
-0.08285327
-0.04334539
0.06235481
-0.04325812
-0.05094827
-0.007146616
0.09410048
-0.1058815
0.0941447
0.004845152
-0.08196522
0.08406858
-0.09823823
-0.08230897
-0.01277864
0.04562863
-0.07201171
0.01924273
-0.06937618
0.02208235
-0.06141421
0.06255557
0.1053801
0.03116584
-0.01178718
0.03255219
-0.0925258
0.04211057
-0.03292297
-0.00292749
0.05829515
0.08207995
0.1066091
0.07566021
0.02926851
0.07214568
-0.02204296
-0.09246687
0.001958654
0.006633476
-0.05892955
0.05032183
0.04392137
0.003115449
-0.01013865
-0.1027858
0.09299175
0.01661262
0.02024201
-0.02848671
0.05625259
-0.07489293
-0.01632895
-0.008185228
-0.07115736
0.05575329
0.06927034
-0.04002448
0.09842067
-0.06753258
-0.09530663
0.08971229
-0.01058331
0.04332716
0.07533459
-0.04908635
0.07665133
-0.02363473
-0.05834173
-0.02866548
0.04891767
-0.04669165
0.05021875
0.007624333
0.06856102
-0.05287437
-0.01837541
0.07009348
0.002602024
-0.003808566
-0.09014137
-0.04111501
-0.07939463
-0.1068695
0.09438159
-0.01301539
-0.07179934
-0.07827559
0.1081489
-0.08021425
-0.01125466
0.009037198
-0.06873719
-0.07528077
-0.03710228
0.03343984
0.01277657
-0.05533824
-0.09610301
0.06206384
0.05969359
-0.02346597
-0.01466883
-0.06826789
-0.07186519
0.02858914
-0.05635011
0.0325584
0.01968529
-0.05120979
-0.04272186
-0.1055073
0.07420376
-0.04710859
-0.01436048
0.09265648
-0.0424061
-0.01108523
-0.05478276
0.01846693
0.106272
0.03245104
-0.0848982
0.004368617
-0.08817322
0.103461
0.06734601
0.08929051
-0.1039892
-0.03704064
0.06256501
-0.06920893
-0.02883477
0.102994
0.0635156
0.02523679
-0.03883413
0.07777222
-0.01346431
-0.09993568
-0.01594097
0.03016071
-0.007148582
0.06814441
0.01262513
-0.05541089
0.04770092
-0.09835539
-0.07587247
0.09360823
0.03668521
0.09170833
0.06522195
0.06083648
-0.03571617
-0.03798664
0.04779051
0.02511712
-0.07458583
0.1039304
0.1060851
-0.06622805
0.1000572
0.08245201
-0.07801335
0.0527047
0.04434167
0.03287234
0.05176191
0.006271499
-0.08648233
-0.08155802
-0.06746533
0.0266347
0.1001151
0.01616151
-0.09072369
-0.04803523
0.05124111
0.02539562
-0.04833533
-0.04542958
0.03046941
-0.06504328
-0.01113413
-0.1021967
0.07227981
-0.09390913
0.09543389
0.1033886
-0.09974159
-0.06527927
-0.01840879
-0.08976177
0.1034194
0.06775476
0.05989766
0.03069281
-0.02765784
-0.03679639
-0.02426751
0.1046819
-0.01839092
-0.02835689
0.09420829
-0.008240061
0.06710362
0.03083163
-0.1023007
0.03267474
0.07502486
0.05350189
0.06500344
0.03690136
-0.0445939
0.01837872
0.005470942
-0.06196286
0.003634741
