0.03702255
-0.05949339
0.04962761
-0.03657385
-0.05075144
-0.006464563
0.08534033
0.05643031
0.1033379
-0.02657372
0.1033966
0.08200583
0.03224409
-0.06855898
-0.01945819
0.1034642
0.02163121
-0.08425517
-0.03619694
-0.09576694
-0.0494994
-0.07518148
-0.08328247
0.0009282974
-0.01134486
-0.008147583
0.04600046
0.0806014
-0.0839601
-0.08565889
0.1020456
-0.008976423
-0.104476
-0.004684259
-0.0573248
0.02671538
0.09693101
-0.08838919
0.01616555
-0.09254218
-0.08064219
-0.04755851
-0.0384683
0.05981861
-0.06172428
-0.0435254
0.08403361
-0.08229889
-0.03674557
0.06326427
0.08292276
-0.09859071
-0.05875649
0.03634214
-0.05888996
0.09645434
-0.005819026
0.08912585
0.02288561
0.0533312
-0.07320718
-0.06870059
-0.09263463
0.07265732
-0.03833082
-0.06716133
-0.02541011
-0.06837258
0.02847066
0.02316345
0.006206933
-0.03906716
0.05473748
0.04296604
0.004118282
0.08981834
0.08798698
-0.104622
0.05190539
0.08990975
-0.09361286
-0.01723608
0.02219772
0.07065798
-0.01553892
0.02780045
-0.0734376
0.07517058
0.06664132
-0.04720662
0.08351676
0.08620337
-0.008930243
-0.03302982
-0.07593955
0.05162286
0.08375014
-0.07788176
0.03543671
0.03088843
0.03922043
-0.00453385
0.02834177
-0.07978035
0.05910683
-0.06895499
-0.02550152
0.08740982
-0.01655589
0.0719924
-0.03033589
-0.04009871
0.02435515
-0.02810019
0.05279727
0.06757175
-0.07474385
0.05501888
0.07600413
0.06151908
0.01577976
-0.1055698
0.01358398
-0.01236008
-0.05372939
0.04923234
-0.05272261
0.1016335
-0.00881037
-0.03938797
0.04668244
0.1014287
0.07180276
-0.08241998
0.02757926
0.08915403
0.07381901
0.02822134
0.01088038
0.04979384
-0.01383878
-0.04120173
0.09724434
0.05690985
-0.05111631
-0.08640064
-0.005311865
0.102484
-0.0315883
-0.05140091
-0.08987463
0.01117576
0.09056862
0.07418319
0.07382715
-0.03603781
0.1022449
-0.0215774
0.09773286
0.04197958
0.0457647
0.02614602
0.08059029
-0.07870972
0.06573256
-0.07203125
0.009885894
-0.01238482
0.02331564
0.08990777
-0.05059988
0.05877595
0.06216186
0.03095449
0.09342118
-0.02018397
0.04385246
0.06564999
0.1040648
-0.0807365
-0.04110515
0.05239241
0.05031705
0.1006756
0.08728776
0.001597111
-0.08265208
0.04099834
-0.0418045
0.03061261
0.0077802
0.09763946
0.04480573
-0.04972161
0.02378158
0.06132514
0.01832375
-0.02768889
-0.03253954
0.09890142
0.02718652
0.04348576
0.06773093
-0.01815315
-0.04879497
-0.07733429
-0.05230159
-0.04632431
-0.09332747
-0.02321973
0.003263231
0.01952975
-0.04409124
-0.08263899
-0.07368341
-0.05901313
0.06720181
-0.02809392
0.09396648
0.05181218
0.0759849
-0.0537245
0.09953509
0.01070667
0.003214428
-0.05409968
0.03362003
-0.01879967
0.06714177
-0.01960905
0.07270354
-0.03878061
-0.02641371
0.1001082
-0.05260092
0.02956034
0.0917989
-0.06548985
0.08816348
0.07180838
-0.01166918
-0.03199856
0.09284137
-0.08312359
0.05286613
0.06628557
-0.03590001
-0.1035782
0.08996531
0.0275256
0.00138497
-0.01794716
0.06883296
-0.008266928
-0.09183582
0.04199307
