0.08236552
-0.05436446
-0.03533604
-0.07859498
0.01668846
-0.03425918
-0.09174243
0.1081055
-0.1067831
0.04501798
0.03758874
-0.01032535
-0.04739475
0.05999651
0.09664118
-0.02276243
0.03703494
0.08475385
0.001360941
-0.03729892
-0.02120868
0.03904666
-0.06229725
0.09702457
0.008831521
-0.07172891
0.03211737
-0.08470648
0.09427286
0.03524754
0.0001765774
0.1069866
-0.03119222
-0.06543481
-0.07743818
0.07909258
-0.07699443
-0.02627228
-0.04496611
0.06615075
-0.0239457
0.05010995
0.05931534
-0.01746992
-0.007423684
0.06317015
0.01923171
-0.07992949
-0.004629364
0.06245712
0.08078844
-0.0192141
0.07468434
-0.08706965
-0.09056866
0.006894781
0.004935588
-0.07766949
0.04355801
-0.05203667
-0.09430733
-0.0189989
-0.001332311
0.06986975
-0.04488138
-0.03043746
-0.07825399
-0.09651244
0.08943205
-0.05975853
-0.07513635
-0.09734303
0.02240208
-0.1070441
-0.005509426
0.01396756
-0.04106086
0.008444396
0.06762399
-0.09600262
-0.06814969
-0.02206605
-0.1067496
-0.105491
-0.07071957
-0.05291311
0.008046455
0.04608534
-0.06490705
0.007940354
0.02090915
-0.01573848
0.05635758
0.004186636
-0.00840423
-0.08855851
-0.04612015
0.05110094
0.05463636
0.08974996
-0.03282979
-0.0204681
0.1052391
0.053723
-0.05888828
-0.07084458
0.07403125
-0.05216785
0.06196127
-0.02304056
0.0806296
0.08308721
0.0742156
-0.09078374
-0.01428298
-0.0253057
5.672022e-05
0.03724574
0.01373949
-0.0004694058
0.07410602
0.03468797
-0.06383979
0.07450704
0.1059937
-0.09871218
0.03716195
0.05100156
-0.08116233
0.03550209
0.08041041
-0.005900804
-0.01984958
-0.004100492
0.0719296
0.08858134
-0.07706898
-0.02963089
0.03479233
-0.03491693
0.03256379
-0.08896224
-0.04373349
-0.03934798
-0.06575542
-0.02356916
0.04485621
-0.0763204
0.05746032
0.01378165
-0.01762661
-0.004371594
-0.0282587
-0.01768866
-0.01563386
-0.1057013
-0.04277388
-0.01815698
0.1018394
0.04930473
0.04099545
-0.06702973
0.0821085
0.05718397
0.07507218
0.06658064
0.06013027
-0.1053227
0.1076067
-0.03257179
0.03007995
-0.08059245
0.09259649
-0.08602502
0.06060074
-0.01443989
-0.1017031
-0.01689945
0.03901721
0.03475808
0.04664518
-0.05946764
-0.09639645
-0.003893115
-0.04549882
0.06058399
-0.0501013
-0.04882475
0.04439595
0.00231759
0.02289459
0.06705925
0.03442704
-0.09680138
-0.04939634
-0.07710874
0.03422431
0.09885332
0.0314796
0.04942809
0.1008063
-0.07854886
-0.1058097
0.03219974
0.01967994
0.0644542
0.003464554
0.0783338
-0.08058565
0.03933876
0.0964841
-0.0862531
-0.03381786
0.09001535
-0.06315961
0.07326158
0.06751572
0.0885427
-0.09091813
-0.03746355
-0.04590245
0.01595563
0.09183312
-0.09696162
0.09091555
-0.05143735
0.09544156
-0.09570758
0.06995212
-0.05242516
0.06149022
0.05623389
0.0360122
0.005479607
0.02992068
0.06959186
0.04982172
0.0364625
-0.07243973
0.08243845
0.1027471
0.04735185
0.07567508
0.05037444
0.001039043
0.002630089
0.004241956
-0.01452056
-0.0566271
0.06813303
-0.03613624
-0.008860048
0.08084126
-0.01134518
-0.08744672
0.02856501
