-0.009043292
0.08651397
-0.07947761
-0.06911045
-0.01458375
-0.02461717
-0.03847391
0.03071886
-0.07551715
-0.09349909
0.05476764
0.003726306
0.02636502
-0.02708491
0.08219572
-0.01689079
-0.04257227
-0.0392878
-0.04928486
-0.09558024
-0.09019497
-0.01116206
0.1072797
0.009821693
0.0002108871
0.06421869
-0.04834919
-0.1050057
0.09293569
0.0235842
-0.06972549
0.009988132
0.03606243
-0.07858645
0.05731691
0.1002776
-0.057469
-0.06942569
0.1054106
0.09195065
-0.06613223
-0.005524138
-0.09516394
-0.03421777
-0.09155329
0.02144253
0.06897318
0.1064012
0.08551734
0.05630331
-0.007388646
-0.02618492
-0.01288696
0.003160457
-0.02112821
0.03724179
0.01096597
-0.04454287
-0.06859396
-0.1020386
-0.04525086
-0.04814934
-0.02717789
0.08973695
-0.05937561
0.09687075
-0.07475574
-0.08855845
0.0404473
-0.08823921
0.03837375
0.03555561
0.03021868
-0.08816604
0.09454612
-0.1010337
-0.009511104
-0.03538843
0.02223291
0.03482439
0.0488602
-0.01144389
-0.03990811
0.03297912
-0.001523971
-0.07811315
-0.06280591
0.01849048
0.0281835
-0.05461592
0.04277442
0.004601502
-0.008996923
-0.0485821
-0.06849243
0.03392143
0.0392565
-0.04978409
-0.0896367
0.03565957
0.04561713
-0.05796094
-0.08852281
0.04409042
0.04350744
-0.04224356
0.07940036
-0.01304554
0.011007
-0.005437642
-0.08293013
0.07078887
-0.05882809
0.07334584
-0.000946028
-0.01041651
0.01631768
-0.1028211
-0.07311855
0.07841511
0.009942293
-0.01866147
0.0348617
0.06113904
0.002070303
-0.07140685
-0.05795427
0.02057679
0.0540955
-0.1052352
-0.1069304
-0.06619098
-0.03200939
-0.07170288
-0.02739104
0.03614903
-0.09757694
0.02575602
-0.08246461
-0.05708759
-0.0176258
-0.04112793
0.083309
-0.01180747
0.0003990448
0.06578923
-0.09066724
-0.05558794
-0.01844864
0.06894701
-0.06047601
0.02236866
0.05337496
0.006195317
0.01858622
-0.0898851
0.04774776
0.05947501
0.08115814
-0.05189477
-0.05467628
-0.06912532
-0.09517311
-0.005837535
0.07353742
-0.05635656
-0.07208002
0.06996444
0.1010527
0.06724074
-0.1061154
-0.06201624
0.03964718
0.06539039
0.03842242
0.1021177
0.01216261
-0.0257491
0.007514162
-0.04966134
-0.06802785
0.05697813
-0.02711833
-0.09029546
-0.07090435
0.06490488
0.03950765
-0.08326884
-0.008383504
0.08631456
0.05166401
0.01718339
-0.0967894
-0.06505333
0.1057387
-0.01092377
0.0399022
0.0778356
0.01132401
0.01050385
-0.02860251
0.09854098
-0.06451854
-0.01125354
-0.0585672
-0.02765292
-0.04737392
-0.08487762
0.08024897
-0.1075973
0.09333192
0.05422576
-0.104957
-0.1061598
-0.07809065
-0.07238308
-0.05812202
0.1005863
-0.02749882
0.07865401
-0.08521798
0.09775137
0.007019873
0.01254794
0.06771258
-0.09141316
-0.07751252
-0.07278953
-0.04442732
0.07119171
-0.0103263
-0.03669889
0.1002274
-0.06285471
-0.02746212
-0.04202984
0.08673057
0.04042739
0.06932826
0.08116406
0.02026855
-0.08051172
-0.07233526
-0.04832483
0.02237591
-0.04956437
-0.05308426
0.06145872
-0.02369162
-0.08929297
-0.05998725
-0.02373862
-0.08524019
-0.1053661
-0.08344552
0.06056273
