0.07263105
0.05042114
0.002976306
0.07660336
0.03186258
0.008425906
0.08083316
-0.05175097
-0.06202757
-0.006714829
-0.07490401
0.06538007
0.08289935
-0.02686782
-0.0623938
0.01562451
0.08925007
0.07470975
0.06872764
0.03907677
0.0690688
0.03988781
-0.008417965
-0.0158776
-0.01301163
0.05223279
0.007718211
-0.09164293
-0.07039066
0.08203212
0.01351241
-0.01920472
0.01046427
0.07017738
-0.02800476
0.08510794
-0.1061572
-0.009718649
0.06179833
-0.009322429
-0.0397872
-0.1008492
-0.02638351
-0.03047215
-0.06437144
-0.04045713
-0.02864316
0.1061398
0.06483015
0.07718187
-0.04808754
0.08559348
-0.0435536
0.04893349
0.09453408
0.03271171
-0.07934819
0.04147873
0.08175953
0.002153983
0.08282619
-0.05536652
-0.02136327
0.07571803
-0.07651507
0.05736145
-0.07927082
0.04983532
0.01645524
-0.05290876
-0.07775903
0.06440882
-0.008488651
0.08766638
-0.006114842
-0.06103307
0.09708621
0.06988051
0.04305439
0.09812202
-0.0001923208
0.06452039
0.004452013
-0.06173503
0.0472769
0.01170056
-0.02207855
-0.0500636
0.06089612
-0.001890341
0.03747884
-0.02502991
0.03508301
-0.1054524
0.06023372
0.04902734
-0.03385441
0.1070925
-0.05101731
0.02542333
0.08894405
-0.08402111
-0.06329025
-0.04106246
-0.1075559
0.09307741
-0.05850694
-0.02725746
-0.006067501
0.06966989
0.005949812
-0.01979019
0.04703898
0.1053863
0.005623885
0.09809013
-0.004412419
0.0345355
-0.006566896
-0.1052955
-0.1080572
-0.07990986
0.1028152
-0.06014461
0.045545
-0.0424342
-0.0790512
-0.09350233
0.06589859
0.07977457
-0.09940402
-0.01299659
-0.09315681
-0.09690165
0.08892215
-0.0478532
-0.05256003
-0.0226795
0.05302981
0.01713106
-0.05349822
-0.03261944
0.01959477
-0.03056673
0.02470461
-0.07223786
-0.04626286
0.06171324
0.08832107
-0.01146554
-0.06961847
-0.04673174
-0.1052357
-0.05068098
-0.0231273
0.07147808
-0.1014661
0.07018588
-0.09745169
-0.05762525
0.0288269
-0.08215725
0.0687952
0.01531935
0.02796722
-0.02380989
0.05403028
0.03240109
-0.009742318
0.0640296
0.05756125
-0.09574868
-0.1007366
0.009491443
0.09510646
-0.1069708
0.1020469
-0.02742392
0.0140931
0.07917016
-0.09355191
-0.02964476
-0.04002969
-0.04224453
0.07361173
-0.06346792
0.06048166
0.09619283
-0.07975537
-0.09193412
-0.06397234
0.0839069
-0.07902348
0.03706389
-0.04290526
-0.02318577
-0.007846984
0.02076765
-0.07369269
0.0200426
-0.04657195
0.01313559
-0.05637294
-0.04002502
-0.02596683
0.01536744
0.06784514
0.01728194
0.001168664
-0.03080951
0.07803442
-0.04315789
0.01233877
0.085497
-0.03747544
0.09194808
-0.05946684
-0.02051605
0.07698535
0.06406765
0.1068089
-0.09286599
0.05652605
0.106151
0.05521823
-0.08188631
0.01290895
-0.0983877
-0.0003515773
0.0784177
0.0771661
-0.09429586
0.01742861
0.008716013
0.08991384
-0.03463858
-0.08436797
0.06789836
0.0657869
-0.1071898
-0.0310184
0.07336565
0.04348455
-0.05013032
0.009334462
-0.07266355
-0.004895648
-0.08523397
0.02984059
0.06288566
0.102495
0.1057603
0.09324157
-0.01371454
0.1064661
-0.03645591
