-0.0245888
-0.07333174
0.1042204
-0.0428871
0.1065599
-0.07078838
0.0545658
-0.09080712
-0.05397689
0.1075577
-0.07002897
0.06154876
0.01275886
0.0116592
0.01834024
0.08477428
0.04942274
-0.02851872
0.04289063
0.008270196
-0.09358809
-0.07553309
-0.1071532
0.004340656
-0.0840817
-0.02888768
-0.01316947
-0.004576791
0.08384594
0.04056831
-0.02691055
-0.0166177
-0.07543251
-0.07280032
-0.0196377
0.0001868078
0.0363149
0.02165272
-0.08118565
-0.05621999
-0.06491807
0.06887203
-0.01749392
0.04157329
-0.007960035
0.03823568
-0.02970839
0.09278025
0.05708274
-0.0401708
0.07755435
0.08902705
0.05752411
0.05736958
0.01818816
0.09321003
-0.01733163
0.05166327
0.01162483
-0.0451196
0.06844927
0.05819704
0.0582231
-0.03282831
0.1057503
-0.08460314
0.06378771
0.04371703
0.04053834
-0.0325159
0.02702485
-0.01678601
-0.02792615
-0.03738769
-0.09280767
3.096156e-05
-0.07005025
-0.05917163
0.006972585
-0.02228281
-0.02126154
0.006405158
-0.015461
-0.06629127
0.03811342
-0.01633839
-0.1019641
-0.09882811
-0.08703271
0.08312698
0.09357675
-0.01786308
-0.07123695
-0.02320794
-0.08982188
0.03569616
-0.0350985
-0.02387104
0.04784684
0.02123974
-0.07760824
-0.0766184
0.03137172
0.004485124
0.07785309
0.006712197
-0.05213457
0.105174
-0.01136807
-0.03751515
0.0395761
0.06309853
0.04569147
0.06016981
-0.04505028
-0.02959364
0.07577255
-0.06030152
-0.06635816
0.09107324
0.005923211
-0.07767921
-0.04184169
0.0707298
0.05043736
-0.0346785
0.0995063
-0.02052813
0.09375497
-0.06916858
0.08100033
-0.05959515
-0.1041939
-0.08803362
0.06842764
0.09455954
-0.0184965
-0.03163011
0.005676929
0.03155174
0.002448732
0.05680213
-0.07042205
-0.008874452
0.09449585
-0.02074163
0.07809452
-0.04748129
-0.05533179
-0.007811129
-0.0958916
0.02063396
-0.0928208
0.08490552
-0.08142643
0.04818529
0.09680713
0.01773309
0.1016127
-0.08699661
-0.004596095
-0.09151325
-0.08020055
0.04971683
0.05618257
0.01159004
0.02476841
0.05014809
0.08722471
0.027388
0.0904288
-0.08459067
-0.03674618
0.09779614
-0.009932148
-0.002207569
-0.06456012
-0.03319967
0.08632184
-0.06743098
0.05347209
-0.08005421
0.04650871
0.001289567
-0.03592742
-0.06892515
0.1078933
0.09466661
0.06239545
-0.08845694
0.08028759
-0.08777662
0.03169216
-0.04886768
-0.09169367
0.07020947
0.01766759
0.04618375
-0.07449683
-0.0904795
-0.08900425
-0.02520162
0.08766087
0.03902867
-0.06921123
-0.005841687
-0.03239102
0.01896431
-0.005031086
-0.02841522
-0.03653843
-0.05791496
0.03332686
0.02503098
-0.1010696
0.04505561
-0.08881564
-0.001909612
0.1051363
-0.08390687
-0.0232883
-0.02006636
0.04849473
0.02331677
0.03085629
0.09059342
0.09061281
-0.04906682
-0.06999689
-0.09182232
-0.07487176
-0.05759659
0.01793638
0.05808479
0.002347314
0.03028603
0.1065186
0.05144464
-0.07733249
0.01668213
-0.1008813
0.05110017
-0.07688545
-0.09502681
0.0354545
-0.1058408
0.08702937
-0.09680796
-0.04266706
0.06345091
-0.03137591
0.002586561
0.1037361
0.05352379
0.043568
0.05351562
