-0.0932574
-0.0214547
0.07121799
-0.04758123
-0.07518575
-0.03163277
-0.08953969
0.055804
-0.1049898
0.04403901
-0.1040352
-0.0517869
-0.0714969
0.04865997
0.1014228
-0.07348944
-0.02767938
-0.09753558
-0.06212135
0.08647034
-0.01375544
0.03260681
-0.00139551
0.07169411
-0.06990182
-0.09494103
-0.04224763
0.0447137
0.01391813
-0.09491148
0.0685351
0.04413386
0.07697316
-0.07049404
-0.06616937
0.04163791
0.0984185
-0.01590729
-0.029139
-0.08473242
0.04836072
-0.08985243
-0.08176768
-0.02395777
-0.03282036
-0.06044113
0.08991277
-0.0437184
0.04576936
0.1030364
0.0684151
-0.0720392
-0.04894336
0.02156913
-0.04692425
0.04038266
0.01368057
0.03057729
0.08932406
0.04604673
0.008362615
0.02458894
0.00259577
0.07613922
-0.01783177
0.08234875
-0.100509
0.06613223
0.08062869
0.06000199
-0.007462882
-0.0732114
-0.02787626
0.08598439
0.0431398
-0.08695455
0.040027
-0.06350248
-0.09147175
-0.02898798
0.1080624
0.09184913
0.07776459
-0.04775133
0.06432115
-0.04804733
0.05654946
0.02413897
-0.09682182
0.03206674
0.03629553
0.03688934
0.08907855
-0.05994036
0.02155569
-0.1002803
-0.04158596
0.03658859
-0.0737353
0.03966093
-0.05241703
0.09818202
0.07189347
-0.04659482
0.07029059
-0.08412319
-0.001466434
0.1030295
-0.001612812
0.0831409
-0.05227014
-0.05091589
-0.02416355
0.02962644
0.08901349
0.09494954
-0.02398151
-0.04414485
0.005974379
0.08249432
-0.01939824
-0.06380805
0.1052146
-0.06883864
-0.02816758
-0.07613955
-0.06517885
0.048757
-0.08788186
-0.08464526
0.05190506
-0.04239428
-0.06197102
0.07616168
-0.1004955
0.08915
-0.0223467
-0.02571442
-0.01712161
-0.07958569
0.06823284
0.09231096
-0.00705168
0.03034441
0.07898873
0.02099389
0.08460777
0.08643423
0.04092555
0.09761728
-0.07475169
0.0333092
0.06648389
0.01664951
0.01743744
-0.1043395
0.02765778
0.003645924
0.1076125
-0.08576337
-0.04322271
0.03620633
-0.0297922
-0.0004125373
0.1049943
-0.06285431
0.04721878
-0.06388511
-0.04256101
0.001702368
-0.01635364
-0.03688401
-0.1037162
-0.08396384
-0.004349262
0.008675176
0.03694759
-0.03953857
-0.003610336
0.005174412
0.04265744
0.002883068
-0.07567307
-0.05175218
0.08535881
-0.06002798
-0.0516233
-0.08236179
-0.07787375
0.09012431
0.02952906
-0.03712721
0.06018336
0.08889844
0.08296584
0.02330998
-0.02065194
0.08882699
-0.02566671
0.001756507
-0.04502402
-0.0887573
-0.08325259
-0.075866
-0.02200387
0.03511968
0.09445681
0.09128355
0.04213981
0.06766892
0.0634458
-0.01875398
0.1046949
0.06115521
0.04113711
-0.0674091
0.04530514
0.02877893
0.03048737
0.03705101
-0.075755
-0.04905211
0.02236945
0.1021036
-0.1058166
-0.07679582
-0.0498919
-0.02438315
-0.07630998
-0.07427
-0.04608258
-0.004056167
0.09628785
-0.06931723
-0.02884437
-0.0668052
0.0005819728
-0.06276556
-0.00839469
-0.07962894
-0.09190694
0.09665021
0.1058976
-0.07968522
-0.06859155
0.0132093
0.003325181
0.05268583
0.09269437
-0.01743991
0.07993266
-0.03847526
-0.04452883
-0.07529979
0.09515695
0.09233634
