0.04050984
-0.01456656
-0.06082872
0.06125797
0.02569091
-0.1036986
0.09651875
-0.03907228
0.002600857
-0.05088658
0.05810954
0.07482052
-0.09423498
-0.08824884
-0.097258
0.03948089
-0.1068913
-0.03388748
0.03590497
0.01379218
-0.04125762
0.04576689
0.009978385
-0.08504532
-0.07699479
0.02867342
0.07458299
-0.09515468
-0.0298018
0.09544519
0.02397098
0.03572099
-0.01346293
0.09690142
-0.0005676709
0.07135468
-0.05026691
0.01640994
-0.07722804
0.03608178
-0.07675359
0.033078
0.03651343
0.03713544
0.09647567
-0.02376256
-0.07859638
0.05945976
0.04205342
0.003948587
-0.09406827
0.09056644
0.08791471
-0.04746435
0.1078441
0.08002128
-0.09778207
-0.06524911
0.09665518
0.0432705
-0.06039147
-0.02837767
-0.02402432
0.01908539
-0.08109779
0.09711797
-0.009341498
0.01993138
0.03443188
0.008288826
0.02108183
-0.1026499
0.02588071
-0.05949241
0.028631
0.02968308
-0.03931346
0.06753089
0.0493169
-0.03560928
0.06244988
0.03177251
0.07124262
0.02475641
-0.01761056
0.1067645
-0.02256519
-0.02187839
0.06075073
-0.01027979
-0.006588337
-0.07906272
0.03532202
-0.09554999
-0.06410334
-0.02875957
0.04966821
-0.08315309
-0.0295725
0.02818532
-0.0537429
-0.07978851
-0.04791104
0.06482259
0.0901809
-0.03847108
0.004083109
0.07729486
-0.0721429
-0.06733112
-0.01544003
-0.01722408
-0.07544098
-0.0676625
0.0005359577
0.08285587
0.02131157
0.08498792
-0.01812048
-0.1072335
-0.1026991
0.02901067
-0.03261916
-0.07880441
-0.06533488
0.1066637
0.08557251
0.05055116
-0.05111378
0.08853851
0.09546336
0.0435269
0.1023863
-0.05762897
-0.01109304
0.003699342
0.02637262
-0.01046921
-0.08624867
0.01038392
-0.05100073
-0.1073937
-0.05583904
-0.09771094
-0.06949114
0.003582026
0.07607912
-0.03915754
-0.00300724
-0.08021936
0.09462689
0.02963382
0.08254797
-0.04352343
-0.004651618
-0.02633645
0.08744286
-0.02851166
0.09089495
-0.05780207
-0.04491458
0.01816588
0.007723656
0.01086579
-0.02623037
0.0547268
0.08329768
-0.08343615
-0.03578605
-0.005931041
0.04188054
0.0439295
0.08561887
-0.006500318
-0.085591
0.08463473
-0.02635209
0.02993358
-0.01567328
-0.07368428
0.08611716
0.07315921
-0.0868243
-0.07026119
-0.0549481
0.0430475
0.1076688
-0.01018648
-0.07838969
0.001377887
0.02871224
0.08251734
-0.05082218
-0.07206164
0.08628615
0.01043687
-0.004648679
-0.02418298
-0.04474835
0.01066522
-0.08983904
0.1062771
0.090143
-0.05551772
-0.008364685
-0.08724403
0.07640897
-0.007781921
-0.009084992
0.006492198
-0.03076434
0.05202597
0.0610417
-0.03453998
0.009102232
0.09743068
0.07119188
0.0520314
-0.09392414
-0.08252227
0.04598237
-0.006542504
-0.004835151
0.05383178
-0.03224069
-0.08812238
0.08187296
0.009207265
0.08355656
0.07812861
-0.04296325
0.06009563
0.08785541
-0.00573427
-0.09100202
0.05256649
-0.05276513
-0.0523948
-0.06617174
0.09543888
-0.005803369
-0.035088
0.06038144
0.007810445
0.0228104
-0.05497773
0.02395213
-0.07824174
0.06450873
-0.0302677
-0.01266369
0.07369179
0.04828525
-0.0544246
0.09310178
0.0008541544
