0.0809128
-0.04119895
-0.07121059
0.07385164
-0.00712736
0.007662776
0.1052761
-0.08411438
0.02968249
-0.07985761
0.0871536
0.09077769
0.01195776
-0.03749889
0.08943205
-0.014296
0.06134437
-0.05801835
-0.05470308
-0.09501027
0.007496861
-0.002780867
0.06494759
0.03836181
0.04278677
-0.03121272
0.01203185
0.006714626
-0.02507007
0.05439742
0.03893497
0.01972274
-0.0927247
-0.07572853
-0.03867131
0.0807899
0.06275562
0.03754548
-0.02160694
0.09824042
0.07629849
-0.02402808
0.03907601
-0.007084506
-0.07559534
-0.05620366
-0.06100849
0.01775634
-0.03827886
-0.1025153
0.02231878
0.01003107
0.02286546
-0.002827503
0.1075585
-0.04111758
-0.04947054
-0.06383634
0.0780683
-0.08045698
0.06876126
0.0778509
-0.0005641942
0.08062869
0.04559166
0.02807096
0.02847066
0.09129269
0.1046726
0.03670343
-0.07636
-0.1010196
-0.06187857
-0.03578539
0.01263667
-0.02207663
-0.09771765
0.0001593195
-0.01200355
-0.04156762
0.07786995
0.008592068
-0.03153883
-0.08967867
-0.02021505
-0.007718408
-0.06010959
-0.09320025
0.04828222
-0.06205432
-0.04394756
0.01645524
0.05661025
0.06955496
-0.003031153
-0.006512916
0.0001101913
0.05584396
-0.04473171
0.0680006
0.04392884
-0.10713
-0.07411039
0.03443188
0.0775432
-0.02305866
0.0415705
0.1041565
0.09062078
0.003336024
0.02894365
-0.0259441
-0.08859943
-0.0581255
-0.09004566
0.1056201
-0.00825192
0.05757165
0.05354002
-0.006488276
-0.01120646
0.0657715
0.02154499
-0.0158304
-0.04066153
-0.04120395
0.04740581
0.04053834
0.01153977
0.08207995
-0.09425835
0.08471958
0.02713801
-0.09516873
0.1042879
0.08554489
-0.0426372
0.009352447
-0.0328839
-0.02919336
0.002840309
0.06531549
-0.005059188
0.1062043
-0.0274708
0.0751415
-0.1008847
0.05989091
-0.03626359
-0.05190288
0.03234005
0.1009461
0.01822478
0.07942083
0.004741581
-0.01900917
0.008655533
-0.04615016
0.03901071
-0.02014325
-0.07908349
0.01773979
-0.08145913
0.09567925
-0.03832228
0.04784961
0.07152494
-0.09470145
-0.05689544
0.02311753
0.07131794
0.04074042
-0.09797671
0.0398675
0.08618762
-0.09573882
-0.08714852
-0.02208674
0.08537005
0.03693657
0.07024249
0.07979149
0.02823234
0.01569052
-0.009092014
-0.01246766
-0.08971911
-0.1019344
0.06651032
0.03778289
-0.04790089
-0.06648558
-0.02298606
0.02866313
-0.05929039
-0.099628
-0.08895854
-0.03823147
0.02316036
-0.01556985
0.08630107
0.005352302
0.07155059
0.00379081
-0.02245294
-0.06356803
0.04794884
-0.02916201
0.01179074
0.03018194
0.05493576
-0.01059272
-0.1037548
-0.06569747
-0.05205191
0.003533233
-0.05441732
0.02969277
0.04185685
0.05642954
-0.05173303
-0.06595796
0.07364832
-0.06218783
0.04772052
0.0211559
-0.07573503
0.01580608
-0.02128654
-0.03476432
0.01068484
0.0770537
-0.01001352
-0.03147664
-0.01852575
-0.03860189
0.08834191
0.09738945
0.04441132
-0.08818047
0.06692798
-0.04959951
0.0404473
0.08949558
-0.08796131
-0.04395856
0.05848211
0.004107778
0.02535374
-0.08244997
0.01310858
0.09882956
0.04923919
0.09165233
-0.09671021
0.04878511
