0.09900188
-0.09102387
0.04860264
-0.013937
0.02930777
0.04358292
-0.0944495
0.02493512
0.09384513
-0.05882287
-0.02977568
-0.01708856
0.03411365
0.09168006
0.03937396
0.06151505
-0.08570428
-0.06058307
-0.04148662
0.09904874
0.09147803
-0.02516644
0.07510191
0.05911209
-0.03512174
-0.07502573
0.02833736
-0.01372131
-0.003246588
0.07538757
0.1043721
0.1031394
0.03974359
-0.02231685
0.1059594
0.01770671
0.09298103
0.08116694
-0.05921812
-0.09328295
0.04426887
-0.1036318
-0.1042949
0.07956938
-0.0002029789
-0.02173908
0.03619871
-0.05313529
-0.01791891
0.004763392
0.09863108
-0.02938118
-0.09488729
0.01786901
-0.01855918
-0.007968624
0.07617655
-0.01940506
-0.01952793
0.0119969
-0.06470082
-0.0936823
0.01734292
-0.02445156
0.01814634
0.07884205
0.01169177
0.01835106
-0.0005641942
0.07879701
0.02578619
0.1011149
-0.02034339
0.05990906
-0.006990334
0.0103323
-0.006329518
0.0004419693
-0.03990872
0.04999245
-0.04167473
0.09080643
-0.102196
-0.08288172
0.09971612
-0.01868695
-0.07980985
0.009102046
0.03841637
-0.09632493
-0.08784914
-0.01694654
-0.07762111
0.03348175
0.0138059
-0.03125899
0.01365194
-0.03485965
0.003769387
0.02256804
0.09636166
-0.01703065
-0.007997742
0.09003025
0.002058339
0.002181232
0.01690269
-0.09415063
-0.08781927
0.05690218
0.04853683
0.07768792
-0.09839612
0.08119622
-0.08278388
-0.08658445
0.1064144
0.09537166
-0.01494323
-0.08245735
0.01288883
0.08109137
0.08946235
-0.00366681
-0.05601949
-0.04005812
-0.008203577
-0.08837849
0.04424299
0.09581372
0.09113024
0.03814859
0.04419661
-0.07771073
0.00265319
-0.02884113
-0.01423927
0.09703053
-0.05339561
0.08358631
-0.06172003
0.07822192
-0.0960388
0.00832709
0.01801927
0.009563755
-0.01755886
0.02778498
0.08725218
0.07320999
0.01637327
-0.07643059
-0.01812102
0.1037251
-0.08152394
-0.09061546
-0.08955617
-0.05316665
-0.06419309
-0.1014476
-0.09436725
-0.04937695
0.09232818
0.00131027
-0.08314685
-0.07176749
-0.09156644
-0.03215456
0.03933379
0.002011566
0.005898353
0.1061872
-0.03439062
-0.07772411
0.07014387
-0.02268505
0.05283132
-0.09213471
0.02597309
0.08340631
-0.06590058
-0.09073713
0.03140984
-0.08623844
0.04048009
-0.05428999
0.02851803
-0.1071917
0.08852593
0.0998867
0.1067642
0.06304452
0.01845716
0.04637289
0.02807554
-0.02084696
0.08995342
0.04927465
0.1068834
-0.03670543
-0.03458537
0.05673998
0.05839856
0.03179981
0.07003575
0.02381874
0.04418966
0.08251481
0.09298884
-0.03326538
0.07620828
-0.01740734
0.02678527
-0.08146323
0.09073642
-0.04229298
0.0743084
-0.07661252
-0.01951326
-0.07498322
0.03672386
0.05103121
-0.04897032
0.02362512
-0.09360469
-0.01022826
-0.03008603
0.04943141
0.07627245
0.04674083
0.06925683
-0.08222704
-0.01021154
-0.02121408
0.08635733
0.01006922
0.07292782
0.01046587
0.05935617
-0.06170004
-0.07221054
0.005091499
0.03979413
-0.0788449
-0.04157997
0.02362089
0.01121144
0.02661392
-0.09650802
-0.04673934
0.07833871
0.005548955
0.1008128
0.04976464
0.08877702
0.03301825
