0.1065464
-0.08772194
0.05058487
0.02319984
-0.0008413183
-0.006315876
-0.1079297
-0.09514114
0.004481866
-0.04364904
0.003061365
-0.0253063
-0.05783193
0.06157842
-0.09721949
0.06780368
0.08690526
0.03344122
-0.02151412
-0.01734311
-0.04976546
0.05963734
0.04290182
-0.06397173
0.007782765
0.01972581
-0.09271544
-0.09699446
0.02295017
0.08407275
0.02007959
-0.1009653
-0.06050462
-0.02534335
0.05013661
-0.07541981
-0.09967384
0.06882072
-0.09614687
0.05758504
0.05985756
0.0841973
-0.07832172
0.1062161
0.007631254
0.0933861
-0.08568943
-0.01756296
-0.08160222
0.05789896
0.1030465
0.05934272
0.06845989
0.03677956
-0.04620611
-0.06120048
-0.08799177
0.1069366
0.02400862
-0.03265695
0.003923743
0.04713528
0.1046842
-0.03743595
-0.06891239
-0.08540466
-0.08923464
0.05051098
-0.05689544
0.07375843
0.05549235
-0.001865106
0.0408503
-0.08769377
-0.08469588
0.05681014
0.04017357
0.05198265
0.04910453
-0.05920566
0.05933044
0.104326
-0.05349654
0.0463907
0.1031654
-0.008849042
0.07458493
0.08036523
-0.08039018
0.06822994
0.1000967
-0.04740409
0.02534593
-0.006801297
-0.04421916
-0.05779474
-0.03597086
-0.09907571
-0.09762847
0.01895333
-0.0176503
0.04180478
-0.01964625
-0.1023907
-0.02658657
-0.006556094
0.0348504
-0.08877483
-0.004023858
-0.0294512
0.02869733
0.04063182
-0.0212503
0.01902955
0.06991665
0.07600236
-0.02508341
-0.08218226
0.0753009
0.07599179
-0.01818596
0.07932834
-0.01166102
-0.09878653
-0.04169719
-0.06775027
-0.04995056
-0.01431413
-0.1005243
-0.08679935
-0.1035619
-0.08644075
0.06232295
-0.04458181
-0.06332664
0.0007569376
-0.0671141
-0.03371901
0.05240845
-0.06087877
0.0927709
-0.04514027
0.09478901
0.01060507
0.0676104
0.1051792
0.002981509
0.0483474
0.05700434
0.01070616
0.009289632
0.04510061
-0.07180341
-0.06878899
0.07892364
0.02170153
-0.04174198
0.01414722
0.08117731
-0.05526514
0.02897625
-0.1066897
-0.06211223
0.09620107
-0.1042473
0.03430633
0.05954523
-0.06128276
0.07355403
-0.05171129
0.00621671
-0.07804042
-0.02906105
-0.07471158
0.01215977
-0.04785822
0.0393914
0.0256887
-0.08461591
0.07215957
-0.01403961
0.009777049
-0.006870524
0.06893148
0.08234382
-0.0850853
0.04170171
-0.02728019
0.09068707
-0.09712837
0.01383303
0.05287373
0.04402914
0.07829657
0.1062402
0.0431124
0.1042211
0.03486923
-0.1029539
-0.07516333
0.03995074
-0.08585411
-0.03672473
0.002294717
0.07132247
-0.05521569
-0.04592782
-0.1019356
-0.1059627
0.08425494
0.01572964
-0.0769408
-0.07628445
0.08138536
-0.03471924
-0.0812881
-0.05537324
0.08318652
-0.04556968
-0.05656149
-0.07549233
-0.07073156
0.009903395
-0.05014407
-0.03241265
0.097173
-0.04496701
0.0155023
-0.06961136
0.01963013
-0.03618903
0.01486296
-0.006338061
0.03843914
0.004107632
0.006786174
-0.01910477
0.09053171
-0.0133157
0.1081526
-0.04107368
0.0243019
-0.02095775
-0.101223
0.06848694
-0.0382794
0.003063138
0.09703169
0.04032833
0.02971069
-0.02947417
0.06351043
-0.06172526
0.1030666
-0.09038875
0.1032141
