-0.08454749
0.05965554
0.1044261
-0.06315999
0.07568181
0.04613799
-0.1064363
-0.06043108
-0.06836646
-0.06763422
-0.08748302
0.09401845
-0.0888422
0.07956793
0.0370668
0.00745304
-0.01772925
-0.0725267
-0.05648408
0.03485946
-0.07774062
-0.07483229
-0.08206774
-0.0281551
0.05092673
0.108123
-0.1032275
-0.03022893
-0.0216899
-0.03987725
0.07119413
0.001956007
0.04528954
0.03118978
0.03425777
0.03968163
0.07477732
0.09767139
0.04235672
0.03927842
-0.02178353
0.04387433
0.03193182
0.08042108
0.05122746
-0.08320042
0.08841299
-0.07930572
-0.08832166
-0.1039477
0.04051658
0.07978051
0.02195583
-0.08184139
0.05451136
0.06687143
-0.06740493
0.08948135
0.09386165
-0.05262868
-0.05979814
0.09547389
0.04776069
0.006170069
0.03556169
-0.04866721
0.09089295
-0.03794556
0.04828222
0.04138279
0.1023654
0.02119159
-0.05539571
0.05981327
-0.06202487
0.08598106
-0.02022973
-0.1008575
-0.02854804
0.03366106
0.004555547
0.04080996
0.05904401
-0.0876196
0.1047098
-0.01214676
0.04673149
-0.105416
-0.04853873
0.04734255
-0.07553831
-0.07378075
0.1058011
-0.09279012
0.02077892
-0.06752075
-0.07524252
-0.05632006
-0.09588321
-0.008110801
0.02526481
-0.1029736
-0.005068294
-0.1069479
0.02906044
-0.09702548
-0.06731642
-0.09807786
-0.01029733
0.05472313
-0.06899323
0.01428406
-0.02470414
-0.04074236
-0.09598904
0.09380727
-0.05405137
0.0656237
-0.06560567
0.009650299
-0.0214596
-0.1026638
0.1008025
0.06905984
0.05121948
0.05304627
-0.04587197
0.01498369
0.09995949
-0.008620197
0.103645
-0.1072384
-0.07508367
0.09683875
-0.03706083
0.05275294
0.02201199
0.02952654
-0.04499914
0.04215675
-0.08938757
-0.01163413
-0.02759032
-0.09829683
0.01076996
-0.03207819
0.003756192
0.02066967
-0.06546149
-0.08135724
0.04180429
-0.09093335
-0.008522494
-0.08660973
0.09992022
-0.03189529
-0.009761284
0.004655909
-0.03626613
-0.0506784
-0.09340206
0.05477237
-0.02378952
0.07915057
0.01696864
-0.009039755
0.09992247
-0.02196752
0.01540574
0.06533372
0.07880484
-0.006186251
-0.06156415
0.01393347
-0.0747245
-0.01967222
-0.08738864
-0.0522261
0.06047548
-0.07856832
-0.02226489
0.008091236
-0.01268302
-0.1055345
0.001174258
-0.09223679
0.08024198
0.02271963
0.09061123
-0.09691843
-0.04631602
-0.002232241
-0.02296175
-0.01061627
0.08808982
0.034932
0.0161954
0.01653425
0.04983524
-0.04485844
-0.07797143
-0.08273083
0.06777451
-0.05053132
0.0564282
-0.05630005
-0.03346151
-0.001861214
0.0821496
0.009483465
0.007298808
0.03534461
-0.02761353
0.004866662
-0.1023288
-0.06926269
0.1017035
-0.08622608
-0.06938596
0.04705527
0.03216059
-0.07200179
0.06555136
-0.02788084
0.08532692
-0.006383381
0.01079508
0.08673473
0.04068504
0.08632034
-0.08564481
0.04025096
0.1063247
0.02467949
0.08356991
-0.04459004
0.06800257
0.07682617
-0.04091017
-0.07387521
0.001570308
-0.0237129
0.03914146
-0.06445508
0.05498695
-0.06356212
0.002172561
-0.06668882
0.08111608
0.07824131
0.07416362
-0.1044135
-0.05820096
-0.0004899498
0.02470501
0.08800323
