-0.01547064
-0.08061569
0.09579065
-0.01461484
0.03307663
-0.0005766884
-0.09033184
-0.04743821
-0.04167837
-0.02967831
0.09169222
-0.01237648
-0.02792399
-0.07559109
-0.09781221
-0.07877344
0.02842883
-0.1023553
0.09049868
0.03375415
-0.09244372
0.1045877
-0.04111313
-0.01666852
-0.01385683
-0.05302087
-0.05487316
0.01202122
-0.02217451
0.02831398
0.08385369
0.000328602
0.03642086
-0.006541605
-0.0022219
-0.06357094
-0.04051639
0.07988308
0.0005869839
0.03434088
-0.07014017
0.01633736
-0.08054139
-0.05771414
0.09387641
0.02273271
0.1075326
-0.04115261
-0.06193648
-0.04860683
0.06330823
0.01503137
-0.02593461
0.06699331
-0.001810277
0.08384927
0.04828614
0.06539543
-0.01448805
0.09707954
0.06512
-0.05765643
-0.09724526
0.09796666
0.02173203
-0.07592943
0.09630959
-0.06969683
0.01263667
0.06919125
0.03632616
0.03336148
0.07337878
-0.004785313
0.07522317
-0.05541059
-0.09228894
0.08933076
-0.06598589
-0.06130799
-0.06915087
0.01663905
-0.03982599
0.06603423
0.07725057
0.05594673
0.04788866
-0.0070519
-0.06041642
0.01955555
-0.02254812
-0.1026477
-0.03304093
-0.004929869
-0.08928155
0.1052015
-0.06110649
0.04979056
-0.07368011
-0.01469844
0.05404966
-0.03650671
0.09305052
0.01173607
-0.01434749
-0.007190452
0.08515809
-0.01221817
0.06819244
0.01421048
-0.04733039
-0.0129534
-0.01770794
0.01758881
0.04665792
0.03645783
0.01603353
0.05218642
0.02257688
-0.02468711
0.0291065
-0.09570594
-0.02453796
0.05184971
0.04330361
-0.06134316
0.1048651
0.01061734
-0.08273403
0.08091641
-0.0620157
0.001194639
0.01808712
0.08746588
0.07712229
-0.08382937
0.09848762
-0.06790072
-0.01591664
-0.1014401
0.05554127
-0.08536976
0.03150834
-0.09651733
0.08159969
0.05122958
0.0554794
0.0703956
-0.07447072
0.06357194
-0.03767185
-0.03407645
-0.0276216
0.0501064
-0.09340482
0.02622341
0.01469892
0.04685128
0.0226357
0.001542924
0.009168903
0.04621937
0.03706206
0.04232581
0.07320233
-0.01687856
0.03845283
-0.03906562
0.06516811
0.007103265
-0.01793324
-0.02585581
0.01150778
-0.009667132
-0.08716192
-0.04760207
0.06388257
-0.06847946
-0.1082454
0.03425223
-0.05622296
-0.103949
0.03768927
0.07884227
0.05898542
0.09367841
-0.1072585
-0.03482054
-0.08603995
0.1010379
-0.0819811
-0.09309057
-0.01689837
0.07543053
-0.05630808
0.006611086
-0.07333933
-0.1044062
0.08448565
-0.09827416
-0.08669541
-0.04907563
0.07531343
0.05459027
-0.1056861
-0.02572111
-0.02566943
0.08689509
-0.08935411
-0.02774619
0.05658087
0.02681473
0.1007055
0.08449551
0.0889575
-0.02146492
0.0905069
-0.006276965
-0.08094785
0.09854201
0.02435969
0.01270554
0.1007418
-0.09723619
0.105062
-0.04312966
-0.07711052
0.02542454
-0.05419382
0.03183974
0.02571077
0.01563861
0.05000782
0.06786063
-0.03380669
0.006796187
0.05872892
-0.01119479
0.05101233
-0.1026611
0.01545579
0.01574375
0.1007991
0.08063146
0.02839762
0.02670964
0.03178304
-0.02404571
-0.03394681
-0.02939745
0.07006966
-0.009315538
-0.06950693
-0.01662613
0.09767788
0.06401102
