0.04235721
-0.005621396
-0.0514318
-0.08610962
-0.01614855
-0.07294215
-0.02568093
-0.07191123
-0.02584312
0.05650159
0.08212294
-0.06761079
0.08099534
-0.03982486
0.0004688725
0.07864209
0.06271708
-0.04743501
0.02259067
-0.02538351
0.02163529
-0.07131349
0.005977016
-0.10321
-0.09867702
-0.09491346
-0.09512457
0.06351879
0.01450967
-0.0541661
0.07127
-0.07968
-0.006590682
-0.05795607
0.07918231
0.08570518
-0.0164507
0.03634604
0.004646872
0.06222323
-0.01767258
-0.009367963
0.02447739
-0.06646868
-0.003146959
0.02931381
-0.07199297
0.09772581
0.1002522
-0.06941406
-0.03034023
-0.005108922
-0.04040022
0.09013114
-0.08730689
0.09577127
-0.02409006
-0.09340427
0.03656419
0.02865452
-0.001408284
0.04485733
-0.06023797
0.07674181
0.05723506
0.03321849
-0.0521481
-0.01239875
0.09824042
0.03930995
0.02214394
0.02867147
-0.09367595
-0.09938481
-0.06159553
0.00842569
-0.07582014
-0.06977765
0.08081663
0.05005229
-0.05647758
-0.07276373
-0.02392624
-0.06028896
0.1009447
-0.03446566
-0.07272722
-0.02742419
-0.07257117
-0.05426173
-0.0326717
0.08937933
-0.004868267
0.09123097
-0.04869734
0.02879116
0.03185618
-0.05904787
0.07107822
0.05968323
-0.04623348
0.09808405
-0.101933
0.01778715
-0.05878981
-0.1054733
-0.07158695
0.02284234
0.06366109
-0.09202474
-0.1018276
0.03928024
-0.0275308
0.07971453
-0.05487649
-0.05461226
-0.05916645
-0.02305211
-0.06429654
-0.07790245
0.07985751
0.09614171
-0.05036404
-0.01736991
-0.03632594
0.08504473
-0.1006195
0.09850848
0.05640191
-0.05149175
-0.02791334
0.05397016
0.01091706
-0.09088713
-0.03829808
-0.02431032
-0.004947367
0.003021032
-0.06739597
-0.04942618
0.04031492
-0.1073555
0.06800631
0.08183312
-0.03570791
0.04414997
-0.03333085
-0.02712395
-0.08426241
-0.06520065
0.01590558
-0.0457955
0.01293718
-0.04154357
0.06551079
0.01523971
0.01840423
-0.05935978
-0.004762646
0.05585795
-0.09746359
0.03921204
-0.09012199
0.02945477
-0.02111584
-0.01951359
0.05449656
0.01887951
-0.02370234
0.003020263
0.02939644
-0.07631974
0.0827153
0.08228118
-0.1006307
-0.1024189
0.07332156
0.0008734955
-0.05344777
-0.09744665
-0.07855432
0.05929757
-0.02989429
0.0720666
-0.01474953
-0.0220657
-0.05636857
0.005854663
-0.1005453
-0.03393476
0.06399018
-0.01347001
-0.07427567
0.002829662
-0.0486378
0.1073249
0.04288092
-0.02467338
-0.02291821
-0.05529998
-0.04408596
-0.002622975
-0.08607679
0.04119439
0.03148244
-0.07185599
0.006788738
0.06642482
-0.06335935
0.107829
-0.07541752
-0.0685681
0.01257174
-0.1039219
-0.09423777
0.1010398
-0.1030354
-0.05569347
-0.03940779
0.007994371
0.09272783
-0.08087687
0.02254643
0.07317433
-0.06715321
-0.001709831
0.01164823
-0.01899655
-0.001794178
-0.07995129
0.05645687
-0.1002283
0.06610663
0.00104782
-0.01149741
0.05813739
0.007136612
0.07682974
0.03527064
-0.050666
-0.06187792
-0.02091938
-0.03549204
0.05971049
-0.015426
-0.1070454
0.1007977
0.08320652
0.09746573
0.04348664
-0.0997219
0.02812374
-0.1042433
-0.06716448
0.03335591
0.08240324
