-0.09134655
0.04641283
-0.05212543
0.04142004
0.08836724
0.03190564
-0.07906019
-0.01093068
0.03693341
0.05780321
-0.02712077
-0.08390464
0.008767566
-0.1028157
-0.01467688
-0.06078027
-0.05469818
0.04765656
0.09724326
-0.09361377
-0.07451025
-0.09937406
0.05043384
-0.03045822
0.1069455
0.06804524
-0.007936938
-0.0795839
-0.08969228
-0.1016657
-0.05822772
0.07360791
0.01584278
-0.09205453
0.03138324
0.05453844
0.08953995
-0.04985987
-0.03883722
-0.02637731
0.05474099
-0.01053072
0.03987326
0.01548366
-0.04009369
0.07527886
0.05861991
0.02004929
-0.05844316
-0.004760507
0.001384763
0.1037273
0.05634801
-0.06504053
-0.1070977
0.07916779
0.0472758
-0.08944114
0.07964459
-0.07781214
0.007032976
0.1048197
0.01392209
0.03727651
0.006612683
0.04784166
0.0182604
-0.02331131
-0.02021505
-0.01221911
0.02196487
0.0593012
-0.03828625
-0.04728529
-0.07293595
0.003876958
0.009709408
0.02654605
0.07182783
-0.04544708
-0.02614469
-0.08471941
-0.01879537
-0.0579848
0.1024377
-0.003696209
0.07153638
-0.007229506
-0.0515407
0.08609655
0.05487886
-0.06670552
0.08569264
0.02434858
0.08013935
-0.0536775
-0.08594905
0.0160094
-0.08061892
-0.0550749
-0.09613875
0.08770867
0.04109105
-0.03917554
-0.1006469
-0.0857325
-0.0002584277
0.01927213
-0.01823613
-0.01487808
0.06618854
-0.08867457
-0.02865736
0.07775309
0.07871486
0.09199303
0.001709188
0.01382066
0.01634417
-0.09868967
0.04786085
-0.002412321
-0.005987781
-0.04845681
-0.05794858
-0.04426368
0.04579818
-0.09623805
-0.07530994
0.06416101
-0.06947695
0.06485493
-0.05788328
-0.008042854
-0.08926433
0.09004313
-0.07204595
-0.09900195
-0.09525675
-0.02565764
-0.09601362
-0.06957581
0.06039835
0.07750683
0.005117424
0.09567061
0.1024979
0.05050668
0.08257934
-0.07849046
0.08814929
-0.09964055
-0.03851372
0.03328946
-0.07859904
0.06471089
0.02036007
0.03148344
0.09194938
0.07891573
0.03299879
-0.04428847
-0.06696995
-0.06213957
0.01072793
0.03732624
0.00136716
-0.1032685
0.05571171
-0.09087189
-0.1054703
-0.04732393
0.02206376
0.05935618
-0.06266353
-0.05961249
-0.1071815
0.06151716
-0.01617787
0.03493881
0.001612806
-0.07651726
-0.01950568
0.0008769859
-0.04822113
-0.02844855
-0.04988831
-0.0002216776
-0.0655418
-0.06509743
-0.04883039
-0.007454421
0.08517153
0.06399608
-0.001375733
0.006673136
0.07815036
-0.06031855
0.09890864
-0.09232482
-0.02054919
-0.1012694
0.09021405
0.02824605
-0.008445586
-0.04066423
0.02174312
0.03333067
-0.09659605
0.07268335
-0.08812846
0.05162191
-0.06452533
-0.1047347
-0.06756219
0.04738629
-0.04521429
-0.01205148
-0.09272973
0.02262581
-0.001567818
0.03970441
0.06652164
-0.09386817
-0.08784695
-0.07295855
0.007377178
0.05344632
0.01628977
0.09739091
0.01137271
-0.04062971
0.08626838
0.03008058
-0.09614599
0.09400325
0.08310179
-0.06119363
0.04586741
-0.09559029
-0.08816842
0.02567877
0.004694347
0.08624277
-0.06443015
-0.08217201
-0.02416886
-0.1032186
-0.102787
-0.01971509
-0.0593351
-0.03145061
0.06114793
0.08459408
-0.06974564
-0.0779923
