0.008319547
-0.07929854
-0.05903984
-0.05271289
-0.03953625
-0.07946129
-0.07274617
-0.04953269
-0.03350833
-0.0643073
-0.09276854
0.08086096
-0.07537128
0.06371471
0.09664118
-0.03216533
-0.09549556
0.09123292
0.06000581
-0.05430272
0.006863887
-0.09231864
0.07612229
0.0544124
-0.07005861
0.07062566
-0.1009584
-0.1043682
0.04652458
0.09187619
0.01188262
0.07119666
-0.03100249
-0.04183356
0.03763605
-0.09609277
-0.03749696
0.08298209
-0.01925042
0.0004688725
-0.03090759
0.105838
-0.007600849
0.09673904
-0.08655177
-0.03906521
-0.02287827
0.07330158
-0.07355656
-0.05776989
-0.07278203
0.01484956
-0.07515949
0.03694162
0.08587311
0.03785576
0.03419703
-0.01860728
0.0336799
-0.02207636
0.01851765
0.06749769
0.03937396
0.1014228
-0.04544969
-0.1048435
-0.01945819
0.07734028
0.1045346
0.06845341
-0.06723713
-0.09965106
0.02293085
0.04991371
-0.09781221
0.06326833
-0.02267215
-0.09530942
0.02614021
-0.07248826
-0.0369522
-0.04980859
0.008895319
0.07658395
-0.01467688
0.01689163
-0.07870485
0.01765435
0.0370668
0.07294945
0.02909951
-0.0623938
0.08805344
-0.02053664
0.08414248
0.01624896
-0.1046354
0.00874783
0.07635144
-0.06006287
0.02966249
0.04600362
-0.03599843
-0.097258
-0.00880284
0.07915693
0.05972487
-0.03420386
0.05373699
0.02701874
0.04938401
0.03683133
-0.003209449
0.01602143
0.06503575
-0.01090685
-0.04849392
0.04889583
-0.02228209
-0.02406728
0.0229353
-0.1042277
0.04131472
-0.007794424
0.05826136
-0.03573458
-0.07316165
0.01834024
-0.05486267
-0.0869499
-0.01952464
0.06997298
-0.07274821
-0.06372289
-0.08713389
0.05848518
0.1049447
-0.0126889
-0.07997142
-0.05520897
0.07932019
-0.09402407
-0.09518937
-0.05195736
-0.01148267
0.03792271
-0.05163998
0.04247351
0.01202631
-0.09894324
-0.07218429
0.01876623
0.002032802
0.1081161
0.1036093
0.05732716
-0.05753903
0.05129163
0.03608828
0.02646419
0.07695784
0.01045673
0.08770277
-0.1044083
0.01859037
-0.04738813
0.0528031
-0.061505
-0.09721949
-0.04723538
-0.07934324
-0.009339016
-0.0599798
0.01153338
-0.09284855
-0.08714518
-0.03803608
0.02789029
0.05450011
-0.01168107
-0.05814641
0.01466589
-0.06216208
-0.049399
-0.07016853
0.05967109
-0.09052931
0.01054959
0.05024173
0.03317905
0.03313288
0.04084755
-0.08426632
-0.03077673
0.02185509
-0.03292811
0.06756252
-0.08287256
-0.01820015
0.06382147
0.08156288
-0.0317805
0.06821445
-0.08158754
-0.03290326
-0.008532485
-0.009663159
-0.02465732
-0.09477727
-0.01716109
0.1063405
0.06680094
0.01075394
0.06641097
-0.009607459
0.01888043
0.1079904
0.05058992
-0.007206232
0.02520544
-0.08030587
0.08589891
-0.07219789
-0.06010013
0.02778423
-0.001249099
-0.008426649
-0.08581439
-0.08918308
0.08821742
-0.02196025
-0.1029593
-0.007169511
0.07757236
0.07871486
0.001181244
-0.002623364
-0.05698057
0.1018697
-0.07663396
-0.08189911
-0.04127451
0.08219572
-0.04763985
0.02193291
-0.0499333
0.0895521
0.02281592
-0.07312939
0.09094954
-0.08510973
-0.07717567
0.03021808
-0.05087673
-0.1060959
0.0763424
