-0.04875377
0.0297204
0.1029294
-0.069023
-0.01180048
-0.07609148
-0.009508698
0.01964763
-0.09413626
0.04259614
0.009142392
-0.01629874
0.1059446
-0.1081325
0.03763605
-0.02675374
0.0145655
-0.0696765
-0.03103015
-0.06434841
0.04899403
0.009475363
-0.03533588
-0.08666589
0.03097411
-0.08007957
0.01720609
-0.08918227
0.07892
-0.0502589
0.02345765
-0.07973075
0.05292307
0.0167425
0.03621032
-0.1061304
-0.01468296
0.04573112
0.051206
-0.07189117
-0.07516204
-0.09270665
0.06153686
0.04434194
-0.09607958
0.02736194
0.01390339
0.03646864
-0.06404035
0.04688565
0.01524953
0.1047291
-0.08291458
0.08442268
-0.09206424
0.09630103
-0.0581105
-0.04849223
0.04892392
0.09309503
0.09798132
0.05592267
0.002234189
0.04546339
-0.05350108
-0.09840605
0.08361093
0.1028736
-0.03867131
-0.07361015
0.1036199
0.04049778
0.08715051
-0.05861074
0.08769041
0.02698056
0.04797359
-0.02160595
-0.06512418
-0.05942306
0.08539819
0.06319512
0.0169552
-0.05978386
-0.05326043
-0.02193942
-0.005370507
0.04660027
0.08053064
0.04577646
0.01857526
-0.04709967
0.08218519
0.0181565
0.08235444
0.1016315
-0.09310959
-0.09117404
-0.1058583
0.1009213
-0.03903544
-0.07521817
0.08947662
0.05063685
0.0135437
-0.01138146
0.06355961
-0.03369854
-0.008855892
0.01971208
-0.09755068
-0.04530383
0.0385985
0.03462537
0.005113014
0.001385089
0.05320881
0.01588571
-0.05458472
0.005845523
-0.09766479
-0.09752985
-0.07362388
0.05696497
-0.1011642
-0.0867675
-0.07408717
0.006035513
0.0577127
0.1002154
0.04776975
-0.06051157
0.02924875
-0.03038387
0.01869342
0.06964704
0.08643633
0.007492533
0.05618656
-0.02758972
-0.1069683
0.03375392
0.05790172
0.05967358
0.02104009
0.04638115
0.08009145
0.0968062
-0.01732402
-0.03311855
0.09585967
-0.04048661
-0.07294898
0.09276533
0.02259661
0.09738257
0.01642008
-0.02241608
0.06979568
-0.08610459
-0.1034727
0.1068584
-0.07678062
-0.08819658
-0.08496106
-0.05305657
0.05615899
0.102679
0.04706325
0.08457302
-0.08710971
0.08293273
-0.1022696
0.05817162
-0.02554779
0.05505245
0.07876232
-0.01397681
0.02354587
-0.09673952
-0.09729943
0.05234182
-0.03493089
0.02461492
0.0722144
0.06338319
0.03877879
0.1057868
-0.06972437
0.08012456
-0.006545222
0.06189583
-0.05216919
-0.05935599
-0.02185803
0.0107787
0.1041153
-0.09289445
-0.04399541
0.07645686
0.03050707
0.07760335
-0.1070236
-0.08553927
-0.03125272
0.03588116
-0.04654674
0.0219637
0.08555217
-0.07518753
-0.0728867
0.0881015
-0.0933542
0.002757698
-0.1067063
0.02933472
0.05975607
-0.04699727
-0.09659881
-0.1021031
-0.07414675
-0.06286094
0.05594645
-0.02797357
0.03283985
0.0661494
-0.03376054
0.05488736
-0.05440849
-0.001246022
0.1007665
-0.08387463
-0.03569742
0.1080244
0.09099362
0.1044212
-0.1029804
-0.01311019
0.05954528
0.09211484
-0.08415899
-0.07525626
-0.03481599
0.09520608
-0.09244309
-0.03616627
-0.04786422
0.1076602
0.1079733
-0.01431537
0.09455398
0.06743027
-0.06481334
0.02978101
-0.0310619
0.01393366
