0.06052306
-0.05877191
-0.04627817
-0.07491027
-0.04936709
0.09473143
0.0007863039
0.01657805
0.05480425
-0.1020991
0.004720064
-0.009857737
-0.1059568
0.03733111
0.105838
0.01954224
-0.06463045
0.03991034
0.02267658
-0.08885743
0.08590877
0.01889293
-0.04231636
-0.055783
0.08051026
-0.1076656
-0.1035287
0.08821458
-0.04067829
0.02447568
0.03108234
0.009495935
0.002016609
-0.06385344
0.02377963
-0.09269861
0.04996325
0.0409903
-0.09577651
-0.06281116
-0.02432322
-0.004980436
0.0573129
0.1018156
0.06521828
0.04221999
-0.01921232
0.0587183
0.08323435
-0.03541819
-0.05074425
0.0462974
-0.0819998
0.096264
-0.03987359
-0.09475686
-0.009687114
0.05615923
-0.04340965
0.01037702
0.002163778
0.001002976
0.0856121
0.07429966
-0.03320742
0.1050257
-0.01307331
-0.06520784
-0.02402808
0.1012236
-0.07268868
-0.0257873
-0.03331256
-0.07633311
-0.09981891
0.07032637
-0.07397501
-0.05451974
0.01495101
0.07928729
-0.08065195
0.06673724
-0.001321596
-0.05847935
-0.05258152
0.001383357
0.005241212
-0.104056
0.0001950275
0.004607817
0.01030509
0.04143246
0.005782628
-0.03133316
-0.1072956
-0.04331274
-0.06345312
-0.07613608
-0.04094813
-0.0163518
-0.0374117
-0.0543674
0.1072737
0.0390125
-0.07658777
0.02484769
0.06768385
-0.0839556
0.05742813
-0.09862525
0.02767063
0.03820984
-0.02953232
0.01482064
-0.09089722
-0.0125634
0.08597005
-0.01267358
-0.0994017
0.05485416
-0.04256581
-0.06667432
0.05398716
-0.07388138
0.08158784
0.02730118
-0.1002187
0.06743979
-0.02567859
-0.09671354
0.02216319
-0.09011804
-0.09763625
-0.06456485
-0.0125421
0.03976113
-0.06489155
0.05469448
0.006327899
0.05727344
0.006399509
0.03829901
-0.02079695
-0.1056845
-0.04884794
-0.02080467
-0.0890469
0.07932803
-0.1004023
-0.07233869
0.0237819
-0.03406396
-0.005852668
-0.07368582
0.08002901
0.0701612
0.03043221
0.06202143
-0.09736465
0.05530402
-0.08428597
0.100815
0.1080819
0.08168595
-0.05712041
-0.08633307
0.1054191
-0.0008767116
0.07513238
0.1032996
-0.104164
0.08360688
-0.0487238
0.03903897
0.05304918
-0.1041485
0.01070549
-0.008458537
-0.06256516
-0.09581224
-0.07879052
-0.04270846
-0.08266417
0.04942528
-0.1028961
-0.09535877
-0.001725487
0.03425703
0.06132615
-0.02555821
-0.08244651
0.07176756
0.1033967
-0.04905678
0.03534596
-0.03694245
0.0492557
-0.005744446
-0.09532133
0.06432803
-0.0889947
0.04707946
0.0724757
-0.04398726
0.04327364
0.06819241
-0.1061701
-0.0448077
0.1041214
0.0464224
-0.03313401
0.05109532
-0.007280103
0.07894301
-0.06527318
-0.01838479
0.01289179
0.005816539
0.0893764
-0.08957212
0.02995847
0.07113098
0.0938639
-0.02648926
0.02039055
0.05030803
0.01059641
-0.05118411
-0.08745093
-0.06672903
-0.08880494
0.05010135
-0.08348564
0.09383783
-0.06246654
0.04932305
0.05891141
0.08336559
-0.06296057
0.09018024
-0.07886305
0.03145256
-9.437595e-06
-0.01546714
0.1079055
0.05086011
0.08632505
-0.04093318
-0.1067603
0.07505935
-0.06624205
-0.09162308
0.04611189
-0.02217865
0.001460477
-0.04758099
