-0.05015375
-0.05233232
0.05950305
0.04484182
-0.01461597
-0.02918672
0.08030381
0.05345516
-0.04469443
-0.05035267
-0.005485628
-0.06763984
-0.007693128
0.09355013
0.004935588
0.0193894
0.079995
-0.01339035
-0.03832832
0.05524825
0.07354704
0.01690904
0.03606075
-0.009641444
-0.08200731
-0.004334069
0.01105219
0.004280359
0.01144896
-0.04316768
-0.02554297
-0.02455701
-0.04480898
-0.1064141
-0.0581105
-0.06826785
0.05570607
0.06381842
-0.04081916
-0.02409006
-0.05761308
-0.009687114
0.09505226
0.06894802
-0.01976408
0.04678416
-0.1013922
0.07227843
0.09284564
-0.1000557
-0.01198444
0.06717067
-0.09255642
-0.03583757
-0.06328861
0.08283015
0.05585786
-0.04693297
-0.004473488
0.05372905
-0.03745421
-0.04403569
0.07617655
0.01368057
-0.02672325
-0.08821298
-0.005819026
0.03726523
-0.02043821
0.03243857
0.1014494
-0.07130626
-0.08087675
0.08986157
0.04828614
0.03570813
0.07166173
0.02420199
-0.04637025
-0.0976368
0.07859909
-0.09505861
-0.002711683
0.02900557
0.0472758
-0.0319971
0.04616703
0.006569359
-0.06740493
-0.08223224
0.03140102
-0.07934819
0.06115638
-0.06766008
0.01093727
0.02687752
0.04231005
0.07827453
0.01097367
0.0911734
-0.09382457
0.1003058
0.0789941
-0.09778207
0.03449496
0.0873406
-0.06441479
-0.08032028
0.0268377
-0.103039
-0.035584
0.08943029
-0.08937848
0.01136283
0.0777171
-0.01912567
-0.01947294
0.0342561
-0.03799409
-0.07550202
-0.0123192
0.1031572
0.07339828
-0.04990993
-0.04953767
0.006706133
0.04184094
-0.01733163
0.02267493
0.02208235
0.07508419
-0.04947259
-0.0254144
0.07748286
-0.06336503
-0.07848457
0.07937518
0.05952925
0.05701138
0.02051783
-0.03977012
0.02923747
0.05382616
0.08230069
-0.02523712
-0.08663575
0.05269961
-0.07127226
0.05766398
0.03900395
-0.06093242
0.007582115
0.02446471
0.07846041
-0.102235
0.01424027
-0.08837148
-0.0337078
0.05767992
0.01232654
-0.07645664
0.08304387
-0.09348784
-0.03651605
-0.1024932
-0.04749388
-0.0635177
0.05869389
-0.08799177
-0.06156422
-0.08929941
0.06164187
0.01971361
-0.03881156
0.02747765
0.08732793
-0.05220089
-0.0233229
-0.06566666
0.06919546
-0.09595103
-0.009988246
-0.05464472
-0.02780417
-0.07402789
0.01925068
0.01211204
-0.07710681
0.1038025
0.05133576
-0.08509298
-0.08838365
0.005923031
-0.03831265
-0.004371497
-0.08547281
0.1030816
0.05795099
0.08384734
0.03723824
0.06967829
-0.06083367
0.06689222
-0.05240178
0.05373302
-0.02287323
-0.1058366
-0.07297306
-0.07122303
-0.007393278
-0.02618555
-0.06303004
-0.0784979
0.04088946
0.0352936
-0.05928563
-0.03274195
0.05228931
-0.08622054
0.06827038
-0.02400413
-0.04250581
0.07647664
0.01533577
-0.03235496
0.004455001
-0.03984866
-0.001805114
-0.0121032
0.06309161
0.01014313
-0.01849725
-0.05849162
-0.06196247
0.06625961
0.0957263
-0.05411859
0.07382755
-0.1048391
-0.0783866
0.07501157
-0.0403375
0.01096597
0.06587092
-0.1042215
-0.04002801
-0.01334979
-0.1070923
-0.01062332
0.01232013
-0.05537535
0.01771436
0.02715572
-0.02805559
-0.08774533
0.05244715
