-0.0888844
0.09993228
0.037682
0.03136212
-0.1008875
-0.08473245
0.09318297
-0.03033591
0.0988077
0.08401273
0.03030388
0.03408429
0.04119819
-0.04940094
-0.07248826
0.09137183
0.0829716
-0.0512008
0.05200292
0.04833549
-0.06659599
0.08322098
0.07577781
-0.07121592
0.05385826
0.05788831
-0.08473755
0.00316526
0.1059893
-0.06984459
0.07155991
0.02876549
-0.07575277
-0.09051127
0.03403199
-0.01980386
0.02360096
0.02137969
0.1050563
-0.03866212
-0.08522595
0.04194256
-0.01473842
-0.1013868
0.001671848
-0.08462885
-0.03230829
-0.03029146
0.06419797
-0.004173842
-0.001315446
-0.005341659
-0.09180545
0.01067564
-0.00391964
-0.1042762
-0.0976368
0.04520712
0.03081834
-0.01899992
-0.02279567
0.0849105
-0.03941113
0.06878896
0.08369961
-0.1031498
-0.09693019
-0.01051025
-0.04156762
-0.1033749
0.09831487
0.02176123
0.08676761
0.005666202
0.02778327
0.002541988
-0.0528166
0.0856758
-0.006406378
-0.0453432
0.08944203
-0.02594837
0.02409785
0.05451773
0.1050613
-0.08717687
0.03745309
0.05590431
0.0426459
0.04236755
-0.03447691
-0.01926704
-0.0973377
-0.01382066
0.09554847
0.03524879
0.04712544
0.03980685
0.1023955
-0.02621765
0.07393841
-0.002704757
-0.0756395
-0.0235404
0.09741417
0.02896878
-0.07474332
-0.04916145
-0.06362891
0.1077328
-0.07457083
-0.08462241
0.08782395
-0.0530301
0.03498394
0.0259782
-0.03068035
0.0976802
-0.02886098
-0.04374404
-0.02575364
0.01760139
0.04262237
-0.05463343
0.004338392
-0.07228708
-0.09940165
-0.06705693
-0.05225952
-0.06243024
-0.07063078
0.09307501
-0.06768197
0.03516497
-0.06887501
0.003948465
0.06428618
-0.04840162
-0.0789904
0.09711313
0.02045874
-7.096774e-06
-0.03920758
0.07083722
-0.08527321
-0.1062842
-0.03414164
0.07721882
0.09377173
0.09561932
0.0186758
-0.08183117
0.1074883
-0.04015198
-0.05145262
0.08105042
-0.01676126
0.01422653
0.03627966
0.04699431
0.002857051
-0.002882218
-0.05948839
0.01060148
0.08623645
-0.1052265
-0.061374
0.02111825
-0.09663002
0.05455345
-0.07062221
-0.06270785
-0.03721366
-0.09878346
-0.01200655
0.03092299
-0.02993427
-0.05230132
0.04099153
-0.05034656
-0.009363241
-0.08987076
-0.1016768
-0.06679206
0.0436876
0.09444624
0.1037861
-0.05348866
0.05673323
0.04683396
0.07567159
0.0469543
-0.1029395
-0.01250482
-0.003608299
0.04817308
0.04946605
0.007677059
-0.07356281
0.08602857
-0.07536333
-0.08327646
0.07177966
-0.02296305
0.06017404
-0.1032481
-0.04654586
0.09461448
0.008104956
-0.08093208
-0.03140479
0.04551143
0.02493527
-0.1035149
0.06681058
-0.09248603
0.09139108
-0.09486063
-0.1025687
-0.06863754
0.1059158
-0.07422686
-0.0653851
0.0513565
0.1001437
0.0546755
-0.01207194
0.08649004
0.0651831
-0.02896367
0.06357825
-0.06253537
-0.08035979
0.0577966
0.03460691
-0.04647422
-0.09184753
0.02246194
0.04483463
0.0385711
-0.007878031
0.04496482
0.05259631
0.04805712
0.006631376
0.08056487
0.04678102
0.1070941
-0.03907302
-0.002086987
0.08638778
0.1051554
-0.02526818
-0.0187391
0.02080645
0.08154561
