-0.02880129
0.06433963
-0.105693
-0.05852381
0.04050255
-0.1003115
0.06199658
0.03485353
0.05523045
0.003821963
0.1061604
-0.06972958
-0.01363415
0.0282727
0.03758874
0.09039112
0.08824848
-0.09443548
0.02971141
-0.004093955
-0.04600564
0.04796487
0.001058183
0.03838564
0.0654688
0.03969205
-0.08324806
0.09908168
-0.03560388
-0.03934104
0.03644836
-0.07647321
-0.04806353
0.03451452
0.009142392
-0.04674483
0.1030994
0.01614677
0.04918962
0.08212294
0.0350921
0.004720064
-0.05309473
0.03760276
0.07774768
-0.005947266
0.08931434
-0.09472235
-0.002693318
0.0898649
-0.002204699
-0.003398752
-0.04890183
-0.08853194
0.03592705
-0.08106947
-0.0846961
-0.01236341
0.01149911
0.1001424
0.01548245
-0.09182258
-0.02977568
-0.1040352
-0.007814457
0.0987051
0.1033966
-0.07729821
-0.04919348
0.1019478
0.05887141
0.02291808
0.07412814
0.03866679
0.09169222
0.1027815
-0.09567924
-0.102542
0.04541602
0.03030388
-0.006941727
0.01237683
-0.08782705
0.06926139
-0.02712077
0.08925055
0.07348076
0.02011427
-0.08748302
-0.05665515
-0.1032091
-0.07490401
0.082369
-0.08249741
0.07792895
0.0791307
0.0856191
-0.1057225
0.06410727
-0.06881747
-0.1012588
-0.07293095
0.01043035
0.05810954
0.06051613
-0.03267724
0.04508818
-0.03667106
0.02512782
-0.008899605
-0.06081241
-0.01470986
0.03017388
0.07169251
0.04519049
-0.06933133
0.0172998
0.06016618
0.05608493
-0.05399178
-0.03382534
0.04995476
-0.04605437
-0.01214739
0.07357578
0.1047146
0.0248015
-0.07002897
-0.09437605
0.04020452
-0.05847086
0.0356178
0.07452683
0.05088896
0.08649477
-0.05537446
0.08305703
-0.09837393
-0.001538101
0.01741432
0.09720033
0.0285038
-0.005947195
-0.08192912
-0.04769403
0.0582864
0.05429937
-0.1043378
0.07544295
0.08711059
0.03811356
-0.0994634
-0.0009918027
0.0403959
-0.1002705
-0.05400249
-0.03974084
-0.07213784
-0.008741216
0.09046508
-0.09764104
-0.04721387
0.06822862
0.08511139
0.06284655
-0.1033516
-0.09109973
0.09112097
0.003061365
-0.09905885
0.06292267
0.04938798
-0.08759852
0.06267548
0.0448513
-0.02385587
0.08793095
-0.08068213
-0.008586261
0.005906916
0.02469253
-0.09704209
-0.1035912
-0.08411697
0.01197276
0.02274835
0.0614972
0.09845759
-0.0661827
-0.007214649
0.08901033
-0.01819551
-0.04373154
-0.05253319
0.07185936
0.0421182
-0.1069155
0.02969431
0.06820223
0.03492669
-0.03573766
0.09941085
0.00765275
0.01442794
-0.08316816
0.001930335
0.0681937
0.02863753
-0.0800874
0.007197269
0.09766228
-0.09136698
-0.01369805
0.06098143
-0.0728241
0.04175055
-0.0141421
0.06926113
0.01178043
0.06238543
-0.05025154
0.00633986
0.03230549
-0.06907892
-0.06536418
-0.07455468
0.1051913
-0.0540043
-0.02757756
-0.004477476
-0.04234473
0.04577499
-0.006305222
0.02743177
-0.06315941
-0.02346749
-0.07121468
0.01743602
-0.04833197
-0.08832496
-0.05182377
0.07300564
0.05476764
-0.02933051
0.02157347
-0.03404941
-0.01375254
-0.05234674
-0.01470658
-0.100549
-0.09120795
-0.03475871
-0.06312491
0.05265564
-0.0003867759
-0.09341951
