0.09498622
-0.08721121
-0.05750569
0.01656198
-0.05365997
0.0307428
0.09147574
0.01239034
0.08701596
-0.01935397
0.06926139
-0.05161224
-0.08595303
-0.02261108
0.07658395
-0.08060583
0.05624486
0.02612029
-0.0804073
0.05337949
-0.07279127
-0.0795329
0.01485678
-0.02651824
0.05771453
0.04945851
-0.002207126
-0.07559456
0.09086253
0.03217319
0.09826109
0.02630936
-0.06164322
0.008692266
0.04275277
0.04868271
0.01863536
-0.005882223
-0.09002194
0.06532391
0.09354106
0.1048683
-0.004318755
0.09604397
0.0747507
0.04070305
-0.03104294
-0.03825738
0.06483432
-0.073071
0.05784342
0.07725792
0.05878911
-0.08146247
0.09489714
0.1064582
0.02900557
0.03521162
0.02784071
0.02637149
-0.1023753
-0.06188779
-0.06834614
0.07902357
-0.08425535
0.02212944
-0.1032864
0.04908141
-0.08967867
-0.006615424
-0.01614833
-0.03673804
-0.1012614
-0.08027484
0.04227005
-0.1063986
0.01953175
-0.008780503
-0.03432402
0.1057232
-0.06880012
-0.07838632
-0.05195625
0.04176157
-0.03400479
-0.05867724
-0.02296053
-0.01103045
-0.05847922
-0.03021239
-0.02645027
-0.02813716
0.02072234
-0.0617706
-0.09585256
0.004586393
0.07765573
-0.03307142
-0.07862005
-0.03581763
-0.0340631
-0.02111456
0.004847659
0.06944883
0.04851676
-0.09542757
0.1076979
0.05073603
0.0631937
0.02207983
0.1063912
0.01262334
-0.06098906
0.07417529
-0.09913874
0.08046336
-0.10787
-0.03564441
-0.05301577
-0.05734975
0.100583
-0.03340578
-0.09658324
0.02954568
0.08337413
-0.04806032
0.07354093
0.08909927
-0.07070153
-0.1001041
0.05583096
0.04275225
0.1008332
0.009178914
-0.08563934
-0.06025245
-0.06133449
-0.04993838
-0.00439276
0.05657641
0.09269127
-0.09996362
-0.08844807
0.07054703
-0.07344872
-0.0002363488
-0.02491473
-0.07358868
0.09103662
-0.05942716
-0.1026891
-0.09420422
-0.0786209
-0.0229837
-0.08444975
0.08366726
0.02661184
-0.05946619
0.007813997
0.01198285
0.0924266
0.0711477
-0.08147854
-0.03501259
0.06110089
0.0207369
-0.05159652
-0.01329857
-0.01388074
0.07937361
0.1043971
-0.04570091
-0.0621235
-0.03298139
0.05364548
0.08651707
0.06523326
0.01624389
-0.03545201
-0.1067753
-0.0123154
0.06344169
-0.09387086
0.04997915
0.09916181
-0.01153992
0.06414421
-0.03812081
0.1007458
-0.006581647
-0.03765123
0.08890525
-0.03268871
0.04043793
0.09334736
-0.04751314
-0.03402334
-0.02683273
-0.08346429
0.1059989
0.05016002
0.07792085
0.01764578
-0.0369494
-0.004260731
0.08552902
0.02510597
0.01047821
0.09045226
0.04835891
0.01974737
0.03305048
0.07323855
-0.0527869
-0.07553886
0.08265328
0.00177643
0.08133242
-0.09532815
0.06763864
-0.02409901
0.009544946
-0.009477616
0.07314691
-0.006803238
-0.02031559
-0.08016565
0.03279358
-0.09775528
-0.05531264
0.08699728
0.08402775
-0.06619353
-0.04506785
0.03955913
-0.05944604
0.08374934
0.09813398
-0.01597705
0.05213116
0.0690932
-0.09943894
-0.06446081
-0.0197698
-0.07459815
0.05000298
-0.009812149
0.02155543
0.09958304
-0.04323627
0.002437126
-0.003739625
0.1010375
-0.0672851
0.08551598
-0.01685053
