-0.03368491
0.1127765
0.03401177
-0.0405612
0.04418471
0.03563615
-0.04940943
-0.1018099
0.1354542
0.00303214
0.1381139
-0.009161339
0.1317785
0.08880103
-0.001742441
-0.148042
-0.07908055
-0.0189095
0.1181036
0.1257872
0.03764191
-0.009371919
0.09867395
-0.04181195
0.05076177
-0.0461811
-0.1145277
-0.01021952
-0.1400067
0.01422244
0.1408827
-0.09601243
-0.1394117
-0.01654699
-0.0317371
0.1431253
0.05155179
0.07006656
-0.1188243
-0.001532208
0.1295036
0.0523999
-0.02332908
-0.05514988
0.1497024
0.07744338
-0.05310147
-0.03707936
0.0208272
0.07073096
-0.02741164
0.03459666
0.1436832
0.1084175
-0.03503985
-0.06906234
0.1018129
-0.002360589
-0.008905496
-0.1079924
-0.1216748
-0.0599804
0.1471673
-0.1285549
-0.07229044
-0.04175358
0.0436346
-0.1228747
-0.1446898
-0.05732648
0.1382638
0.123376
0.06952573
0.04740105
0.03537682
-0.08717808
0.06323707
-0.0951307
0.1198761
-0.1345146
-0.0538706
0.107607
-0.1151985
0.07611575
-0.008320182
-0.06010692
0.03114766
-0.08755016
0.05960156
-0.06209258
-0.09382258
-0.05383005
0.1319192
0.0510244
0.07652812
0.1439227
-0.02194477
-0.06007988
0.1079499
-0.03133431
0.071344
0.04294936
0.1111808
-0.03327105
0.150276
-0.05637381
-0.1399164
-0.04693127
0.1004957
0.09799272
-0.05244811
0.126836
0.039344
-0.1303397
0.05439994
-0.04280313
-0.1054777
-0.1370976
0.09557459
0.1179381
-0.1485427
-0.07617303
-0.1359399
-0.04511322
-0.03842067
0.06093155
-0.01781909
0.1153906
-0.09027725
-0.1199205
-0.08058407
0.03363307
0.02916544
0.01066072
0.04627347
0.07874373
-0.05909404
-0.0626502
0.00563239
0.06705514
0.1252314
-0.05363428
-0.08370239
-0.1168555
-0.05352558
-0.1398342
-0.05181905
-0.1191251
0.02588074
0.1175265
0.1213257
0.01078134
0.07767478
-0.02535043
-0.1448592
-0.09127031
-0.08322617
0.01770671
-0.1287224
-0.02440419
0.02363458
0.1038108
0.05307357
0.09471641
-0.1291135
0.02162903
-0.1199654
0.06559668
-0.05551948
0.05740705
0.1146271
-0.1512276
-0.0214798
-0.04902927
0.08697418
0.08253117
0.04823318
-0.03329187
-0.07977077
-0.114874
-0.08845276
0.0372063
0.028117
0.1420215
0.004517535
0.1342772
-0.0819004
0.01799596
-0.126633
0.09878428
-0.09879965
0.01933766
0.09543129
0.1366865
0.04553345
-0.09173786
-0.1270944
-0.04060331
0.1474456
-0.06690426
-0.08294871
-0.1108295
0.1222785
-0.02104016
0.01859944
-0.1478226
-0.006865221
0.1016852
-0.1345912
-0.05465303
-0.03475924
0.0690349
0.1422357
0.1431438
0.03850617
0.1070268
-0.06429841
-0.03731732
-0.08208798
0.1472898
-0.1499881
0.05888594
-0.03676315
0.0651111
-0.1133324
-0.1285936
0.02076796
0.1203178
0.03377312
0.09318615
-0.1418502
0.03608278
-0.04219788
-0.1094446
-0.1131253
-0.1412411
-0.0298728
0.1440515
0.1187516
0.03043114
-0.03127876
-0.1464962
0.08286782
0.05926595
-0.1399839
0.07128298
0.09477492
-0.1324849
-0.004076647
0.1502428
-0.03357745
0.06140557
-0.08682186
-0.0001679132
-0.1352695
-0.141401
