0.03289643
0.09557895
0.03487285
0.03530793
0.04405579
0.02663464
-0.07485615
0.0512944
0.04547662
0.05678322
0.04078573
-0.003242293
-0.01197044
0.05375816
0.0644542
0.1050597
-0.01831347
0.003253842
0.03550667
0.07736551
-0.1000811
-0.08367969
0.04267228
0.05476035
-0.06280692
-0.01689124
-0.02039871
-0.06898206
-0.01525258
0.02542589
0.09540085
0.03725925
-0.0727663
-0.05939234
0.03588116
0.08126733
0.08051968
0.08943997
0.03489946
-0.07185599
0.0122369
0.06819241
0.09562586
-0.1030806
0.0629264
0.03127626
-0.02323554
-0.09966463
-0.01703268
-0.03116061
0.1052898
-0.04402679
-0.0390026
0.01050041
-0.04030199
0.04821562
-0.04532434
-0.08963333
0.06870681
0.04987867
-0.04257158
0.09446984
0.02381874
0.03511968
0.06867978
-0.08549009
-0.07733429
-0.08981273
0.04475205
0.07479768
-0.04200935
-0.04065882
-0.05790319
-0.007797417
-0.02572111
-0.06516418
0.04710316
0.06367551
0.006387813
-0.1032481
-0.05448624
0.06567657
0.059217
0.08552902
-0.04066423
-0.09594125
-0.02610298
0.03553032
-0.05630005
0.0949937
-0.01401704
0.01536744
-0.006401063
0.08115589
0.07655028
-0.04772007
-0.01290486
-0.03238852
-0.08939795
0.08573932
0.009787482
0.1021361
0.04927603
-0.08724403
0.05594607
0.08670905
0.009055034
-0.07596909
0.07487729
0.08843401
0.02831173
-0.03095203
-0.09479716
-0.00673318
-0.01247897
-0.0856597
-0.04332296
0.005075453
-0.05669908
-0.09393708
0.09998675
0.04158552
0.03628899
-0.1042712
0.0197936
-0.02215013
0.08151134
-0.005841687
-0.02975984
0.05176191
0.1059538
-0.001760866
-0.08196942
0.001827505
-0.07082392
-0.08902106
0.08708783
-0.04995327
-0.04748739
0.006828741
-0.09072252
0.01520268
-0.02355922
-0.03857664
-0.04260157
-0.03088862
-0.03805874
0.09739719
-0.0956651
-0.01322463
-0.08663048
0.02734078
-0.07710449
-0.06096517
0.08711725
0.07701236
-0.07145509
0.04972962
0.09278887
-0.04704211
0.05704191
0.03107166
0.08523773
0.07377029
0.06853935
-0.01622142
-0.01372001
0.07612024
-0.05521569
-0.03746018
-0.1043875
-0.02096538
-0.0537633
0.1047338
0.0818328
-0.0626115
-0.08020737
0.08384154
0.00279358
0.03432125
0.01758681
0.08441254
0.0744627
-0.05448744
-0.02930833
0.00171953
0.0838232
-0.09749954
-0.04158183
0.002778104
0.03460542
0.04508041
0.02922027
-0.003074144
-0.07150409
-0.07777445
0.09589922
-0.08347967
0.07415216
0.007850447
-0.0002768638
0.008060696
0.10513
-0.03669067
-0.03909928
-0.05430206
0.09418106
-0.102175
0.02342397
0.08790983
0.08934454
0.09310742
-0.04536648
-0.001634442
-0.001923759
-0.03897741
0.0449818
-0.0924673
-0.101776
-0.02428459
-0.02613167
-0.08169016
0.01256803
0.04696314
-0.02155067
0.1069272
0.07840285
0.05190855
-0.05500189
0.005458966
0.0469877
0.06864245
-0.05367884
-0.05913451
-0.01492952
0.03028562
0.08134948
-0.07622715
0.1010673
-0.03320765
0.02518846
-0.003046431
-0.02765292
0.03497194
-0.0433099
0.01451667
0.03681222
0.04094893
-0.06216931
-0.009260427
0.0196566
-0.1028074
-0.07950043
0.009718267
0.03486598
0.1049496
