-0.002640222
-0.01265137
-0.03508568
-0.09639256
0.04164337
-0.1044163
-0.01701341
0.08257029
-0.1079326
0.0001521556
0.05516518
0.03799846
-0.06904349
0.1073921
0.08475385
0.0424327
-0.08616799
0.08047038
0.08841134
0.08791924
0.01453563
-0.01986701
-0.08646441
0.009499706
-0.01295016
0.02826388
-0.06181389
0.03026966
0.101416
0.04269791
0.08317416
0.09241266
0.09640154
0.003871642
-0.0696765
0.06970938
-0.09766406
-0.08028995
0.0935145
-0.04743501
0.09614956
0.03991034
0.037704
-0.02669543
0.07969601
0.01267443
-0.04257091
0.07561251
0.06160841
0.1018939
0.1035438
0.02235811
-0.1050213
-0.05262551
-0.04112527
-0.0590437
0.04818668
0.03228939
0.09300768
0.009525398
-0.01259044
0.03036062
-0.06058307
-0.09753558
-0.06268845
0.07884944
-0.08425517
0.1006694
-0.02085764
-0.06876909
0.01360479
-0.01897388
0.0624422
-0.09157499
-0.1023553
0.07401311
-0.08212531
0.09800117
0.02428556
-0.0512008
0.04253924
0.005719894
0.02792481
0.02612029
0.04765656
-0.09847106
0.06621493
-0.02285291
-0.0725267
0.08601632
0.08494414
0.07470975
0.02100402
-0.01780937
0.01234924
0.009502393
0.04730255
-0.02754167
-0.05625012
0.03654751
-0.1003119
-0.02477169
0.06128431
-0.03388748
0.01429329
-0.03934751
0.1067553
-0.1023374
-0.04924683
0.0005060061
-0.02821653
-0.06020221
-0.02459887
0.06587559
0.06162336
0.033648
-0.03086825
-0.03485399
-0.09684333
0.07856189
-0.09226403
0.03996815
0.01593201
-0.01494925
-0.002989688
0.03865221
-0.06425656
-0.02851872
0.05626855
-0.08551972
0.03012297
0.05533011
0.03165417
0.03646337
0.01998063
0.05203033
-0.007776813
-0.0771674
-0.03924893
0.07531147
0.03416856
-0.02404132
0.09028598
0.005976186
-0.0738492
0.04178886
0.06135921
0.07500865
-0.009246453
-0.08899279
-0.07888969
0.01544078
0.02674676
0.04268513
-0.01824474
-0.0782164
-0.04111548
0.04597631
-0.06225616
0.05062022
-0.02395814
-0.1036843
0.03265567
0.02908937
0.04729125
0.06530202
0.03915892
-0.04828368
0.03344122
0.05732662
-0.0450387
0.06895533
-0.09142578
0.08852518
0.1077496
-0.01758063
-0.05068192
-0.05196911
-0.03461625
0.06247954
0.02955653
0.05352781
0.08729278
0.1082468
0.1033191
-0.005199881
-0.004820566
-0.09339887
-0.04227663
0.09160296
0.04030753
-0.04624963
-0.01430999
-0.02870694
5.653683e-05
-0.07412927
-0.01135019
0.08979427
-0.08903384
-0.0276862
-0.09688491
0.06979399
0.06604546
0.07427241
0.0350808
0.09981777
0.02118281
0.08192331
-0.09690123
-0.1032322
-0.06382065
0.01682847
0.05872941
0.0805601
-0.0907468
0.07578617
0.09318994
0.008146027
-0.09685308
0.08374499
-0.07364488
0.06403215
-0.04172138
0.03301372
0.08103581
-0.07677697
0.079967
0.0784368
0.05359071
0.03626604
0.09346338
-0.0231584
-0.01210891
-0.06118681
0.06427785
0.08011448
0.04898045
-0.0803109
-0.08777723
-0.08797335
-0.06600162
-0.01245576
-0.0392878
0.03122468
0.05223822
-0.03620058
0.06866802
-0.05348666
0.02461165
0.07719406
-0.0694847
0.0009804266
0.04579411
-0.05827918
0.06665929
0.01708191
