0.08694416
-0.01896589
0.088934
0.09766272
-0.07632945
-0.008576593
0.07031415
0.01085038
-0.01590766
0.03070324
0.06098143
-0.02808752
-0.07532831
-0.06852362
0.06641097
0.08366657
-0.08167238
0.0805601
0.07235263
-0.05907717
-0.005426802
-0.03289076
-0.09945543
-0.03899541
-0.01141879
-0.0779617
0.02887002
-0.03730472
-0.00761648
0.00212576
-0.09916579
-0.04479508
-0.09326655
-0.06586782
-0.1010799
0.02556964
0.07322305
0.01253184
-0.01241506
-0.07211856
0.003607465
0.07268157
-0.1073054
0.06458606
0.09366775
-0.06923018
-0.1025865
0.04055474
0.03606146
0.07985694
-0.1054292
0.07145708
-0.007916054
-0.1031783
0.008367321
-0.01869477
0.04088946
-0.05775093
0.01320251
-0.06042509
0.01915043
0.04013738
-0.08427811
-0.02953363
-0.0500665
-0.080788
0.02078926
0.08775697
-0.06569747
0.02363819
0.05622654
-0.02429894
0.009086073
0.09916461
-0.02670909
-0.04897585
0.09742589
0.0998161
0.02545017
0.007252425
-0.01195464
-0.05080908
-0.04566852
0.07551578
0.008156743
-0.06742544
0.03623004
-0.05153379
0.09965332
0.1004835
-0.1058728
0.04345765
0.05830484
0.01359
-0.05573475
0.00866021
-0.009482853
-0.06956498
0.04109948
-0.1013879
-0.0965672
0.00358591
-0.09712539
0.04811622
0.02522102
-0.003510989
0.09779477
0.007284347
0.02964275
0.09921678
0.01082655
-0.06532961
0.0090297
0.01136803
-0.09024985
0.03110921
-0.01375359
0.05849177
0.09291195
0.04371401
0.04439476
-0.02404835
-0.09002572
0.09690746
0.008608934
-0.01871917
0.08621151
-0.08158647
0.04769411
-0.003908034
-0.08759304
-0.06584991
-0.06109944
0.05724236
0.05696956
-0.0509497
-0.09678206
0.04952402
-0.0824917
-0.0790371
0.03021594
0.08752628
0.09975754
-0.0186612
-0.03901862
0.008776965
0.00163144
0.07552426
-0.002339567
0.09512996
0.04572449
-0.1061243
0.05204695
0.033948
0.01118708
0.05094133
0.004173227
0.09564376
0.04367281
0.09265877
-0.03991731
0.02860751
0.1042358
0.1073551
0.07013958
0.03519947
0.0009171547
0.04416372
-0.1021794
-0.07061543
-0.06728749
-0.07638115
-0.07172393
-0.1062776
-0.1005371
-0.05221359
0.003929989
-0.007564095
0.1072128
-0.09040295
-0.04007372
0.0591778
0.02522456
0.01383627
0.06009136
-0.01394814
-0.03847021
-0.03033753
0.04826956
-0.007371378
-0.001559009
-0.08284722
-0.03624516
0.07594649
0.01055735
0.03166705
0.008846767
-0.1044772
0.05833217
0.009419476
-0.08029454
-0.0005892833
-0.07580095
0.06490107
0.06541993
-0.001634442
0.01209071
-0.04209999
-0.01430103
-0.07544404
0.08727363
-0.05621753
-0.02341399
-0.07138059
-0.05232506
0.05923348
-0.009682553
-0.08816486
0.02376562
-0.00296028
-0.09151861
0.1024329
-0.005180595
-0.07843225
-0.01982483
-0.05425375
-0.03409806
0.01882876
0.07474171
-0.02595708
0.09318442
-0.0525387
-0.03053793
0.0460538
0.03649278
-0.04198842
-0.08536027
0.1058329
-0.06670213
0.09782772
0.08721188
0.008270249
0.06252507
-0.03212991
-0.03207924
-0.06698636
0.01588898
0.07917412
0.03896166
-0.04599554
0.08703022
0.04506038
-0.03907195
0.02553867
0.006270891
-0.101752
