0.01165285
0.002644974
0.006305999
-0.1080264
-0.03951583
-0.02624836
0.08280359
0.1003215
-0.05288048
0.0879287
-0.0276456
-0.02173857
0.08611616
0.09474982
0.08974996
-0.06874972
-0.07667436
0.07777281
-0.0139969
0.1026618
0.07381499
-0.02289941
-0.05342875
-0.01129719
-0.020295
0.08552592
-0.05323713
-0.05407555
0.04318156
-0.004140301
-0.08549188
-0.0038833
0.07656519
-0.00880081
0.1009213
-0.05379103
0.1007393
0.002768576
0.08593703
0.05968323
0.07068821
-0.0163518
0.03548962
0.06742027
0.0670685
-0.1055543
-0.08641589
0.07864822
-0.09713695
-0.1062625
-0.06892298
-0.09277941
0.04517507
-0.06782164
0.06557183
0.002671161
0.05341151
0.01075755
-0.1063572
-0.04341796
-0.0813409
0.02653573
0.02256804
0.03966093
-0.09478556
0.09207131
0.03088843
0.06336863
0.0117367
-0.02606356
0.07555667
0.1014736
-0.09137259
0.03673066
-0.01469844
0.02620549
0.01868056
-0.07706314
0.05006159
-0.02621765
-0.03785194
-0.1043471
0.02145728
-0.03581763
-0.0550749
0.0774215
0.05009002
-0.02591396
-0.008110801
-0.08065349
0.02391344
0.02542333
0.007577123
0.09631908
-0.0007650328
0.05201826
0.05301966
0.1080245
-0.002921643
-0.02152047
-0.08383736
-0.09660058
-0.03087498
0.02818532
0.009405947
-0.09168084
0.09666737
-0.1062481
0.02951397
0.09412538
0.002419012
0.05860231
0.01045805
-0.05750845
-0.02868875
-0.02129143
0.05836214
-0.06327374
-0.052253
0.08904506
0.03617333
0.05791175
-0.07717877
0.004211608
-0.05825731
-0.0276006
0.09421877
0.02123974
-0.07369233
-0.01058331
-0.03914207
-0.03264775
0.05884663
0.04043469
-0.06025079
0.1027828
-0.06435465
-0.01365529
-0.008093867
-0.09354885
0.1009728
0.07148197
-0.05036033
0.0891331
0.03613477
-0.07246797
0.06161712
-0.07008551
-0.02264145
-0.01830187
-0.06184425
0.009449138
-0.0306862
-0.09376428
-0.09954897
-0.05308624
0.04841162
0.07476005
0.0595714
0.06706434
0.09682876
-0.05611557
-0.0904837
-0.0605748
0.1032551
0.08908213
0.02849664
0.1065864
0.01895333
-0.02301192
-0.03611787
0.03845118
0.03813872
-0.02790735
-0.01006296
0.04177524
-0.03302069
-0.07690658
-0.02947675
0.06236025
0.09665652
-0.09062109
0.08654762
0.06541028
0.05211188
-0.04685384
0.04149262
-0.08729193
0.1042223
0.08651201
0.07483941
0.03230228
0.03978346
-0.008286692
0.07170419
0.02599717
0.08282191
-0.09463763
0.03405538
0.100766
-0.08998233
-0.07309385
0.03273325
-0.05610347
0.05494089
-0.04703698
-0.01956401
-0.004876653
-0.1044801
0.04147663
0.01529698
0.09320404
-0.041763
-0.1013879
0.01033821
0.004514702
0.06209707
0.0359409
0.1052873
0.04148603
0.010836
0.02796257
0.1018345
-0.08115113
-0.03910444
-0.0297239
0.04700487
0.06453414
-0.05499768
-0.05316532
0.1024137
0.1019116
-0.08332974
0.102535
0.06860788
0.02355858
-0.0471568
0.0500881
-0.1013518
0.05359476
0.09560983
0.005316715
0.03565957
0.01496957
0.07997484
-0.04402475
-0.1059381
-0.01584617
-0.05760675
-0.01138988
0.007237196
0.0195659
0.04367242
-0.104196
-0.0859056
0.03054662
