-0.01083452
-0.05497757
0.07788607
-0.08049895
0.1080468
0.004177995
0.04003917
0.01627151
-0.04077733
-0.01437388
-0.1022374
0.06215111
-0.04812448
-0.02707701
-0.04882475
0.07356576
-0.09699101
0.01599849
-0.0127478
-0.006431202
-0.07942765
-0.05743534
-0.07504804
-0.02100638
0.0754017
-0.09384444
-0.008303194
-0.1015647
-0.08841327
-0.08333801
-0.03719645
-0.05784643
0.07125629
0.06605373
0.1057868
0.02312767
0.06508115
0.05017689
0.058623
0.005854663
-0.01872531
0.03425703
-0.05799374
0.07440254
-0.06722239
0.06427202
0.009222287
0.09577493
0.0268751
0.06533654
0.1029277
-0.0814044
0.09369349
-0.0790691
-0.1065675
-0.06274221
0.08420113
0.04304509
0.05447996
-0.06157838
0.0689543
0.08503262
-0.1071917
-0.08236179
-0.03044987
0.08480126
0.04099834
-0.06666227
-0.0477949
0.07916617
-0.03907926
0.0557542
-0.06487671
0.08728971
-0.03482054
0.0254755
0.09743638
-0.0165031
-0.08964567
-0.05348866
0.05487177
0.06530339
-0.002114849
-0.03812081
-0.0002216776
-0.02054731
0.0108815
-0.06448991
0.02271963
-0.09973477
0.01395403
0.09619283
-0.01244485
0.05699855
-0.015573
0.01783672
-0.08974744
-0.0720272
0.01121948
-0.08380978
0.05524833
0.08591115
-0.06972377
-0.01018648
0.01073428
-0.07711031
0.08853494
0.07751673
-0.04607969
-0.05186276
-0.03725496
0.05281495
-0.07604768
0.0456807
-0.09165026
0.07664809
0.01944469
0.04649821
-0.08235113
0.03254595
0.06872427
-0.09320998
0.01777578
-0.05562759
-0.02647126
0.08751368
0.00698296
0.09466661
0.05706145
0.03668521
0.09225542
-0.03962267
0.08118548
-0.04944495
-0.01043742
0.010522
-0.09222891
-0.04274445
-0.07842188
-0.07609358
0.1080183
0.02308826
-0.09544764
0.09784334
0.006510773
0.09099469
0.08194286
-0.008614152
-0.02119811
-0.002354208
-0.103176
-0.1078276
-0.01566719
0.03280037
-0.08177064
0.08523889
0.03453483
-0.01269195
0.01359471
0.001420336
-0.09852272
0.102448
0.04543428
-0.02801718
-0.002153478
0.09064724
0.004267049
0.02841366
-0.02728019
0.04214419
-0.07321417
-0.05955613
-0.08653542
-0.02769679
0.01877903
0.04526672
0.04113708
0.09834421
-0.09520238
-0.008531796
-0.09731573
-0.06249246
0.03943435
-0.09600411
-0.04828342
-0.02233846
0.07015975
0.01020824
-0.04429501
0.02677855
-0.1082148
-0.1041773
-0.02729942
0.07292918
0.01190822
-0.1060048
0.05948134
0.0814253
0.05550347
-0.04963429
0.0961701
-0.1009684
-0.0697099
-0.0438937
-0.05925526
-0.06934699
-0.01834584
-0.08384481
0.05370275
-0.03585387
0.06123752
-0.0796532
0.001141142
-0.03033753
0.06238518
0.037917
0.05223145
0.06664786
0.08600906
-0.02714356
0.06977018
0.05900466
0.01764156
-0.00485009
0.04064049
0.09782071
0.08926634
0.06656393
0.0461171
-0.04454985
0.06309702
-0.0583758
0.08724537
-0.03471358
-0.07760009
0.05106545
-0.09198925
0.01517078
0.02244707
-0.07540525
0.01688751
0.1058658
-0.08326884
-0.09777964
-0.1046962
-0.04099453
0.0229872
0.09820383
-0.05607629
0.01599192
-0.001476701
-0.002569193
-0.07439879
-0.06387524
-0.006547221
-0.02086805
