-0.01663055
0.04105905
0.040621
-0.06868335
-0.1056049
-0.1021173
-0.08628159
0.07427437
-0.08583838
-0.038822
0.04977735
-0.02903605
0.002205621
-0.05221302
0.01668846
-0.007024682
0.05002973
-0.08553582
0.1038621
-0.01831992
0.06383517
-0.014969
0.0672559
-0.003311187
0.008439267
-0.1058829
0.02278733
-0.05852684
0.04115221
0.003680738
-0.06574263
0.07339733
-0.08715086
-0.04959899
-0.01180048
0.01598906
-0.08501284
-0.08433957
-0.1047943
-0.01614855
-0.04319644
-0.04936709
0.03371761
0.05761266
0.0888854
-0.004544124
0.08097508
-0.09026725
0.03770086
0.05193505
-0.02490158
0.03440833
-0.1040427
0.02128033
-0.03584664
-0.0835599
0.03636632
0.009321681
-0.06984695
-0.02253229
-0.0016965
-0.01344857
0.02930777
-0.07518575
0.09294802
0.08014318
-0.05075144
0.001959719
-0.002068622
-0.09926075
-0.02064219
-0.0263127
-0.07212094
0.07566934
0.03307663
0.004063448
0.04784613
-0.09066343
0.09259672
-0.1008875
-0.05921412
-3.357398e-05
-0.077448
-0.05365997
0.08836724
0.008162766
0.07761768
0.005034351
0.07568181
-0.05663708
-0.08317697
0.03186258
-0.08496454
-0.04643138
-0.08694591
-0.0462695
0.08928605
0.002994886
-0.05091542
-0.03410839
-0.001858614
0.06318792
-0.05265441
0.02569091
0.1073913
-0.1053244
-0.008928135
0.004523222
0.08169123
-0.07550398
-0.06816047
0.09306646
0.0615224
-0.07369336
0.09455532
-0.09409571
-0.02586888
0.04157733
-0.1022182
0.08386464
0.09018875
-0.01331653
-0.05884754
0.02363112
0.09209275
0.02936004
-0.09638493
0.1065599
-0.04425039
-0.05627194
-0.02471012
-0.05172064
-0.05960494
-0.02854777
-0.07051471
0.05804999
0.01811975
-0.04007006
0.08753642
0.0861823
-0.01411906
-0.09296037
0.03138769
0.07324908
0.08741061
0.02600705
-0.0162388
-0.1069765
0.1017768
0.006650511
-0.03447877
0.01989301
0.08471641
-0.01007491
0.0420498
0.08982344
-0.08412901
-0.05987834
-0.002557811
0.06457949
-0.01275742
-0.07153859
0.08294383
-0.1020295
-0.03056997
0.07885786
0.05092468
0.03377553
-0.0008413183
-0.08693953
-0.05133162
-0.007769208
0.002570825
0.02088908
-0.006361561
-0.01868947
0.002854643
-0.07430512
-0.05578041
-0.06589117
0.04329795
0.01029059
-0.08630139
-0.03301243
0.08309943
-0.08321714
0.08004504
0.04654643
-0.071947
0.08288316
-0.0915266
0.04396688
0.0366997
0.04072229
0.1057763
-0.09519055
0.02633111
-0.002865514
-0.04227812
-0.07664223
0.09861986
0.09969854
0.08093768
0.05414523
-0.02600454
0.02551743
0.04555319
-0.09563333
0.01408328
0.009753524
0.1026088
-0.08264358
0.02913164
-0.07632945
-0.06184447
-0.1007842
0.05934467
-0.05246666
0.06185574
0.0237523
-0.1018488
0.08870853
-0.02727697
-0.01862671
0.09192286
-0.00943927
0.1012648
-0.0654946
0.06178734
0.07323788
0.05883173
-0.02457548
0.09706273
0.00874082
0.01018325
-0.04398849
0.05393464
-0.08265364
-0.0724573
0.1064023
-0.09367371
0.05594453
-0.01458375
-0.07761635
-0.09741295
0.1008557
-0.05881227
-0.02444507
-0.07621058
0.01758672
-0.01454967
-0.08594441
-0.1071411
-0.02287009
0.08248847
-0.0448262
