-0.0724661
0.0171963
0.1066101
0.1045889
0.0420498
-0.08297486
0.05217797
-0.1011738
-0.04340853
0.08439054
-0.1002705
-0.03043735
-0.06971945
0.06166457
0.1036093
0.01648735
0.05887995
-0.01824474
0.01186734
0.002969744
-0.06132113
0.0661922
-0.09184784
-0.07508466
-0.1016304
-0.03961102
0.08420795
0.003714852
-0.06673075
0.02292474
0.07272355
-0.09881869
0.06700135
0.09070921
-0.01791945
0.08870719
0.01419453
0.05956641
0.04972089
-0.006620685
-0.06263654
-0.007218893
0.07943153
0.1001139
0.03942805
0.09053598
-0.03560743
-0.08420939
0.01922774
-0.1072695
-0.06374534
-0.04171452
-0.02023225
0.001906928
-0.1056653
-0.008664566
-0.102235
0.001861288
0.03286737
-0.04003667
-0.05112468
-0.07979395
0.09022141
-0.06802026
-0.06830078
0.01657903
-0.07405087
0.0103238
0.004741581
0.03922543
0.1000583
0.003396798
0.06286774
0.04457143
-0.09180754
0.04829207
-0.07287943
0.01706911
-0.06630333
0.1072169
-0.04311256
-0.06132411
-0.005896873
0.1064754
0.0812653
0.06342515
0.09640409
-0.06064983
0.01664483
0.03484042
-0.01510545
-0.0415845
-0.01572512
-0.1025315
0.08823206
0.08937078
-0.0626457
-0.1000407
-0.02263698
-0.09954897
-0.05129181
-0.04933978
0.0884305
0.1043498
0.04354011
-0.04209236
0.08772469
0.0111265
0.04077148
-0.03913821
-0.01861767
-0.03284358
0.04286082
0.05096898
0.03831371
-0.0356645
0.08990681
0.05541652
-0.004224567
0.01193343
-0.06480421
0.05190501
-0.06772345
0.06729743
-0.0756287
-0.07229247
-0.01924525
0.0622979
0.08644861
0.09131213
0.0136577
-0.02487014
0.01994937
-0.04417177
-0.003515207
-0.01990308
0.04745322
0.0356048
-0.04707227
-0.06924866
-0.0007705502
-0.1025303
0.04878419
0.07174102
0.08355124
0.005366671
0.07542351
0.09043121
0.04422623
0.09761923
-0.06133638
0.0212108
-0.07202251
0.06226187
0.05155305
0.05642475
0.05408176
0.04133869
-0.05313372
-0.07380334
-0.09800359
-0.08848435
0.07752025
-0.02784335
0.03561882
0.01733367
0.07734587
-0.01552048
-0.03947567
-0.06049592
0.05208784
0.05390688
-0.05586225
0.0822598
0.09829354
0.003806525
0.002142331
-0.07068581
0.03448194
0.04891047
-0.07931904
-0.07484169
0.04539675
-0.09759493
-0.07777347
-0.05674404
0.02937675
-0.08177064
-0.0879298
0.04494845
0.04134629
0.06068492
-0.0493498
0.07184301
0.03646426
-0.01013273
0.06943174
-0.03654542
0.0206969
0.1008401
-0.0280505
-0.03766266
-0.00685376
-0.02442988
-0.03029064
0.08711725
0.07245626
-0.01511409
0.01934052
0.09380861
-0.0586277
0.08707352
-0.05604588
0.003008163
0.002728126
-0.1009027
-0.06320148
0.04252356
0.02019921
0.005579988
0.09000611
-0.04888381
-0.04413962
0.0306326
-0.04916902
0.0702415
-0.04013891
-0.007323283
0.03318832
-0.09968304
-0.006168992
-0.05419272
0.00913906
-0.05228319
-0.09632628
-0.04347037
-0.08591943
-0.03799154
0.09246394
0.02403069
0.07917017
0.08046343
-0.03215533
0.04099904
-0.009344799
0.01323681
-0.1006347
-0.05669017
0.09833376
-0.0924995
-0.04249243
-0.06892846
-0.0935606
0.09859371
0.05510157
-0.05296521
