0.01016851
0.09719139
0.03806589
-0.04829361
-0.007399911
0.03522632
0.02631611
-0.0873387
0.05219328
0.07674564
0.03834099
0.04514098
-0.08731784
-0.02471102
-0.09651244
0.06269147
-0.06804202
-0.03400148
-0.09086335
0.06899062
-0.07343001
0.06072845
0.1017816
-0.02681048
0.06575841
-0.07594319
0.08247615
-0.0009471566
-0.07452831
0.03906582
0.02505411
0.02312618
0.05868977
-0.04906111
0.1028736
-0.0100965
-0.01522556
-0.0001675365
-0.09575437
-0.01239875
-0.0570858
-0.06520784
0.002571463
0.03013999
-0.07860907
-0.05117968
0.04727856
0.0001836121
-0.07330342
-0.02971282
-0.08211983
0.04748232
-0.04923986
0.0387767
0.03828307
-0.05171308
-0.003706525
-0.003792175
-0.02022404
0.07991414
0.08115687
-0.02928995
0.01835106
0.06613223
0.05352674
-0.06422524
-0.06837258
-0.0549352
0.08078106
-0.01452883
-0.04415332
-0.01426772
0.01895116
0.04653772
-0.06969683
0.08439717
-0.03151101
0.08690419
0.01587876
-0.01051025
-0.004603376
0.05124359
0.01864688
0.04908141
-0.02331131
0.08360542
0.09965149
0.01689095
-0.03794556
-0.09910685
-0.02239574
0.04983532
0.02316014
0.04741263
-0.05391105
-0.09670515
0.05608701
0.06190599
-0.08992948
0.05762352
0.06058959
0.06315484
0.06808671
0.01993138
-0.0001054404
0.01738603
-0.08126406
0.06299916
-0.05032756
0.06070015
0.07937521
0.06664988
-0.03436113
-0.06133387
-0.08523679
0.06569546
0.002643774
-0.01139973
0.01834635
-0.04059491
-0.0640634
0.02982242
-0.003141922
-0.08602704
-0.09453261
0.0480857
-0.05577896
0.04371703
0.01017254
0.05829515
0.04960507
0.01315939
-0.05006728
-0.03326929
0.05716882
0.01307775
-0.08334842
0.0205051
-0.01807535
-0.01549747
-0.08124214
-0.03453298
-0.02958643
0.02248881
0.0376572
-0.06168365
-0.07562494
-0.0815851
-0.05251694
-0.100716
0.07581659
0.04926002
-0.01885133
-0.07663047
0.0103238
0.06656017
-0.02959442
-0.005781617
-0.01109517
0.04596012
0.06671604
-0.06032412
-0.04354772
0.1039899
0.04420215
-0.02151201
-0.02664451
-0.03637394
0.05051098
0.009193096
0.01143922
-0.07841807
0.03991896
-0.04592681
0.0909406
-0.08146757
0.05561471
-0.01219632
0.08404038
0.07562569
0.03238254
0.102451
0.07880156
-0.00577968
0.08805577
-0.03783112
0.02962752
0.09433319
-0.02077025
0.08351434
0.02533777
-0.08871413
0.04754917
-0.08083033
0.07646968
-0.09723619
-0.0299128
0.08081754
0.00330339
0.01884322
0.04346748
0.07858771
-0.06283274
-0.0248403
0.06510156
-0.0008161155
-0.08677823
-0.02263664
0.08611266
-0.07524177
0.05706288
0.1034644
-0.07439695
0.08775697
-0.0314754
0.04142365
-0.09253973
-0.0308929
0.07763787
-0.01089413
-0.08553158
0.003503447
-0.01704095
0.06100475
0.08991626
0.03841516
0.01984522
0.0003810313
0.07824538
-0.02866845
0.01910724
-0.09546579
0.0515099
-0.02265002
-0.06132309
-0.07305153
0.02082571
-0.07845407
-0.1061195
0.07037281
-0.06777851
-0.09106304
-0.08855845
0.05510333
0.09196538
-0.08475208
0.02787336
0.07067657
-0.08907359
-0.1040109
0.08646115
-0.003703106
0.06804708
0.0925418
-0.07831057
-0.07740334
