0.0652253
0.06153436
-0.04663973
-0.07200434
-0.077448
-0.05371979
-0.002465545
0.04781747
-0.04734406
-0.06565728
-0.08782705
-0.05418
-0.09788819
0.0601177
0.008895319
0.03740988
0.0276895
0.02792481
-0.04964945
0.08166395
-0.1005016
-0.04579639
-0.05317171
0.09686583
-0.06397122
0.05379978
0.08784603
0.03188243
0.07110002
0.09366357
-0.07966285
-0.05035641
-0.06976093
-0.01760092
-0.02756687
-0.04290715
0.06379981
0.01450902
-0.09270094
0.09125588
-0.03026247
0.05566775
-0.04710778
0.09474103
-0.0470463
0.04436728
-0.03153882
-0.07438765
-0.07372531
0.09887012
-0.08945449
-0.02868934
-0.007088838
-0.05869871
-0.0004144631
0.04254766
-0.002711683
0.06238383
-0.003478247
-0.1044454
-0.06059511
-0.03402383
-0.03125102
0.001505402
-0.01283349
-0.07950447
-0.0312984
0.01864688
-0.03153883
0.01383149
-0.0219194
-0.07540431
0.04170056
0.03045489
0.03025148
0.01321871
0.09726901
-0.06980012
0.01795866
0.09501367
0.07446709
0.1032596
0.06385752
0.03079728
0.02082285
-0.03724607
0.07338912
-0.02773542
-0.05230806
0.06239223
0.08796444
-0.06088031
0.05692533
0.05305254
0.003253712
0.04245499
-0.02167961
-0.1068559
-0.07345012
0.02145728
0.02663656
-0.1025775
-0.08857959
0.09921075
0.07766856
-0.1041918
-0.03398981
0.07980531
0.04575351
0.07637524
0.03926668
-0.04358344
-0.02586034
-0.07786403
-0.04689069
0.08524948
0.03030283
-0.04813169
0.08925565
-0.08193059
0.1055022
-0.08898216
-0.09366857
-0.06130506
-0.1005381
-0.03811947
0.03591694
-0.05969771
-0.006674182
-0.0925504
-0.07731453
0.05732786
0.01361854
-0.02722435
-0.03772166
0.04364347
-0.097506
-0.01575455
-0.07690216
-0.03553733
0.04435481
0.09716684
-0.103546
0.07662407
0.07724414
0.102882
0.009686413
-0.005900708
-0.006847974
-0.02227574
-0.03025119
0.04382898
0.09553471
-0.03501587
-0.03991783
-0.1066425
0.04620514
0.06019907
-0.07282383
-0.1009078
0.02343465
0.01981221
0.03859573
0.03736966
-0.0636599
0.01863131
-0.04849152
0.02372795
-0.0465461
-0.07273644
0.05103868
0.0937505
-0.02961402
0.05887797
-0.04843635
-0.07255316
-0.0266925
-0.06572128
0.04247094
0.07583627
-0.06813385
-0.0967999
0.009376774
0.09124248
-0.02089934
-0.07121883
0.08367521
-0.002114849
0.06834676
-0.03829711
-0.008583148
-0.0995229
-0.0164821
-0.06673768
-0.09898863
-0.02197141
0.08737794
-0.03910828
-0.03129735
-0.07501417
-0.02148202
-0.02644571
-0.01899891
-0.05831419
-0.04484421
0.059217
-0.04831762
0.008600547
0.05184923
-0.04879682
0.01382349
-0.07466103
0.005940809
0.01985184
0.02620939
-0.005787067
0.0163936
0.01740722
0.09344307
0.01569941
0.01516303
0.05029821
-0.07825194
-0.09938715
0.01071638
0.06604845
0.09118744
0.06061491
0.0410772
0.05668779
0.09245646
-0.01234181
-0.07284322
0.06744951
-0.04825528
0.03696687
-0.08988282
-0.06247482
0.09429946
0.04971258
0.002783834
0.0342717
0.09768911
0.08452612
0.101916
0.02958696
0.06530277
0.03230245
-0.01250325
0.04939445
0.02768791
-0.02679256
-0.1037627
-0.03632001
0.03686878
-0.09404043
