0.01488724
0.003812365
0.09827882
0.05140961
-0.01844397
0.09112971
0.02586976
0.01183721
-0.09314387
0.07068109
-0.09388179
-0.01525134
0.07325428
-0.03443645
-0.06702973
0.07642831
-0.0943372
-0.03141837
0.008974323
-0.06299579
0.1070085
-0.04626244
0.08118591
-0.02825033
-0.02380391
-0.06022411
-0.05115263
0.07767347
-0.1042089
0.04720423
-0.07018715
-0.02847859
0.07351165
0.07335088
0.1068584
0.0337286
-0.04378635
-0.09990229
0.0132549
0.03921204
0.07462548
0.100815
0.09476234
0.02425607
0.09042939
0.05312192
-0.01111593
-0.08639018
-0.02553949
-0.07308567
-0.03197861
0.03380575
-0.02044279
0.06035725
-0.0849134
0.09777434
-0.06320705
0.1029052
0.0009485193
0.001543309
0.07649523
-0.09911444
-0.04937695
0.03620633
0.09883591
0.1033817
0.02614602
0.0576757
-0.0420357
-0.02110698
0.00747612
0.09384011
-0.06416254
0.02567249
0.04621937
-0.09802833
0.01957227
0.02349397
-0.06883594
-0.002882218
-0.0535523
-0.09238552
0.01981221
0.0711477
-0.04428847
-0.05789153
-0.09694408
-0.08576331
0.05477237
0.04873203
-0.01497488
-0.08215725
-0.02159729
-0.001517134
-0.00147016
-0.03831811
-0.07169704
0.09765195
0.007108448
0.05182514
0.002121446
0.08091675
0.02003744
0.01816588
0.1060271
-0.06444159
-0.003411314
-0.09759317
-0.02366755
-0.03777163
0.03225384
-0.02579628
0.04055945
-0.03927088
-0.08470155
0.08238987
0.09471591
0.0727834
0.0938861
0.1044586
-0.04202196
0.07544524
0.02467654
-0.0003644799
0.08223737
0.06596893
0.06618352
-0.09151325
0.02851262
-0.08817322
-0.07072766
-0.04585963
0.01384774
-0.05524725
0.06864537
-0.0931192
0.08763132
0.05021635
-0.06495885
0.0364245
0.007794986
-0.0764337
-0.01556843
0.09357204
-0.06739596
-0.06328105
0.01800803
-0.04803969
0.06048368
-0.05762894
-0.07892357
0.05860913
-0.107851
0.08482099
-0.08848435
-0.1061244
0.06345785
-0.007546198
5.387442e-06
-0.1020034
0.06208131
-0.01119721
0.04711314
-0.08818971
0.1002742
-0.05569348
0.01072546
-0.080258
-0.1066897
0.09572434
0.004292929
-0.07075352
-0.00845225
-0.02629342
0.01541747
-0.08565865
-0.03493569
-0.06573724
-0.05678367
-0.05052857
-0.00583334
0.1036672
-0.1071194
0.05423933
0.08791284
-0.09246329
0.03472563
-0.01918459
-0.1069152
0.02299574
-0.06118536
-0.06790757
-0.1013834
0.02332665
0.04195107
-0.04368914
-0.02068877
-0.1057991
0.003067507
0.03139965
0.07097714
-0.01730951
0.01053424
-0.04905734
0.03345881
-0.09139272
0.04114529
-0.03724182
-0.004056619
0.03459422
0.001530183
-0.05097453
0.00632151
0.02860751
0.04718654
-0.06776107
-0.08905589
0.06603963
-0.04611445
0.01872756
-0.09334097
0.008638108
0.08617274
-0.01919023
-0.02204003
0.05691125
0.06737651
0.007420431
0.06204061
0.108062
0.1032111
-0.003592841
-0.0821946
-0.01801245
0.02933629
0.009301882
-0.001612102
-0.01032173
0.02355356
-0.02459593
-0.1043034
-0.008946971
-0.06912532
0.04535664
-0.04335809
-0.1035073
-0.0812782
0.0009914018
0.09665421
0.05618005
0.02271188
0.04258188
0.09901033
0.095987
-0.04672699
-0.06143238
