0.0627626
-0.06203837
-0.001824509
0.05346452
0.009321681
0.03261071
0.07147922
-0.09985551
-0.1060861
0.07456424
-0.01236341
0.04199533
-0.06569137
0.04874247
-0.01860728
0.007451835
0.1049467
0.03228939
0.08237907
0.06090316
-0.06312676
0.08005457
0.008118558
0.04721082
0.0007415843
0.06090013
-0.09935425
-0.04237208
-0.04308754
-0.09213727
0.0001918808
-0.02724823
-0.004685928
-0.1056388
-0.06927405
-0.05497537
0.1053336
0.02870097
-0.1009034
0.09729079
-0.02230453
0.09349052
0.01334806
-0.05292328
0.03588935
0.00934702
0.09362004
-0.02696088
-0.08099602
-0.05889957
0.009633627
0.05439828
0.03489852
0.01868716
-0.03259677
0.0178736
-0.04693297
0.08908235
0.01919306
-0.06343261
-0.03844607
-0.01321511
0.05546422
-0.04030121
-0.01885662
0.06699353
-0.009021548
-0.003792175
-0.06383634
-0.07280921
0.08845254
-0.09664167
-0.03173274
-0.0373137
0.02332301
-0.03349942
0.07934222
0.04434375
-0.08617608
-0.07577384
0.008813397
-0.09548545
0.1065666
0.08203376
0.06837636
0.08352271
0.07094921
0.09883581
-0.03605903
0.09596322
0.08876486
0.01008828
0.106452
-0.1016491
-0.08448094
-0.07479925
0.06002828
0.0985115
0.07192241
0.01075755
0.0149508
0.04418148
0.07100032
-0.03436074
0.005496875
0.008768446
0.0950101
0.01906751
0.07211099
0.06823728
-0.0931521
-0.06711432
-0.02830697
-0.007845456
0.0963542
-0.02838732
-0.1016973
0.09826903
0.1075989
-0.02300943
-0.03946954
-0.02597542
-0.0221052
0.05028558
0.02108376
0.09728857
-0.08419403
0.05587687
-0.0199903
0.05283143
0.03222414
0.08665732
-0.03886137
-0.07924071
-0.01711369
-0.017929
-0.001205081
0.1013071
-0.01875257
-0.08547377
-0.0308801
-0.02059347
-0.09652112
0.04647024
-0.001877565
-0.008883226
-0.07423274
0.04089529
0.08996919
0.08647434
0.01137696
0.02125468
-0.04615922
0.04180099
-0.06311557
0.0238059
0.01408389
0.0343104
-0.05786257
-0.04745349
0.06846443
0.1029052
0.08539117
-0.01591054
0.01669697
0.08280861
0.03350279
0.005690067
-0.05986287
0.006492769
0.09226773
0.05331748
-0.08224295
0.06260997
0.006642791
0.04306727
-0.09832487
0.08143824
0.05867891
0.06937049
-0.05058482
0.06947037
-0.1041218
-0.01974252
0.07682671
0.06310644
0.006602004
0.04304509
-0.08979784
0.03172505
-0.001107056
-0.02731137
0.02152527
0.1035799
0.09381034
-0.02604932
0.08079089
0.044438
-0.01281001
-0.03569739
-0.1072319
0.0114652
0.06338289
-0.07840964
0.09198698
-0.08963333
-0.03919208
0.0834346
0.03066774
0.0283316
0.01046104
0.01401545
-0.08146852
-0.02045316
-0.07803578
-0.02534664
0.03438703
-0.04514762
-0.05539041
0.02966105
0.0772372
-0.09107643
-0.03849959
0.025406
0.05814921
0.08387496
-0.06308908
0.02200566
-0.008875901
0.03311867
0.04848469
0.07347644
-0.03447549
0.0917852
-0.02759215
-0.02938318
0.06478813
-0.08815987
-0.03617483
0.03803527
0.08974194
-0.1080775
-0.06369655
-0.04631742
0.0199942
-0.04914387
0.03906592
-0.006552246
-0.02572537
-0.06255194
-0.04385988
0.03791838
-0.08566573
0.05472471
-0.07976654
0.01736177
