-0.06764694
-0.08081741
-0.1028017
0.02667309
0.09706273
0.0390564
0.01032721
-0.03558596
-0.05868158
-0.03239837
-0.006305222
-0.004373698
-0.08589201
-0.009338031
-0.007169511
-0.04661838
0.06935021
-0.01210891
-0.002475799
-0.05088574
0.01128405
0.003859759
-0.04136104
-0.02369668
0.07030188
-0.1064184
0.05033674
0.08350839
0.09473686
-0.04898436
-0.08992828
0.02569666
0.03649267
-0.04103158
0.0294536
0.06392714
-0.05906564
-0.06966075
-0.01295925
0.1045358
-0.02689106
0.09347007
-0.005756254
-0.07333816
-0.02777519
-0.07457925
-0.04851354
0.07819771
0.02104462
-0.0896447
-0.09244526
0.07128273
-0.07808651
-0.09881777
0.02171444
-0.06666803
-0.05849162
-0.06361271
-0.06661536
0.06049834
0.001855556
0.02095153
-0.04461663
-0.06504777
-0.01645641
0.02128295
-0.04809329
0.0515099
-0.01001352
-0.06863455
0.01745938
-0.08520974
-0.09945215
-0.04335324
0.06350093
-0.105398
-0.08922741
-0.03013791
0.03316658
-0.04648879
-0.07938474
0.01763614
0.05269675
0.08683756
0.03222295
0.009705014
0.1044343
-0.01224778
0.07787193
-0.1026013
-0.03656134
-0.006646041
0.054864
-0.05864365
0.08141068
0.0737857
0.03507504
0.100176
0.07418945
-0.08332974
0.007112088
-0.05929048
-0.01900405
0.09680686
0.05516904
-0.0632187
-0.05523738
0.04575158
0.03430133
0.008115143
0.07490345
0.09578326
-0.06124777
-0.09715972
0.08134105
0.02457101
0.01125281
0.08839862
-0.07014495
0.03609826
-0.1079995
0.03194275
0.102984
-0.07192126
-0.07370443
-0.05839353
0.08183774
-0.09631978
-0.01147566
0.06625277
0.08023179
-0.005896593
-0.009095521
0.09044971
-0.01215692
0.05700709
0.01710355
0.09164795
-0.09982206
-0.09996376
-0.03458196
-0.09034099
-0.009993304
0.01763269
0.07027806
-0.086674
0.05181108
-0.05748551
0.07484101
-0.07458594
-0.04759729
0.003921299
-0.05643929
0.07837835
-0.08107165
-0.002888189
0.02062572
-0.09732154
0.03601219
-0.03673088
0.07649998
-0.0821946
0.09805631
0.0517913
-0.003944119
0.08698238
0.01637246
-0.004703345
-0.02633122
-0.02372213
0.09733716
-0.1003048
0.02423249
-0.07598588
-0.09070117
-0.002955351
-0.06719748
-0.0873924
-0.05708966
0.05973938
-0.06475509
0.07765315
0.01812237
0.1037914
0.08867917
0.004410423
-0.08926892
0.08724537
-0.04844467
0.007137008
0.002202087
0.0403073
-0.07461813
0.1049445
0.1067755
-0.1051086
-0.01408427
0.0212497
-0.04657001
-0.08642949
0.06647444
0.0417499
0.01240114
-0.03020655
-0.01339045
-0.05367884
-0.02363106
0.09827393
-0.05235954
-0.06853341
0.02299652
0.001557962
0.08051987
0.1054095
0.04298321
-0.06171617
0.09575652
0.03082496
0.04276498
0.01909267
-0.05261097
0.003000374
0.07344019
0.0734353
-0.06757278
0.01993621
-0.02525786
0.08841877
-0.09222068
-0.09606601
-0.03138856
0.06568564
0.08616044
-0.02043804
-0.06070926
0.07487426
-0.06878645
-0.0349213
0.01529372
0.003746001
0.04606104
-0.03635031
0.0003364629
-0.07524762
0.08283246
-0.0645701
0.06590727
-0.07790463
0.03932066
0.07154826
-0.07559492
0.001621053
-0.04221145
0.005683989
-0.1046471
0.06935512
