0.03031263
-0.04882009
0.04067767
0.0739768
-0.1047943
0.04400709
-0.04003327
0.07152162
-0.02291622
0.09823942
0.04918962
-0.08265495
0.06900781
-0.005047174
-0.01925042
-0.07945048
0.0005972079
0.0935145
-0.0846946
-0.08720292
0.09777746
0.03403187
-0.04704014
-0.004334304
-0.0238594
-0.0841378
-0.09996191
-0.0550249
0.0968287
0.09605587
-0.04951907
-0.0001689674
0.03545576
-0.05336685
0.002137206
-0.07000493
-0.1039581
-0.03224793
-0.1069528
0.04141754
-0.01233504
-0.03630637
0.08522924
-0.05689782
-0.02299616
0.02240111
-0.03519419
0.09733373
0.0278943
-0.07260632
-0.009452323
0.04711558
0.05976719
0.07963472
0.01489477
-0.01496342
-0.04081916
0.06736659
-0.0671633
0.08774194
0.05575614
0.0381701
0.01506594
0.04570071
-0.0276288
0.07649659
-0.008808686
-0.09575437
-0.02160694
0.03360412
0.04142687
-0.05077683
0.07598526
0.03363907
0.01518275
-0.1042905
-0.07909676
0.01381046
0.1001557
0.005072556
0.0670134
0.0718798
-0.02439458
0.09133571
-0.001805216
0.07448203
-0.01229437
0.09756582
-0.07846829
-0.02383115
0.01775921
-0.09716965
0.03058476
-0.08349685
0.08055422
-0.01824546
0.05433408
0.03041616
0.06768252
0.08593703
-0.01833452
0.04002134
0.01757775
0.1008116
-0.01909954
-0.02569566
-0.003708219
0.0744381
0.06664444
0.09517653
-0.101905
-0.08213525
0.01270828
-0.05507657
0.09476147
0.04068272
-0.04371766
-0.03543299
-0.0941241
-0.09626635
-0.08230268
0.08424954
0.02463485
-0.04422861
0.06114061
0.1043333
0.08089858
0.006392156
-0.03189021
0.07167015
0.004973331
-0.06146269
-0.004259288
-0.06358823
0.0304264
0.05173048
0.02138261
-0.08971792
-0.01159224
0.06783371
0.0994501
0.02245487
-0.07068785
0.01550242
-0.08741119
-0.02646951
0.07083287
0.01903302
0.1036857
-0.002842581
-0.04877831
0.03684947
-0.07213618
0.0559089
-0.06630149
-0.03456589
0.0006812434
-0.07554433
0.09712946
0.04614689
-0.04488633
0.0132549
0.1050017
-0.08500435
0.08482577
0.01216288
0.1043311
-0.03849736
-0.06056392
0.100448
0.05289476
0.003553226
-0.02074865
0.08309321
0.03748972
0.001399612
-0.05826578
-0.05941947
-0.05779095
0.03843541
0.03940461
0.08358432
-0.006621043
-0.09439354
-0.08843433
0.05114006
0.09642696
0.058623
-0.05676546
0.03332643
-0.02273582
0.02995889
0.08942635
0.07313385
-0.00856063
-0.005642169
0.000841356
-0.007939982
-0.1030251
-0.02201529
0.0966441
0.03664733
0.07574963
-0.04289796
-0.07531519
0.03489946
0.05867908
0.06478739
0.01198446
0.0004226167
-0.09928686
-0.04100563
0.08340615
-0.04459738
-0.07857267
0.005576351
-0.03263283
0.09675688
-0.005894097
-0.06679028
-0.04393332
0.05015377
0.02554579
0.06722073
0.02916093
0.04248478
-0.04616889
0.002831125
0.06924442
-0.0506016
-0.02589054
0.01818505
0.004508237
0.01260705
0.02541112
-0.01042348
-0.03119583
0.01792133
-0.03877609
-0.02876619
0.03068051
0.0796546
-0.08893422
0.09271494
-0.03136833
-0.02999544
-0.07545196
0.07931209
0.01689123
-0.04398216
-0.01616503
-0.05685198
-0.04279618
-0.03134662
-0.06902228
-0.001206458
