0.0255036
-0.009258193
0.04799696
-0.00338517
0.1005803
-0.08103867
0.09910521
-0.07336803
-0.0888697
0.03481264
0.08982423
0.03329714
0.09816718
-0.01295504
-0.05143735
0.08548161
0.06750844
0.1018886
0.09742811
-0.02308124
0.1066456
-0.02658321
-0.0895744
-0.04923394
0.1080472
0.005019708
-0.04708042
-0.01424073
-0.04352339
0.03929438
0.00897968
-0.05062037
0.07155447
-0.07319857
0.0661494
-0.0712482
-0.06143683
-0.06062676
0.04248478
-0.001709831
-0.08316382
0.05030803
-0.07640482
0.09037985
0.0623791
-0.0793978
0.01806887
0.1046519
-0.107097
-0.07870005
-0.07199878
-0.03638174
-0.02333155
-0.05882043
-0.09327363
-0.07009904
-0.1023902
0.08387496
-0.1003799
-0.06095367
-0.02021861
0.02077318
-0.01022826
-0.07679582
0.04262704
-0.05007803
-0.05409968
-0.06726544
0.05909928
0.04615709
-0.03260427
0.05178757
-0.09013995
-0.01081293
-0.04312966
-0.01832087
-0.08856032
0.06564943
-0.03122184
0.0546755
0.05721681
-0.05295961
0.06604845
-0.02031559
-0.07295855
-0.07365936
-0.0179878
0.02578343
-0.006383381
0.01354848
-0.01351196
-0.08188631
-0.07062533
0.03429762
0.06432435
0.008376998
-0.06950433
0.1046361
-0.08515935
0.08250398
-0.1075821
0.03422716
-0.002356271
-0.08812238
-0.02946747
0.06319594
-0.02352605
-0.00967658
0.0667069
-0.07106716
-0.01550725
0.04398145
-0.06340009
0.07079396
0.09178326
0.06898291
-0.08851529
0.05705152
-0.02742273
0.004210331
0.09809705
0.02623523
0.003948712
-0.002672818
0.01232207
0.08884425
-0.01762444
0.09059342
-0.0692649
0.09543389
-0.03359418
0.04791319
0.07975544
-0.07716417
-0.07604181
-0.01962533
0.02963921
-0.06329545
0.04037281
-0.05974618
-0.04639835
0.09629193
0.002283926
0.08794927
0.05414857
-0.0009413629
-0.005156022
-0.09154943
0.1023984
-0.02582929
-0.04897248
0.05025192
0.0854879
-0.04411256
0.0702415
0.09450849
-0.07848368
0.0830218
0.01358056
0.04578177
0.01275272
-0.03825695
0.08906099
-0.02350838
-0.08152735
-0.001312987
-0.03315926
-0.0559011
0.097173
0.1049735
-0.02768568
0.0764609
0.1035294
0.06787112
-0.08363783
-0.05687927
-0.03080708
0.04590266
0.001104363
0.1070261
-0.04042645
0.04925551
0.06621039
0.09594283
-0.02511885
0.06314803
-0.03846962
0.0634052
0.01231568
-0.03521347
0.01849326
0.1000143
-0.02602923
-0.09225565
0.02207229
-0.07745875
-0.03741958
0.07600434
-0.05629232
0.0002167648
0.06130946
0.07041967
-0.07136667
0.05852566
0.08825918
0.0530394
0.02331392
0.02484194
0.000155084
-0.107768
0.0576692
-0.01580215
-0.01627809
-0.05425375
-0.09243596
-0.01798833
0.05051507
0.001121214
-0.0389543
-0.09152623
0.0118513
0.05971172
-0.009569851
0.05350723
0.01257017
0.09100617
-0.09031092
0.09411458
-0.05341418
0.1044168
0.002956585
-0.03952261
0.01993621
0.05175757
-0.06740926
-0.0246692
0.02360087
-0.09605154
-0.09648003
0.05825392
0.0757712
0.001331692
-0.09141316
0.07531851
0.02645838
0.01004834
-0.02990281
-0.09699767
0.006942492
0.06399814
-0.1030573
-0.06264704
0.07489018
0.08099163
-0.07655615
-0.06155102
