0.03874511
0.02775485
0.01305372
-0.103826
-0.06574263
0.01164644
-0.1040022
-0.1013533
0.0002211094
0.08477202
0.03644836
0.005136525
0.08498169
0.01864411
0.01188262
-0.09189383
-0.008851006
0.08317416
-0.0782059
-0.05382936
0.0383153
0.01128535
-0.1058697
0.03629456
-0.04213785
0.05392906
-0.05144053
0.03618918
-0.006073441
0.01688614
-0.09373404
-0.04719835
0.006703387
0.0967126
0.03227123
-0.03313162
0.0750308
-0.009315224
0.04680273
-0.006753515
0.07629781
0.1051981
0.03689938
-0.03718043
-0.04024686
0.01556752
-0.03682037
-0.04823837
-0.005761297
0.05624732
-0.03464856
-0.08343982
0.07510596
-0.0729695
-0.07629301
0.07723527
-0.02554297
-0.03456687
-0.05166256
-0.005373171
0.06288474
-0.006454727
-0.01463653
-0.04840929
0.06504768
0.005091607
0.08422141
0.02505411
0.03893497
0.09857803
-0.09392709
0.07553615
-0.1002194
-0.108083
0.06932129
0.04602223
0.000446621
0.09484612
0.06859455
0.1066664
-0.03805385
0.0002540522
-0.09784562
-0.0339586
0.1043853
0.01250202
0.04376641
0.01364961
0.07761558
-0.1056948
0.02175208
0.04178502
0.0619868
0.09234729
0.03791961
0.000410637
-0.02471038
-0.0583123
0.02578812
-0.08549188
0.0979643
0.09712914
-0.1024842
0.03359544
-0.04817851
-0.02511958
-0.09820382
0.0823414
-0.03238397
0.05062439
-0.03430614
-0.09590404
0.07791539
0.05736177
-0.01385139
0.008972492
-0.02779197
-0.002793024
-0.07694893
0.02194219
-0.08113682
-0.01662349
0.03165535
0.09985203
-0.08274404
0.08970968
0.05391275
-0.001619489
0.04158282
0.06972318
-0.03862907
0.08611164
-0.03295112
0.00308685
0.108209
0.07459891
0.04646591
-0.06929924
-0.006785831
0.08362877
-0.08573059
-0.04597903
0.00877045
0.09504082
-0.0799821
0.01671975
-0.0661056
0.0580044
-0.07373369
-0.04951954
0.02954659
-0.01078601
0.08316503
-0.01621559
-0.08651294
0.01177517
-0.06973136
-0.05771948
-0.09985393
-0.1076686
-0.06107219
-0.07018715
-0.01611851
-0.03576292
0.07418395
0.05664669
0.07494574
-0.07542909
0.07416777
0.102067
-0.05869616
0.04370342
-0.08768384
-0.07203561
0.06875695
0.06607976
0.02164152
-0.06077404
-0.05046245
-0.09249037
-0.06161726
-0.007117365
0.05058556
-0.09564338
-0.0522325
-0.1041892
-0.09526551
-0.03719645
0.1038592
0.08610929
-0.04058297
-0.02686539
-0.06098252
-0.0008697224
-0.09684382
0.06906695
-0.03165136
-0.01756113
0.03242468
0.0449776
-0.03083353
-0.05668391
0.005623282
-0.03889101
-0.05540562
0.09540085
-0.1070805
0.04223298
-0.01767613
0.01225298
0.03114676
-0.07354148
-0.01311734
-0.02427577
-0.05609831
0.02402804
-0.1070985
-0.02571836
0.009530162
-0.07159746
-0.03039671
-0.1009613
0.03122371
0.03757817
-0.07011399
0.00897968
0.05831707
-0.09263293
0.09394733
-0.02604098
-0.04181776
-0.02282501
0.04652499
0.04906839
0.0295722
-0.06696178
0.01771879
0.07821254
-0.01343166
-0.001224955
-0.02169647
-0.01953195
-0.01233507
0.09720476
0.04961523
-0.09254988
-0.05917869
0.1049104
-0.09389184
-0.07375275
-0.06267725
0.01493042
0.005510996
-0.1006202
-0.01835522
0.0296575
