-0.02561163
-0.03103065
0.07464644
-0.05167526
-0.05852684
-0.04013772
0.01250535
-0.05875077
0.01907859
-0.03539485
0.09908168
0.09703683
-0.04309415
-0.04139295
-0.1043682
-0.04335257
0.05160566
0.03026966
-0.04703856
0.01872014
-0.08729438
-0.09243882
-0.09954352
0.08447004
0.01161693
0.01321729
-0.01948035
0.0982547
0.01323628
0.0064543
0.04345455
0.09916981
0.0490255
-0.09741068
-0.041858
0.006530578
0.03594276
0.0569436
-0.03870942
-0.09476931
-0.08043759
0.05820018
0.04670686
-0.06973284
-0.07286923
0.08422782
0.03922334
0.0536503
0.02125866
0.05304787
0.02884265
-0.05667588
-0.02955651
0.01678058
0.08068496
0.06106466
0.004280359
0.07653466
-0.08768433
0.05254774
-0.09449676
-0.1049602
0.02830203
0.02070165
0.07247008
0.03358484
0.08195617
-0.0009471566
0.006714626
-0.1024762
-0.04036093
-0.06366801
-0.09454589
0.06857745
0.03240725
-0.1046362
-0.0785862
-0.01022786
-0.07692331
0.1074047
-0.0011364
0.05451533
-0.07420997
0.0955675
0.0312303
-0.04877978
0.06926383
0.07642008
0.0435974
0.06103822
0.06118634
0.07493366
0.08465496
-0.001674032
0.04462283
-0.01405485
-0.0534633
0.03381285
-0.09761648
-0.05407555
0.02694546
-0.08878598
0.09366665
0.09610589
0.007309408
-0.02376708
-0.01224418
0.0769919
-0.07597382
-0.07200727
0.0008335882
0.08199608
-0.1056849
-0.06068387
0.04213975
0.06936856
0.0616543
0.05640084
0.0009861906
0.05874128
-0.04034396
-0.06673391
-0.02086208
-0.09124072
-0.04863409
-0.008152494
0.1026164
-0.002961426
0.002553499
0.05956181
0.08065633
0.03895669
-0.004255918
-0.04537091
-0.06429164
-0.06481791
-0.01471142
-0.1001875
-0.0111423
-0.06446358
0.03959465
-0.05911468
0.0438984
0.1037286
-0.0128275
0.1076433
-0.02688565
-0.07956139
0.03816298
-0.01481348
-0.05877576
0.07086042
0.07594354
0.09017419
0.06293158
0.0221047
0.08177275
0.05878995
0.05322873
-0.06002198
0.008172474
0.07767347
0.05254098
-0.09543617
0.02501038
-0.09683417
0.04287036
-0.0945593
-0.09933843
-0.09559168
-0.09490714
0.006000964
0.07014211
0.08562742
0.03294157
0.01092339
-0.1061832
0.102005
0.1032491
-0.009806751
0.09407146
0.009220204
0.1025573
0.03305855
-0.104768
0.08835417
-0.01808025
-0.1015647
0.09506629
0.04702262
-0.03153394
-0.003157691
0.06022125
-0.09192747
-0.07938579
0.06262185
-0.05068617
0.09209897
-0.02393614
-0.1064267
0.05144095
-0.01592905
-0.003743866
0.1040075
-0.0533579
-0.06898206
0.0797456
-0.0006614815
0.05802126
-0.07321241
-0.1064686
-0.04459483
0.1052931
-0.05020012
0.005597278
0.01305351
0.06917781
-0.04635646
-0.04791112
0.01227479
0.05048949
0.07332049
0.03240367
-0.06003351
0.1019735
-0.01424073
-0.0467434
-0.04418777
0.03832908
-0.05169318
-0.02478018
0.06260543
-0.06000635
-0.03369267
0.01950778
-0.08883193
-0.09697822
-0.04311808
0.08164935
0.01856873
-0.0357681
-0.02746075
0.08155254
-0.09678108
-0.0007319127
0.02765157
0.08716267
0.01192365
0.0480257
-0.1019528
0.08900354
-0.04718182
-0.07900582
0.004218394
0.06445494
-0.03446991
