0.01545615
-0.1002989
0.06570741
-0.03529413
-0.04100807
0.004536146
0.01767776
0.03052494
0.01140126
-0.1031001
-0.01360208
-0.06043566
0.04180697
0.03177214
-0.01746992
0.0841715
0.01618319
-0.05424671
-0.01326666
-0.02149157
-0.001249891
-0.01990522
0.07822217
0.08851037
0.03813611
-0.02522894
0.08047469
-0.06973284
-0.08541078
-0.07677773
-0.03718043
0.06845024
0.0347415
-0.05691745
0.04434194
0.05763971
0.008106617
-0.07427309
-0.05689782
-0.06646868
0.06040028
0.1018156
-0.03060839
0.08091691
-0.07402509
0.06821514
-0.04578765
-0.09704044
-0.06746793
0.03801268
0.03765213
0.0177786
-0.07954419
0.04130494
-0.1041531
-0.08405518
0.09753661
-0.05292328
0.09815614
0.00161765
-0.01334576
-0.05487926
0.07956938
-0.02395777
-0.08860096
-0.03650646
0.05981861
0.07097726
-0.09613414
-0.04205635
0.0696065
0.004385288
0.05108324
-0.0185153
-0.05771414
-0.07684295
-0.04797187
-0.04733649
-0.01767682
-0.1013868
-0.01582851
-0.09668005
0.09474103
0.09604397
0.01548366
0.05857157
-0.04527164
-0.08804934
0.08042108
-0.03252031
0.03509156
-0.03047215
-0.07253052
0.02443632
-0.0906636
0.09696132
0.02715122
-0.04772365
-9.999705e-05
0.04314909
0.0635335
0.002260885
-0.08953283
0.03713544
-0.04230932
0.09771358
0.008932766
-0.07782847
0.08953548
-0.09586007
-0.04049587
-0.05882668
0.07933335
0.08037224
0.07841294
-0.05739796
-0.03051099
0.0003141775
0.0103474
-0.0043133
0.0727717
-0.06535405
-0.07873706
-0.1010051
0.06145031
0.06362654
0.03319186
0.04157329
-0.09912802
0.09410048
0.02138104
-0.07806828
0.05782612
0.02509592
0.01675544
0.001512412
0.07174242
-0.03415766
0.08194888
-0.04111345
0.03958122
-0.1071781
-0.03528256
-0.009226108
-0.04557692
0.0582438
-0.07901691
0.07621869
0.06243489
0.03939725
-0.02411188
0.07950231
-0.0689875
-0.06223759
0.1001139
-0.01433745
0.02068904
0.05511128
0.0416342
-0.0121404
0.02506066
-0.0720533
0.03221063
-0.05459328
0.003392171
0.01436024
0.04798741
-0.03653855
0.1062161
-0.03928396
-0.07112484
0.06320924
-0.09700467
0.06319872
0.07829679
-0.08521117
-0.07060942
-0.1050413
-0.04640975
-0.106658
0.05672707
0.08225644
0.06395866
-0.05073802
0.02671387
-0.09684818
0.0513439
-0.03516917
0.03937024
-0.0385404
-0.06197907
0.03521501
-0.1080001
0.0544975
0.05134755
0.0118123
0.1074045
-0.02559471
0.07612119
0.09880273
-0.06837969
-0.04827521
-0.06895313
0.09432278
0.03882125
-0.03380652
-0.004164744
-0.001225169
-0.02639118
-0.014429
0.08609639
-0.03974627
0.04542418
0.06458606
0.101783
0.006901693
-0.02142405
0.07375637
-0.07225855
-0.005573755
-0.07189053
-0.06201033
-0.0118533
-0.002283457
0.1023665
0.03168281
0.100119
0.0589253
0.08766904
-0.1029017
0.09345886
-0.0562036
-0.07333816
0.09987787
-0.007844295
-0.09062467
0.07842936
-0.1025522
0.08443639
0.06624283
-0.02457684
0.0339489
-0.03421777
-0.06114642
0.07544436
-0.08960614
0.08719431
0.0360816
-0.07005373
0.02413697
0.1069779
-0.03605976
-0.01123044
0.0007147381
-0.09635412
0.01128916
