0.06326412
-0.1068529
-0.06451812
-0.07761049
-0.06006455
-0.03473856
0.1010999
-0.02162601
0.0126488
-0.1006066
0.05083499
-0.06794376
0.03579439
0.007993526
0.06060074
-0.01350368
0.05388618
-0.08229533
0.02811449
-0.04339396
0.0937387
0.04322294
-0.01759752
-0.03892691
-0.05492833
-0.06208576
0.003100529
0.03294157
-0.09393981
-0.0538905
0.06875695
0.1053106
-0.07816904
0.03773097
-0.02554779
-0.06154357
0.02722917
-0.0364955
0.03748972
-0.1006307
0.08940773
0.05304918
-0.03060878
0.0869174
-0.02632186
-0.09567519
-0.05040701
0.0999884
-0.01696136
-0.07677922
0.01867182
-0.09172074
-0.05464451
-0.1030568
-0.1055894
0.05007335
0.01694261
0.006642791
-0.02364619
-0.07697213
-0.003576466
0.05314767
0.07014387
-0.004349262
-0.1039784
-0.05736316
0.09342118
-0.04773303
0.04344884
-0.01730918
-0.04733774
-0.04910062
0.09425613
-0.04156847
-0.08716192
-0.08565229
-0.03828364
-0.009367567
0.007867529
-0.01200655
0.08500958
0.1000599
-0.04843635
0.05364548
-0.06266353
0.00134128
-0.003199177
0.008553689
-0.0747245
0.08662071
-0.05333069
0.09510646
-0.06965505
-0.1057593
-0.07342969
-0.1000783
-0.06847554
-0.03814826
0.005504719
-0.07260202
0.09882949
0.004434522
0.0584388
-0.085591
-0.09455605
-0.08109768
0.1070763
0.0571404
-0.1061945
0.0828318
0.03690846
0.06888548
-0.006526636
0.07952828
-0.03384403
0.01292931
0.03910033
0.06084689
0.001068687
0.0733342
0.06602841
0.08358243
-0.06698444
-0.09225488
0.008374326
0.04322257
-0.1050875
-0.009932148
-0.05527664
0.07777222
-0.04222881
-0.09593171
-0.09820537
-0.07299008
0.09663208
-9.137417e-05
0.07195815
-0.009550042
0.0598367
-0.06318062
-0.07824816
-0.02873526
0.02629557
0.05291148
-0.09810399
0.09421039
0.04905452
0.1016632
0.004125779
-0.08818484
-0.02284216
-0.1039835
-0.03423144
0.03540151
0.09829354
-0.07249244
-0.03615487
-0.1025986
0.07036742
-0.0394109
0.004908108
-0.005171883
0.0606089
-0.009932882
0.02846525
0.06939089
-0.01529956
0.05382149
0.01215977
0.02951904
-0.02010625
0.1024036
-0.007421584
-0.05814083
-0.08254544
0.0406019
-0.01641921
-0.1078132
0.01560959
-0.07858058
0.03450476
-0.07324439
0.05008672
0.01842709
-0.1051498
-0.0272797
0.06273205
-0.02241699
-0.01168719
-0.03218202
0.09106133
0.04592096
0.02171144
0.07863873
0.05246368
-0.0006364139
-0.02581587
0.08020104
0.05539531
-0.04103387
0.03603653
0.01673818
0.08115686
0.05612915
-0.04368717
-0.01000208
-0.05217693
0.1078142
-0.08505436
-0.02291038
0.0443158
-0.05766377
0.03481512
-0.1005371
0.0896061
0.06667122
0.0870003
-0.1033777
0.08566864
0.07900548
-0.02742932
-0.005525963
0.04776733
-0.07666074
-0.01932033
0.05149627
-0.006785905
0.03611486
0.004813067
-0.08249561
0.08387001
0.09704033
-0.09070117
-0.1036986
0.03760938
0.1040843
0.07686824
-0.05439609
-0.03574398
0.006299795
-0.008445785
0.0256746
0.03842242
-0.06322424
0.003651262
0.1000022
0.07401913
-0.0599636
-0.08421764
0.03759879
0.04888592
0.03406428
0.09842273
-0.1050987
-0.02373526
0.09614027
