0.03781627
0.0958736
-0.08274182
0.08221901
0.04427714
0.09323189
-0.01870587
-0.08241871
-0.07523897
0.003365958
0.03955095
-0.02950677
0.0784888
-0.0320382
-0.0763204
0.09095671
0.1021457
-0.07411971
0.1056266
-0.08570921
0.03322885
0.007002941
-0.1062061
0.08239771
-0.0806204
-0.03620876
-0.04107262
-0.07956139
0.09158976
-0.03892693
0.0580044
-0.09458584
-0.08213727
-0.0685966
0.0968062
-0.06625727
0.02074397
0.07258485
0.01903302
-0.02712395
0.09256901
0.07932803
0.06321859
-0.008502329
0.09664269
-1.655551e-05
-0.1039447
-0.04304784
0.09272251
-0.05666842
-0.05218991
0.02198398
-0.0354658
-0.005615026
0.0065741
-0.07705487
0.05890244
0.04089529
0.08111537
0.0693078
-0.01499067
-0.07845946
0.02778498
0.08643423
0.05900508
0.08576198
0.102484
-0.05840965
0.10238
-0.07551479
0.08965157
-0.04242368
0.08389343
-0.08927306
0.0703956
-0.04034126
0.02792748
-0.007050485
0.08633655
0.07721882
-0.09999229
0.05930635
-0.005900708
-0.07358868
0.05050668
-0.0978433
0.1004963
0.0202586
0.02066967
-0.09398839
-0.0215545
0.06171324
0.07666088
-0.03322982
0.06288479
0.0854001
0.07938092
0.04122841
-0.02457704
-0.05780408
0.05727154
-0.0531181
-0.108033
-0.03915754
0.08389057
0.09238753
-0.008364743
0.02285684
-0.03770232
0.02722815
0.01809082
-0.1055579
-0.1043539
0.01567758
-0.06609365
-0.01547371
0.07153952
0.07394774
-0.005375294
-0.04675655
-0.006910536
-0.09973347
-0.1041076
-0.01936163
0.06701268
-0.04694349
-0.01060713
-0.04748129
0.1041028
-0.04272186
0.06823508
-0.09059468
0.08553287
-0.05399349
-0.0533531
0.04001324
0.01493656
-0.06197236
0.0909545
-0.07439809
-0.03307998
0.07344125
-0.03714965
-0.004663486
0.02736109
-0.02740789
0.05317049
0.0879657
0.1042951
0.0788314
0.08768316
-0.09417026
0.07074562
-0.06498446
0.09043121
-0.01185267
0.01609609
-0.07306927
-0.02545292
0.03867074
0.08976627
-0.07144414
0.08856209
0.0273917
-0.01974046
-0.07503492
0.09518947
0.04879624
0.0483474
0.07415474
0.04352945
-0.09398984
-0.05394072
-0.1006148
-0.09013957
0.06538048
-0.09545812
0.02950286
0.05445747
0.05016625
-0.09326452
0.09150229
-0.09876271
-0.003088767
0.08570592
0.02432778
-0.03135863
-0.01377068
0.0755996
-0.09067158
-0.07378294
0.08450513
0.03566759
-0.05702368
0.06472198
0.05102568
0.006948029
-0.08828984
-0.08925648
0.001383017
-0.08422762
0.07655905
0.04999746
0.09845113
0.008369353
0.08483549
0.08084146
0.01399302
-0.01153025
-0.02458964
0.103146
-0.000484795
-0.002486641
0.07552426
0.02794145
0.1054364
-0.07813682
-0.1066985
0.03097642
-0.06622362
-0.02401359
0.0913346
-0.04603535
0.0583324
-0.02735559
-0.08356922
-0.07059947
-0.04603614
-0.04680417
0.09535632
0.0017833
0.1046049
-0.05748551
0.09382337
-0.04865599
0.0467401
0.03934878
-0.07719722
0.03095594
-0.06869689
-0.02889459
-0.05083114
-0.05558794
0.1075272
0.09043268
0.05784791
0.0319503
0.106469
-0.08774334
-0.0726018
0.06059268
-0.02868197
-0.09276473
-0.02247845
-0.09918977
0.07628051
