0.01181042
0.07396933
0.02094021
-0.09037099
0.02278733
-0.05814531
0.007092599
-0.0007848886
0.0154662
-0.07815225
-0.08324806
-0.09783885
0.001698616
0.07849902
-0.1009584
-0.09896625
-0.006844659
-0.06181389
0.003328571
0.08762517
-0.05018421
-0.04887969
-0.08672015
0.0860313
-0.0829133
0.1025018
0.08765993
-0.006681746
-0.08569547
-0.01895086
0.02991628
-0.1024073
0.02136437
-0.02939343
-0.1079616
-0.02801673
-0.06185792
0.04395475
-0.05836915
0.0388884
-0.02575293
-0.1066262
-0.05922786
0.08047469
-0.01966496
-0.01349646
0.04997976
-0.0907875
0.04058177
-0.08360124
-0.08478735
-0.08627217
-0.05682426
-0.02539807
0.09596296
0.01673521
0.01105219
-0.07130029
0.01032471
-0.09078462
0.08270609
-0.08994196
-0.03867209
-0.03936888
-0.03543994
-0.07760288
-0.02981358
0.08247615
0.01203185
-0.06212936
0.02103312
-0.07812009
0.076056
-0.08788804
0.03085489
0.06680325
0.008476705
-0.07647105
0.09232809
0.008544602
0.08186154
-0.001076906
-0.06983999
0.05044388
0.05417683
0.09903175
0.1071232
-0.1077659
-0.01926967
0.06481504
-0.01045037
0.08182099
0.02660881
-0.02642794
0.03192206
-0.04705152
0.1029673
0.02093133
-0.04784966
-0.05323713
-0.02714154
0.01354673
-0.0561492
0.09229866
-0.06059023
-0.01196312
0.08738903
-0.08285525
0.06916727
-0.0854301
0.05386074
0.1019996
0.05529688
0.02840934
0.05450901
-0.02330093
-0.05642521
0.09665657
-0.01422483
-0.07986135
0.02121703
-0.08227386
0.06200251
-0.09850624
-0.06730106
-0.05301879
0.1069592
0.06120346
0.09434836
0.09464642
0.05547078
-0.04465253
-0.05479823
-0.04415006
0.08332456
-0.06953042
0.0596816
-0.004205667
-0.0514112
-0.05651973
-0.1039938
-0.08633851
-0.01077133
0.01342882
-0.07990021
-0.07467464
0.01106501
-0.04107262
0.0809392
0.05912525
-0.07454777
-0.06870528
-0.01861982
0.008338039
-0.08413514
-0.05544847
0.05156497
-0.01476632
-0.09483147
-0.08479679
0.1023195
-0.05115263
-0.02948525
-0.06003971
-0.02557561
-0.06074773
-0.01790482
0.09847784
-0.02801667
0.02940436
-0.09075454
-0.0362784
0.0366331
0.01799853
0.003100529
-0.06288234
0.07309641
-0.01974809
-0.09595405
-0.08259268
-0.07985184
-0.09347062
0.04429793
0.002176726
0.04684037
0.07274843
0.08923289
-0.008303194
0.04716516
0.02671376
0.04440274
0.02714002
0.04960392
0.04701046
0.05456892
-0.07766002
0.02935892
-0.01200592
-0.07782332
0.01651534
-0.03977517
-0.06758148
0.09428054
0.1060507
-0.1040167
-0.02039871
-0.07946318
-0.1072417
0.0511757
-0.06080616
0.03585744
-0.0007421149
0.1013789
-0.09574383
0.03326643
0.07738423
0.0448013
-0.04005699
0.05565469
-0.05195829
0.06716555
-0.01335657
0.07082295
0.04767989
0.07586032
-0.04708042
-0.04930472
-0.07078742
0.07071563
0.03574568
-0.01986706
-0.1012288
-0.1055764
0.0686493
-0.09353135
0.01289245
0.03038421
-0.003030044
-0.05546226
-0.02015112
0.09529436
-0.0378988
0.0273979
0.1064702
-0.09158487
-0.07627597
-0.09469533
0.0781646
0.02035186
0.07861032
0.006715793
0.08648279
-0.1042328
-0.1014061
-0.1043287
-0.011161
