-0.001321003
0.07959413
-0.04075075
-0.1005317
-0.05445345
-0.02599264
0.08852438
0.07649034
0.04829713
-0.08192822
-0.008662785
-0.02291267
0.02226063
0.09504405
0.01373949
0.02317929
0.03922288
-0.05364043
0.007860889
-0.07750117
0.02672795
0.007060155
-0.09351446
-0.1020229
-0.06714054
-0.06277414
-0.01422483
0.0009861906
-0.1043313
0.04192305
-0.07694893
0.1054135
0.09939256
-0.01868813
-0.05458472
-0.004240142
0.09548897
-0.06692451
-0.0941241
-0.06429654
-0.05174346
-0.0994017
0.08990163
-0.03351039
0.02803669
0.1002719
-0.1049717
-0.01878508
0.08447471
0.08105266
0.0672123
-0.008274871
-0.05761126
0.03214369
-0.06792907
-0.0620817
-0.0784732
0.1075989
0.06863154
0.03360091
0.01933669
0.02016227
-0.01494323
0.005974379
-0.03680484
-0.05600063
0.07600413
0.08964267
-0.02624773
-0.02564809
0.005314545
-0.06116375
0.09954389
-0.06746967
0.02257688
0.0829175
-0.01777848
-0.03739135
-0.04688868
-0.02886098
0.06094492
-0.04370544
0.08925565
-0.05301577
0.01634417
-0.08904938
0.003752489
0.09943434
-0.06560567
0.07702236
0.01274953
-0.006566896
0.0003269998
0.07614347
-0.08709937
0.05174431
-0.07169637
-0.06980273
-0.03674101
-0.06180969
-0.1046003
0.03657098
-0.00192433
-0.01812048
-0.03086238
0.001359192
-0.08774762
0.01254861
0.01748531
0.002879836
-0.01677077
-0.007715106
-0.07250931
-0.00547689
-0.02180161
0.1082412
-0.06140645
-0.03811612
-0.04727915
-0.05024761
0.03617823
-0.05236679
0.02134238
0.04276932
-0.0151012
-0.1010709
0.003152477
-0.06635816
0.02752053
-0.04111501
-0.05884372
-0.08905987
-0.09382035
-0.0492764
0.02695725
-0.05032634
0.07852839
0.08712047
-0.006307098
0.02111326
0.03009628
-0.05413757
-0.0009564344
0.03258566
-0.1064537
0.005338568
0.06640786
-0.04410414
-0.09042861
0.04304038
0.05732453
-0.09386615
0.09872633
0.02460566
-0.004224567
-0.1023239
0.05707314
0.0932201
-0.07353534
0.0940247
-0.04652391
-0.05378034
-0.05462619
-0.06802786
0.06900645
0.007076753
0.03650948
-0.07672707
0.0753009
-0.01726567
-0.09841188
-0.09973422
0.08783001
-0.07159038
0.07710727
-0.05960205
0.0005096855
0.06541499
0.08459601
0.05008045
0.08898009
-0.05924064
-0.02203536
-0.07778389
-0.007224877
-0.02382298
0.06067684
-0.08711079
-0.06443609
0.06670286
-0.1077214
0.08618211
0.01512872
-0.07596387
0.04912497
0.04725378
-0.0932175
0.006226141
-0.06780447
-0.06515256
0.04183716
-0.03981343
0.07893856
0.01599628
-0.06518233
0.03060072
-0.02178097
-0.1050212
-0.03132188
-0.02687533
0.04922214
-0.09897906
0.08980813
0.09291195
0.0121876
-0.01561502
0.09029797
0.1042702
-0.08437678
0.04379464
-0.07379169
-0.07331313
0.02989072
-0.06070201
0.007495175
-0.03243799
0.001166737
-0.002969236
0.09421086
-0.09302142
0.0825091
0.01189738
-0.07014495
0.07938077
0.03914352
0.06605488
0.05926741
-0.01556007
-0.09855899
0.02851538
-0.09399123
0.01630511
-0.07311855
0.04628847
-0.02686336
-0.06132711
0.0954867
-0.08916117
-0.08463565
0.08107178
0.05638123
-0.08782397
0.02130517
0.04501734
-0.004435156
0.08794267
