0.04506975
0.0001451196
0.05495036
-0.005842604
-0.007769208
-0.056713
-0.02764071
0.01811492
-0.09863484
-0.08583343
0.04938798
0.1029286
0.04233332
0.02396933
-0.009339016
0.04005203
-0.01996879
0.06895533
0.08426465
0.09428606
0.03487738
0.1076205
0.007107514
0.07763734
0.0946873
0.0165364
-0.06217181
0.002460364
-0.06056202
-0.02410321
0.08476112
0.06289829
0.08464049
-0.02078969
-0.00862587
0.01221244
0.04521392
0.09586372
-0.04545239
-0.0007771426
0.01419428
0.06711069
0.07935837
0.06320924
-0.03395483
-0.01245208
-0.07512306
-0.09634084
0.07652196
-0.06187057
-0.1013928
0.07159232
-0.07125953
0.04212032
0.09884965
-0.0576467
0.06164187
0.08148097
0.05262988
0.1029501
0.03553943
0.03691582
-0.03209098
0.06610141
0.00406795
0.04193164
0.1079068
-0.07841807
0.04074042
0.06820729
-0.06242567
0.05086847
0.01829281
0.06674794
0.04994967
-0.08286332
0.03278807
0.06717475
-0.02605036
-0.033347
-0.04499537
0.1069515
0.1053572
0.04078309
-0.0905951
0.00930916
-0.02650361
0.02172744
-0.009767333
-0.03263074
-0.1078982
0.0745968
-0.003615632
0.08893333
0.02859558
0.09466109
-0.1068229
-0.006069344
0.07902394
0.03845118
0.008368289
0.03158303
-0.09776068
0.05743126
0.0126821
0.04315701
0.06268489
-0.0393484
0.03241085
-0.01138026
0.03109628
0.08284727
0.1078134
-0.003448403
0.01520495
0.04955183
-0.03704821
0.07819071
-0.09973422
0.08985876
0.08512395
0.01615454
-0.06101915
-0.01999729
0.1056458
-0.08053537
0.004050011
0.09818804
0.03124208
0.01199971
0.07508051
-0.02002459
-0.07145216
-0.07450208
-0.06288133
0.06039246
-0.01881646
-0.01963369
0.03451331
-0.09407802
0.09801725
-0.05711709
-0.001653719
-0.07972451
0.08336346
0.01761829
0.08628459
-0.09398984
0.07480484
-0.01593193
-0.06261332
-0.05273375
-0.1079964
-0.01207658
-0.04489538
-0.03662475
0.06789261
0.02384663
-0.007703449
0.01417723
-0.02585144
-0.07075352
0.1073292
-0.08272517
0.08795673
0.06827068
0.09214775
-0.04414751
0.07849388
-0.02886593
0.0801548
0.01790912
-0.05190589
-0.1046581
0.1024036
-0.09528484
0.01932231
0.003229709
0.07459768
-0.0786989
0.07653943
-0.06549993
0.04713222
-0.03577198
-0.05483874
0.05324984
-0.0837631
-0.05955613
-0.04842934
-0.03930338
0.0692041
-0.002757747
-0.1020645
-0.0277792
0.08107123
-0.07549518
-0.05544568
-0.009871198
0.03543494
-0.006183049
0.0827356
0.07826206
0.09768187
-0.01522489
-0.06491336
-0.02096538
-0.02669443
-0.0989542
-0.08445666
-0.01411848
-0.1019029
-0.0632953
-0.09350579
0.04256329
-0.005187781
-0.005366405
-0.08176071
0.1079971
-0.05756118
0.008427002
0.04123966
-0.02089829
0.07783529
0.09780969
-0.01077692
0.0764609
-0.01418361
-0.08654629
0.09582704
-0.08798742
-0.08580536
0.02778038
0.05309159
-0.003867886
-0.05739223
0.008188868
0.04825782
0.0062935
0.09131414
-0.1004106
0.03998422
-0.01262258
-0.01104811
-0.05282664
-0.02821271
0.1079872
-0.03350109
-0.09541025
0.07336703
0.009272028
-0.007371779
-0.1036025
0.06249569
0.02325427
-0.04562194
-0.0541204
