0.07281176
0.009458204
0.06640269
-0.02758678
-0.01618678
0.04650155
-0.07423606
0.00842862
0.01326242
0.00371203
0.1021683
-0.06012696
-0.06380894
-0.0666353
-0.02963089
-0.002830047
0.02118373
0.08705586
-0.08959106
0.0677361
-0.008367883
-0.08753456
-0.07898317
-0.06211487
-0.0547005
-0.0550614
-0.004205667
-0.1001875
0.04830239
0.07923449
-0.06929924
0.1032133
-0.03625175
-0.1031908
0.007492533
-0.03684347
-0.05378111
-0.09288475
-0.08971792
0.003021032
0.01966533
0.05469448
0.002277885
0.01216465
-0.04730168
0.06077766
-0.01224626
0.07730558
0.03972078
0.007002719
-0.1029346
0.04573269
0.09752515
-0.05602547
-0.08411688
-0.1001038
-0.08036149
0.1013071
0.003597791
0.02001874
0.05094031
0.0067865
0.09703053
-0.02571442
0.01414522
-0.0855092
0.02822134
-0.02836722
0.04548147
0.04711404
-0.09553189
0.08513746
0.09342723
0.07697233
-0.06790072
-0.04047266
-0.01657517
-0.02107143
-0.08657248
-0.04840162
-0.02669626
0.1068677
-0.01575455
-0.04993838
-0.09900195
-0.1054627
-0.1049167
-0.08662857
0.02952654
-0.0978592
0.08875927
-0.0226795
-0.04401712
0.0002299987
-0.01333813
-0.0954795
0.08488896
0.1063311
-0.07798112
0.04409294
0.03976823
0.09346924
-0.04676509
-0.01046921
0.08153012
-0.065422
0.01566979
-0.02142568
-0.01903746
-0.06735874
0.04282856
0.04402859
0.08470489
-0.07320191
-0.05072235
-0.01739516
0.09778319
0.04729949
-0.08028108
0.08975629
-0.0681591
-0.04509351
0.02761286
-0.0943124
0.07352108
0.08403733
0.09685679
-0.03163011
-0.0137793
0.05969359
0.05281115
0.05696666
0.01098743
0.06136934
0.07404502
0.004070331
-0.004958484
-0.01301421
0.04637226
0.0546736
0.06654596
0.0930794
-0.008269654
0.1030133
0.01542019
-0.03219088
-0.07972269
0.004766865
-0.09119091
0.01650177
0.1029078
0.09681004
-0.08628286
-0.0167564
0.0356048
0.06694956
0.07828797
0.05777843
0.07413629
0.05547086
0.01452644
0.02168843
-0.08169661
-0.03585195
0.1020242
0.002466579
-0.0388808
0.01146714
-0.03371901
0.03150029
0.01891007
-0.01963369
-0.05140712
-0.07840905
0.04622861
-0.01006768
0.07483518
-0.09982426
-0.04329195
-0.09084471
-0.064548
-0.08302834
-0.0638368
0.09513876
-0.04993792
-0.07496174
0.0337206
-0.01829152
0.02269339
-0.07766673
0.06452206
0.0597225
-0.07240879
-0.0553347
0.06830423
0.08326425
-0.02012885
0.01803764
-0.03994132
0.04989398
0.005555141
0.04234914
-0.009280712
-0.02565078
0.08244516
0.033439
-0.001064876
0.07245521
0.05670274
0.1055207
0.02446936
-0.0780769
0.03326695
0.04952402
-0.009030626
-0.05290749
0.08168025
0.04140636
-0.04596465
0.04235739
0.01513681
0.0874953
-0.09068992
-0.07529475
0.05508916
0.03044729
0.1024512
0.05101472
-0.09627005
0.02013715
0.07980308
-0.01980574
0.09164795
0.03513683
0.01658881
0.07285572
-0.09166183
-0.07155912
-0.06635631
-0.001043764
-0.04228306
-0.02576692
0.02575602
-0.07763816
-0.04787331
-0.04554142
-0.01536919
0.08901694
0.01919997
0.025964
0.02097787
-0.1050075
-0.05859506
-0.1047778
-0.08889069
0.04218601
