-0.0596104
0.06666108
0.02440006
-0.105166
0.055502
-0.05500862
0.01871242
-0.02137992
-0.07441906
0.04297407
0.07064667
-0.08530308
-0.05721049
0.03395615
0.04485621
-0.0447694
-0.04968882
-0.03696181
-0.005685365
-0.05042368
0.01851403
0.08577992
0.08469646
-0.0444964
-0.05875084
0.08496201
0.01106501
-0.02688565
-0.0277814
0.08770581
-0.0661056
-0.04721813
0.03241635
0.003881318
0.08009145
-0.001051881
0.02882908
-0.01302549
0.07083287
-0.03333085
-0.01498114
-0.0890469
0.0226285
-0.0428014
-0.006184529
-0.03426776
0.03499301
-0.1000675
0.08115266
0.01931582
0.07289471
0.0404885
-0.06353113
-0.09767298
-0.01906136
-0.03281863
-0.1075767
-0.07423274
0.05645289
-0.04853236
0.0421418
-0.068657
-0.01755886
0.08460777
-0.03309471
0.1055749
-0.005311865
-0.007221112
0.07330886
0.0481335
0.092398
0.007760602
0.05855382
0.05947132
0.0554794
0.02483631
0.07272086
-0.04841677
-0.006987029
-0.03414164
0.00226634
0.08753945
0.009686413
-0.02491473
0.1024979
-0.106863
-0.05583641
-0.07348139
0.003756192
0.06297661
-0.03593068
-0.04626286
-0.05565473
0.09945073
0.08615578
0.1000994
0.05447228
-0.007441369
-0.1081305
-0.04019162
-0.07563616
0.1048617
0.08400716
0.07607912
0.07513671
-0.04394663
0.0886758
-0.04346482
0.05416708
0.01609014
0.03883052
-0.06037248
-0.02432274
0.08423537
-0.09307159
-0.04000547
-0.09043241
0.005148239
-0.02005438
-0.05227409
-0.1064436
-0.007793574
-0.07660839
-0.05964337
-0.1004897
0.09581255
-0.03595692
0.07809452
-0.1081855
-0.05120979
-0.1004631
0.06235032
0.008782789
-0.02847901
-0.09819817
0.002118125
0.08681903
0.01583584
-0.1075366
-0.09988335
-0.04427737
0.08827798
-0.06776507
-0.02427192
-0.007649244
0.042065
-0.05477937
0.07265335
-0.02149151
0.01688828
-0.074899
-0.01695343
0.01528905
0.001252381
0.07542351
0.05884604
0.08970911
0.003095568
-0.0003974256
-0.02939126
0.03789429
-0.04655392
-0.0282131
-0.001433365
0.02786052
-0.002757219
0.001955551
0.04611508
0.002981509
0.09168831
-0.07813749
0.08628459
0.08702806
0.02702286
0.08540226
0.04633072
0.1019898
-0.02595685
0.06389681
-0.03052977
0.06707954
0.06230837
-0.1027927
-0.0589266
0.1017121
0.03547898
-0.05880551
-0.08062559
0.0506199
0.03271221
-0.0345399
-0.06478218
0.008884406
0.0108364
-0.03860723
-0.0960938
0.0292825
0.04144957
-0.07171647
0.007507517
0.1036206
-0.03908477
-0.08729961
-0.05594849
-0.01724143
-0.05404814
-0.05723802
0.0644544
0.07099602
0.02138798
-0.07557881
0.002069134
-0.06947928
0.00163144
0.05155868
-0.03850452
0.07166926
0.03315847
0.03849285
0.1038462
-0.1004006
-0.03687348
-0.07866564
-0.03392293
-0.09954165
-0.05355154
0.01854776
0.0247596
0.09475086
0.01680605
-0.04589868
-0.1080886
0.05181108
-0.07773798
0.0787839
-0.08787651
0.01339444
-0.1011018
0.04763642
-0.04300113
0.1015697
0.07426091
-0.09066724
0.01832618
-0.02677158
-0.06285709
-0.00727511
-0.04498206
0.01946934
-0.003467004
0.08682691
-0.05138915
0.04025862
0.0976969
-0.04145169
-0.04070406
