0.02314941
-0.01965233
0.03737575
-0.06807189
-0.09519055
-0.09787133
0.07377306
0.05616671
-0.05524568
-0.1070581
0.0421182
-0.006016697
-0.004934392
0.08167221
-0.03292811
-0.101448
0.02044391
-0.07412927
-0.07697432
-0.02234449
0.032467
-0.06499035
0.04448155
0.007713507
-0.05070557
-0.07425226
-0.1030036
-0.08953876
-0.01319203
-0.06824425
0.0152007
0.05613152
-0.08297313
-0.003293824
-0.1013003
-0.03675377
0.02336185
-0.08648274
-0.04593481
-0.05067699
-0.07476842
-0.03848628
-0.06612372
0.0118123
-0.02023134
0.1019912
-0.03449717
-0.04476244
-0.006552918
0.02773203
0.009799167
0.01419526
-0.09727483
-0.03353163
0.1063982
0.02496331
-0.08547281
-0.1006908
-0.03504403
0.03718846
0.05456602
-0.102919
0.01087981
-0.01687249
0.06296286
0.00286607
0.05780251
-0.09723619
-0.099628
-0.1065528
-0.102108
-0.09811802
-0.05201958
-0.08688466
-0.09051041
0.03181292
0.05693768
0.02605412
-0.0640738
-0.04862174
0.1046169
-0.06298675
0.100433
0.01706045
-0.1081083
-0.0577912
0.02949394
0.09200806
0.07565162
0.09305872
0.06469227
0.02744449
-0.04077815
0.06716592
0.07719038
-0.09022635
-0.02214096
-0.01725402
0.0834839
0.02599717
-0.06347254
-0.009883182
0.08982274
0.005258599
0.01759546
-0.02723183
0.001483468
0.06441435
-0.09955954
-0.07800866
-0.02766033
0.07447099
-0.08408235
-0.09818872
-0.008133584
0.10063
-0.06837385
0.07648054
0.04725378
0.08767834
-0.09105171
0.02958539
-0.02272985
-0.02671041
0.1017418
0.04755237
0.06725986
-0.05698289
-0.01532974
0.03079017
-0.09127249
0.02830997
4.063508e-05
-0.09776747
-0.0002642847
-0.01270576
0.06600064
0.08326425
-0.02968602
0.07312249
-0.06484997
-0.04609688
-0.03890841
0.07573907
0.009462582
0.03359799
-0.0960938
0.05102568
0.0804204
-0.05423893
0.08095679
-0.06016934
-0.03576808
-0.08898544
0.09792246
-0.1081955
-0.09921589
0.02354103
-0.03778261
-0.04906358
-0.05253021
-0.04368914
0.06413262
-0.06250753
-0.001718019
-0.1058753
-0.03193688
-0.01568277
0.1043206
-0.03353189
0.06173822
-0.06513472
-0.04731072
-0.09584485
-0.0006364139
-0.008506298
0.006965801
0.008773474
0.0955062
-0.05086818
-0.01675774
-0.05998472
-0.04481668
-0.009153948
-0.1052505
0.05609587
-0.04002371
-0.1060048
-0.04127377
-0.05823817
-0.06575215
-0.09766302
-0.1033083
0.01874046
0.06617824
0.04604559
0.04019936
0.1075281
0.01368504
0.06999361
-0.08043863
-0.01166761
-0.03935279
-0.09657715
-0.007969833
-0.07777445
0.01998012
-0.0567775
-0.07983391
0.05896387
-0.1077068
-0.07898832
0.000746714
-0.01162707
-0.03409004
0.01087657
-0.0173316
0.1012744
-0.02636475
0.03169698
-0.09673429
-0.04151658
-0.08700341
-0.06586456
-0.07400975
-0.07745875
-0.04307133
-0.05145452
-0.05909633
0.03435826
-0.09339916
-0.009834623
-0.01187887
0.008729701
-0.08541027
0.008158815
0.07540908
0.02692509
0.01723187
0.08065958
-0.0119458
-0.07618036
-0.06576751
-0.03331687
0.1072108
-0.09867007
-0.003288487
0.03905924
0.04532167
-0.04818925
0.09394792
-0.004025594
-0.03864444
-0.02919611
-0.01521592
-0.02961978
