0.04426488
0.04640568
0.09756124
0.03014308
-0.07035933
0.07680527
0.04076089
-0.04647053
0.04643925
0.06523035
-0.05252846
-0.05917998
-0.05122379
0.04561919
0.07410602
-0.08170081
0.04439229
-0.0746313
0.04507963
-0.1000371
0.08627909
-0.05688358
0.01004733
0.06494363
0.0870842
0.08033611
0.02121703
-0.04034396
-0.098065
-0.01945533
-0.08113682
-0.06895954
0.06951741
-0.1075484
-0.09766479
0.05855518
-0.04301684
0.02613494
-0.08230268
0.07985751
0.08676767
-0.04256581
-0.0178435
0.03529556
-0.0813106
0.1041712
-0.04331385
0.009076617
-0.1054261
0.07471732
-0.02411031
0.004541522
-0.08272327
0.07001863
0.07907856
0.07319422
0.02546778
-0.03946954
0.1079996
0.01710812
0.04298085
0.1056672
0.01288883
-0.01939824
-0.1053757
0.1047686
0.01577976
-0.04023686
0.05088483
-0.06604361
-0.04559611
-0.03769669
0.04061871
0.05738987
0.0291065
-0.08670993
0.03636954
-0.03474852
0.06365827
-0.02575364
-0.04893403
0.08111785
0.1055022
0.100583
0.04786085
0.01383491
0.008455636
0.005050131
-0.0214596
-0.07373513
0.07784965
-0.1080572
0.01505428
0.06514966
-0.09964908
-0.02728969
0.03509893
-0.02378705
0.01674831
-0.04366788
0.05111712
0.09218601
0.103537
-0.1026991
0.0893592
-0.02154423
0.03095727
0.06887396
0.004763837
-0.1060367
0.1081086
0.06567681
0.04518574
0.03180238
0.006120855
-0.03114093
0.0464102
0.09788083
0.06115424
0.0802912
0.1076834
0.08777686
0.007900822
0.09422902
0.0845535
0.0158032
0.007866723
0.005923211
0.04488776
-0.1068695
-0.1055199
0.0523067
-0.01831468
0.03062117
-0.0200869
0.1077507
-0.01669385
-0.08718332
0.01049686
-0.03195296
-0.04467792
0.05517424
-0.03193235
-0.08681257
-0.03749347
0.06041871
-0.08704013
-0.0374374
0.05903193
-0.04174158
-0.06712917
0.09221497
0.0148825
-0.06350155
-0.06480421
-0.03981768
0.08328792
0.04762217
0.005594781
-0.09460645
-0.09644204
-0.01315632
0.01130556
-0.1016302
0.0375136
0.05171048
0.09565004
0.02982801
-0.01818596
-0.05363659
-0.00170752
0.08512395
0.03236933
0.09961442
0.03799688
0.06269616
-0.02050973
-0.03239675
-0.04273803
0.06837901
0.004689477
-0.06472857
-0.0215033
-0.05667995
-0.02205561
0.04728867
-0.01814579
0.0252817
-0.06486689
-0.09932022
0.01227106
-0.09643006
-0.01498938
-0.01648308
0.004155007
-0.09105171
0.07110959
-0.04910962
-0.001441543
-0.08628286
-0.02696758
-0.05880887
-0.003272826
-0.003382761
-0.006074782
0.0982143
0.05958297
-0.07519892
0.007781064
0.04830896
-0.08975219
-0.0821785
0.00840421
0.04439476
-0.0286214
-0.08734867
0.02872921
0.00236652
-0.06915134
0.05798738
-0.03886199
-0.08787686
0.08699374
0.04441746
-0.03042145
-0.006556729
-0.06584012
0.07978229
0.08656036
0.1013584
0.06265622
0.06501371
-0.1079995
0.003343207
-0.05595285
-0.107879
-0.02497144
-0.09035918
0.002254982
0.005869022
0.08527291
-0.01470679
0.009942293
0.01942472
0.09313473
-0.07715268
-0.103356
-0.07253741
0.08819115
0.1050312
-0.05420726
0.09885067
0.04722577
0.09356371
-0.05652804
0.02938323
