-0.03945954
0.04922878
-0.05420862
-0.05922601
0.04540087
0.1071932
0.08465881
0.08799119
-0.06145649
0.0106746
-0.03802044
0.07397435
-0.06978342
-0.04952011
0.1027471
0.1018719
-0.07281552
-0.03271997
0.05342444
-0.04365605
0.02353495
0.07838628
-0.04653422
0.04992842
-0.04962433
0.06091623
0.09529436
-0.0357681
0.07368877
-0.07041188
-0.02169647
-0.1058859
0.105558
-0.04621944
-0.08415899
0.09593263
-0.08588127
-0.09247104
0.03068051
-0.06187792
0.04295783
-0.07886305
-0.04936859
-0.003019151
-0.1060681
-0.1042101
-0.05584789
-0.05232663
-0.001219352
-0.07850448
-0.09719332
0.09246617
0.02011391
0.09585081
0.07869292
0.03099829
0.02023076
0.08974194
-0.08689792
0.07675584
0.01277623
-0.02235833
-0.07221054
-0.09190694
0.08879586
-0.004559251
-0.01166918
-0.04073535
-0.02222142
-0.02326736
-0.02850165
-0.07458997
-0.05674175
-0.08076981
0.01545579
-0.06868452
-0.02134652
-0.06784156
0.08502865
-0.007878031
0.02364641
-0.01026618
0.002783834
0.0690932
-0.08816842
0.05722221
0.02858222
-0.03610652
0.001570308
0.08857027
0.06359798
-0.0310184
0.06659549
-0.04785068
0.05840551
0.05480345
-0.02624717
-0.0008466839
0.01982339
0.05179
-0.09907749
-0.04431535
-0.06284682
-0.005803369
0.0285358
0.09422842
-0.02506773
-0.07106738
0.02379472
-0.1079691
-0.1049576
-0.01520951
0.01797101
-0.05987835
-0.04452598
-0.095408
-0.02502569
-0.09416708
0.05210515
-0.1075927
-0.03763064
0.03807932
-0.0908215
0.04782737
0.09572676
0.01203316
-0.02614233
-0.1008813
0.02067191
-0.02835689
0.1037044
-0.02040499
0.004433712
-0.03935996
0.103239
0.01206664
-0.02861623
-0.01882552
-0.002140578
-0.1032988
-0.06320663
0.08720599
-0.05611748
-0.08752395
-0.06528285
0.07534941
0.06251407
0.04977748
-0.07176095
-0.05366814
-0.05046396
-0.04876325
0.09603312
-0.1018364
0.07917017
-0.01927233
0.09049981
-0.04582887
-0.01272883
-0.06163323
-0.06450449
-0.07335834
0.02828381
-0.0746656
0.03311178
0.1069504
0.07019442
-0.02518123
-0.04107368
0.02746467
0.03581749
0.03998422
0.009976639
-0.09440839
0.08184963
-0.0401187
-0.07437821
0.03470681
-0.05706881
-0.02324718
-0.07909286
0.01329452
0.1040141
0.06133339
0.09520245
0.01635542
0.04176174
-0.02505077
-0.03413856
-0.01132852
0.03835892
0.09446597
0.07118356
0.07542443
0.02499826
-0.0119458
0.0619856
-0.01050696
-0.02184961
0.103377
0.07763739
0.002197747
-0.05616928
-0.07546052
-0.05800504
-0.03790463
0.06586558
-0.03384463
-0.09129937
-0.07403319
-0.09734251
0.02857099
-0.03938742
0.08721188
-0.0599625
0.09895669
-0.05636316
-0.06992637
0.002334521
0.0731178
0.083366
0.105515
-0.03328629
0.0928928
0.00180422
-0.06316043
0.01029568
0.0640903
-0.02887152
0.06769849
-0.0849243
0.07954587
0.04606104
-0.07083175
-0.02663862
0.0481477
-0.08685589
0.04429406
-0.0882686
-0.01802726
0.09257429
-0.03566646
0.02026855
-0.07073185
-0.03590883
-0.05719503
0.05511287
0.06987193
-0.05204402
-0.0904125
0.1048965
0.09925123
-0.03154845
-0.00135257
0.05509662
0.0550095
