-0.09793139
-0.06205491
-0.005209361
-0.09786342
0.04259572
0.06567317
-0.006678623
-0.02209408
0.02083325
0.02376515
-0.07766467
0.05800926
0.06320749
-0.1000085
0.05463636
-0.02487172
-0.01774344
-0.02915631
-0.0393241
-0.01089947
-0.1064116
-0.02255909
0.003072719
0.07054592
-0.05448049
-0.1065223
-0.04784966
-0.09761648
-0.09281075
-0.0887292
0.02578812
0.03848987
-0.04208817
0.09147038
-0.1058583
-0.07014018
0.06516594
0.07625949
0.06768252
0.07107822
0.1044281
-0.04094813
-0.05853291
-0.001853399
0.04449883
-0.01628923
-0.07743949
0.006968811
0.0904237
-0.08477607
-0.05902202
0.08917851
-0.1024069
0.042969
-0.07119805
0.01823015
0.07883488
0.07192241
-0.02679973
0.02622464
-0.04417703
-0.004087852
0.003769387
-0.0737353
-0.002798501
0.0740245
0.03543671
-0.02264908
-0.07896445
-0.02173503
-0.06253938
-0.03956658
0.07211733
0.009161913
-0.07368011
-0.07942619
0.05521528
0.02930843
0.04311438
0.1023955
-0.01873335
-0.057411
-0.07345012
-0.07862005
-0.08061892
0.02253141
0.1007196
-0.06990821
-0.09588321
0.04310295
-0.08343306
-0.05101731
-0.1050261
-0.09003333
-0.02507163
0.08334789
0.09380118
-0.06801193
0.0005603274
-0.07926612
-0.03477396
0.01802647
-0.06225362
-0.0295725
0.06700331
-0.1001871
0.1027875
0.07003015
-0.04297985
0.01629347
-0.001982505
-0.02103192
-0.1077528
-0.03794497
-0.0301008
0.04508038
0.09558212
-0.0541494
0.0179196
0.05669332
0.1008059
0.05223235
-0.1072008
-0.04844277
-0.08262949
-0.07955186
-0.02572935
0.04784684
0.01613387
0.08971229
0.03642356
-0.01386887
0.1057048
-0.05774677
-0.0591748
-0.01758929
-0.06580079
-0.07834405
-0.0525393
-0.04616813
-0.01904925
-0.06387004
-0.03474382
0.0007415058
0.0910963
0.09193877
-0.01534689
-0.01955784
0.1073736
0.1001819
0.06922541
0.03434625
-0.1050259
-0.02485178
-0.02263698
-0.08968759
0.1075246
-0.02121627
-0.01550426
0.0879109
0.1014596
0.04949814
0.003135209
0.001250583
0.07650749
-0.01918993
0.01547265
-0.05353441
-0.09762847
-0.02405971
0.02466509
0.07902394
0.01201916
-0.05491359
0.02835682
0.0004893427
-0.07914118
-0.06164812
-0.0669613
0.01287039
0.05584911
0.03513931
0.04563504
0.009778974
0.01303847
-0.0377697
0.1009675
-0.08369669
0.03676938
0.08267097
0.05146943
0.09484882
-0.007330122
-0.0479301
-0.004661327
0.0834839
0.05303358
-0.03470172
-0.09456103
0.02978832
0.09461986
0.0586311
0.08612435
0.04476107
-0.08573044
-0.03722213
0.01407478
-0.05945373
0.0104611
-0.07067081
0.04289042
0.06637988
-0.07566667
0.04109948
0.04203864
-0.01687757
-0.04348038
-0.07670578
-0.006102109
-0.04290972
0.02827348
-0.09643527
-0.1050908
0.08910941
-0.04148057
-0.01159206
-0.02343882
-0.05656011
0.08915149
0.04528989
-0.07994129
0.05197243
0.07418945
-0.1062086
0.08483537
0.03759709
0.08237674
0.01274495
0.05471377
-0.06565637
0.09880521
-0.1036065
-0.0896367
0.01364197
-0.1021648
0.01896
0.08059989
0.08658437
0.02163901
0.08827109
0.0516942
0.04086033
0.0552643
0.06267153
0.06761229
0.03354594
