0.02888914
0.09056028
-0.06265307
-0.07409439
0.05934467
-0.05906238
0.01238805
0.07785485
-0.1026179
0.09674148
-0.0141421
0.03286332
0.08459898
0.05236688
0.1079904
-0.05062717
-0.1063299
0.09318994
0.057737
0.01847449
0.02162356
-0.05176406
0.01423875
0.05083863
0.09842105
-0.06428186
0.03315662
0.02729655
-0.0421763
0.01397735
0.02079724
-0.01444132
-0.0007768414
-0.05323808
0.002205436
0.0663273
-0.04672379
-0.03708872
-0.006225489
-0.08799116
0.02985232
0.102846
0.04966415
-0.02142405
0.03992505
0.1027814
-0.08264549
0.000904271
-0.01652359
-0.0211254
0.02827993
0.02281104
0.007610708
0.09920741
-0.03196171
-0.05389092
-0.03274195
-0.02168559
0.04929859
-0.05932584
0.04923671
0.07345729
0.0008423694
-0.008161941
-0.07207173
0.04834841
-0.0588613
-0.09253973
-0.05441732
0.03231697
-0.09177816
-0.02211546
0.05209702
0.05169599
-0.06344333
0.0652388
0.01483491
0.02125312
0.01747854
-0.03065631
-0.01139297
0.1020749
-0.09744179
-0.06323712
0.1017135
0.0001692529
0.02772306
0.03021293
0.04343983
-0.02277029
0.05669414
-0.08813337
-0.07696987
-0.03361626
-0.001916518
0.06820844
-0.0615356
-0.07748626
-0.04348038
0.06209707
0.04175802
0.05664983
0.1080938
0.1011633
0.0161817
-0.05138299
0.00982239
-0.02867405
0.1059534
-0.03005417
0.08613805
-0.0706894
-0.02964513
-0.01801639
-0.07836148
-0.05103886
0.05868488
0.006693297
0.09029797
0.09098811
0.02872921
0.07648977
-0.05914797
-0.0005099754
-0.06789021
0.02127054
0.04309049
0.07809228
-0.02016559
0.002316221
-0.01336065
0.05671831
0.08174532
0.07075898
-0.06495631
-0.0949349
0.09519596
0.08168025
0.01824693
0.07677476
0.0780711
0.01858052
-0.08612556
-0.07411578
-0.06091963
0.04371708
0.07166926
-0.07813682
0.006845761
0.05121049
-0.07691753
-0.02526681
0.004736389
0.002055102
0.02460428
0.02179559
0.03322448
-0.05943609
0.09906383
-0.07015148
0.01605078
-0.08905589
-0.03482249
0.05721073
-0.09385359
0.08178224
0.0783825
-0.0491817
-0.02679324
0.03112305
0.06153366
0.06909652
0.1061007
-0.01560412
0.0870003
0.04923202
-0.01812883
-0.06787851
0.03587828
0.02010434
0.02192831
-0.06446523
0.06068074
-0.06353728
-0.05634429
0.04861728
0.01850897
0.05223145
0.09239526
0.09936676
0.05727804
-0.07932722
-0.01730002
-0.02656046
0.07481638
0.04861204
0.003716267
-0.07638577
0.01343194
0.01575702
-0.01895394
-0.05668363
-0.1079089
0.04553619
-0.08358526
0.0449818
-0.1046596
-0.01472497
-0.01314167
-0.002980704
0.06094009
0.06630989
-0.06160858
0.01587683
0.08375707
-0.0301471
0.04091422
-0.01436127
-0.05129141
0.04856902
-0.07134215
-0.03760362
-0.02964669
0.03727905
-0.02005613
0.05051507
-0.1003919
-0.1025137
-0.01904903
0.07812041
-0.06481908
0.07733411
0.07236994
0.1063552
0.1005867
0.0966663
0.02159613
-0.06189014
0.06120714
-0.1068147
-0.05636316
-0.003298095
0.05094138
-0.042369
0.0561821
-0.0808254
0.04859461
-0.03175684
0.009961821
0.007967022
-0.06437851
0.0651291
-0.05082971
-0.1048533
-0.0561206
0.1057329
