0.07098876
0.03054951
-0.06687216
0.01724253
0.07321078
-0.07565027
0.06055325
0.03788207
-0.0195299
-0.005261821
0.02076846
0.08428667
0.007333715
-0.08310613
-0.1053227
-0.0112188
0.08201579
0.0818546
-0.09709232
0.05888603
0.07301079
0.05507042
-0.01799684
-0.06472058
-0.02930664
-0.03529083
0.09847784
-0.0945593
0.07197962
-0.0101447
-0.07542909
0.0455411
0.05792953
0.1016532
0.102679
-0.1067769
0.05436782
-0.06684589
-0.03849736
0.01887951
-0.05760634
-0.0008767116
-0.0569158
0.04749329
-0.01156901
-0.006620737
-0.04386662
-0.01868135
-0.1056849
0.07048355
-0.04196061
-0.04709641
0.01250666
0.05323355
0.09798715
0.06414829
-0.08293523
0.005690067
0.09571888
0.02907579
0.07311557
-0.02214709
-0.03215456
-0.06388511
0.0969753
0.07782476
-0.01238482
-0.06844787
0.01798419
-0.004675542
-0.02383668
0.002785881
0.02365236
0.03440638
-0.03906562
-6.246371e-05
0.09277426
-0.07667314
0.05931758
0.02111825
-0.03051294
-0.008730491
0.02372795
-0.01329857
-0.1032685
0.01017095
0.0655462
0.01213975
-0.02196752
0.04493845
0.03713731
0.03240109
-0.0917232
-0.07345413
0.0113106
0.06563632
-0.09467184
-0.03703057
0.05081284
0.04796652
-0.05794101
0.01340387
0.06764519
-0.08343615
0.08519556
0.07942217
0.0218521
0.06146258
0.04048079
0.06064066
0.02433136
-0.07205594
0.04873563
-0.06580528
0.02275829
0.07855076
-0.0638487
-0.00547458
0.07918137
-0.05744262
0.09481529
-0.03413413
-0.09096838
0.07641518
0.06317644
0.01680923
-0.07380767
0.05014809
0.02910129
0.06256501
0.03076318
0.07071987
-0.09976783
0.05970775
0.07160058
-0.03076838
-0.0751895
-0.1019396
-0.08711793
-0.04209635
0.1018921
0.07827128
-0.0971666
-0.02700354
-0.06850386
0.05773285
-0.105534
0.06549254
0.09275498
0.07222974
-0.08840004
0.05481721
-0.00562286
-0.04644361
-0.01552048
-0.01665631
-0.0060052
0.01965902
0.01465708
-0.03396077
-0.01823965
0.1008793
0.06315313
0.1071511
-0.103115
-0.09734514
-0.002814636
0.06223665
-0.06128276
-0.04377287
0.1035711
-0.04414751
-0.1008036
-0.03804698
-0.02891919
0.0185336
-0.07137117
-0.09502831
-0.08096897
0.04133116
-0.01664308
0.04847381
0.03072279
0.02667039
-0.07854965
-0.03232304
0.08808467
-0.09249094
-0.04735585
0.1010012
0.006367909
0.0255938
-0.024607
-0.08218571
0.02384483
-0.01568277
0.05573561
-0.1021158
0.1067694
-0.04385879
-0.07687234
0.1004831
0.0003431184
0.1034285
0.07509507
0.1075733
0.03404768
-0.01082026
-0.05845779
-0.05963283
0.09450094
0.01777894
0.03763703
0.04416372
0.03456038
0.1046983
-0.0491817
-0.08755123
0.02311692
-0.05727747
0.08361882
-0.07795291
0.08702747
-0.1028939
0.003115508
-0.001385401
0.08040854
-0.03635673
0.08297876
-0.07198454
-0.06391276
-0.07857063
-0.004703345
0.0845256
-0.07859956
0.1054484
0.05606233
0.09948043
-0.1010916
-0.001629507
-0.06048679
-0.04937823
0.06996444
-0.08743676
-0.09939336
-0.0665504
0.03742424
0.02482861
0.001365518
0.05083527
0.03232391
0.05444442
0.04761523
-0.09386027
0.09482659
-0.05939984
