0.053139
-0.03330852
-0.04972975
-0.05660818
0.07500558
0.01421153
-0.05772743
-0.04919558
0.08466671
0.002726182
0.06642025
0.08742476
0.04330645
-0.001776064
-0.0192141
-0.001512425
0.01447827
0.07002743
0.002875833
-0.06391425
-0.00259225
-0.1005285
-0.1015728
0.0195164
-0.06332494
0.02330854
-0.08627217
-0.05667588
0.07294641
0.08969215
-0.08343982
-0.0702738
0.09256413
0.08442201
0.1047291
0.04191762
0.05004309
0.0940042
0.04711558
-0.005108922
0.0193421
0.0462974
-0.0841454
0.06816241
-0.003826763
0.0397408
0.08519543
0.04151306
-0.1061641
-0.0427435
0.01027498
0.02560614
0.00758217
-0.1036264
0.007863569
-0.1042309
0.06979614
0.05439828
-0.006305686
0.05851653
0.01712423
-0.03910303
-0.02938118
-0.0720392
-0.02903428
0.07822803
-0.09859071
0.1000328
-0.1044503
-0.002627389
-0.02555313
0.04039118
0.01241709
0.08410365
0.01503137
0.04484652
0.001405051
0.03196499
-0.0661713
-0.005341659
-0.08678643
0.09765784
-0.02868934
0.07725792
0.1037273
-0.04174872
0.07312926
-0.0982631
0.07978051
-0.03558957
-0.04302002
0.08559348
0.004200309
-0.05184493
0.09545749
0.06662746
-0.0863844
0.1052014
-0.08316942
0.005167641
-0.08589976
-0.08960317
0.01245911
0.09056644
-0.09500617
0.08216707
-0.001841143
-0.0343352
0.06997518
0.09671683
0.03237292
0.1034493
0.001247828
0.08758965
0.009650306
0.06912815
0.08053602
0.06953923
0.06076464
0.08296908
-0.101418
0.1043842
0.08190193
0.03199437
0.04471033
0.09715606
-0.01470217
0.08902705
0.1046072
-0.01277864
-0.05417911
0.02803672
0.02130619
-0.1060736
0.007886623
0.00418835
0.09137578
-0.0702244
0.02099314
-0.1069502
0.06689693
0.01863175
-0.04695747
-0.05826499
-0.0873001
0.006888137
-0.07845412
0.05786984
-0.09821305
-0.105576
0.07032367
0.07246244
-0.07047682
0.06240123
-0.04171452
0.09342697
0.0824389
-0.06389029
0.008519248
0.04983675
0.0650794
0.07576939
-0.006320724
0.07889145
0.02906504
-0.06044976
-0.07791248
-0.07687881
0.05934272
0.0002359777
-0.03661646
0.07159232
0.04985465
-0.1006724
0.06437526
0.0556646
0.04184125
-2.880114e-05
-0.06608483
0.03567974
-0.0727991
-0.02407425
-0.07510703
-0.09683844
0.04164035
-0.09345497
0.01537528
0.09736987
-0.08469073
0.01436727
-0.07965364
-0.08416591
0.06568093
0.0856373
-0.04544369
0.01419526
-0.10396
-0.04224836
0.08857378
0.02025528
0.01765441
0.07949772
0.07237568
-0.07697457
-0.0967673
0.08173637
-0.0173623
-0.0763725
-0.05941685
-0.04169664
0.05699784
-0.0403659
-0.1038475
0.07145708
0.1064724
0.1037659
0.02281104
0.01711057
-0.03041804
0.08059756
0.07013516
-0.04853975
-0.005412741
-0.09377868
-0.1058075
0.07359762
-0.08723442
0.000966694
0.07254129
0.03312961
0.02600204
0.03805704
0.07128273
-0.01334517
-0.09651392
-0.06043563
0.08263133
0.01402016
-0.06650965
-0.09134215
-0.06715512
0.1007537
-0.02618492
0.05014688
-0.08175723
0.02411067
-0.05690697
0.06079154
-0.04156027
-0.04481338
0.08362666
-0.03716622
-0.07982716
0.006068847
-0.06208957
0.08783996
