0.005851526
0.131138
-0.1184359
0.1005849
0.1330236
0.03275314
-0.05484341
-0.1150118
0.02592448
-0.1479566
-0.04998159
0.0286701
-0.08801083
0.03123519
0.05352842
-0.02429974
0.09171364
0.1408053
-0.04836024
-0.1506566
0.06317589
-0.1112096
0.1133265
0.1093229
0.08432086
-0.08951958
-0.01953634
0.08363507
0.09422784
0.04252674
0.1486548
0.1041706
-0.1253265
-0.06521815
-0.09336199
0.1249103
0.09728878
0.02934041
0.09987386
0.1502184
-0.04264112
-0.1167377
0.03715851
-0.028614
0.05624002
-0.05534821
-0.08075698
0.08799425
0.02271554
-0.1360654
-0.04676783
-0.1425819
0.0168397
0.001790884
0.04023866
0.07253122
0.02782768
-0.1420111
-0.04701256
0.03768925
-0.1447355
0.08810453
0.05192682
-0.1505543
0.06779468
-0.06142393
-0.1437955
-0.109121
-0.1200217
-0.1243398
-0.03082371
-0.03193023
-0.1042087
0.06539439
0.009595063
-0.09843678
0.09054257
0.08077925
0.1515174
-0.1153829
-0.00110184
0.04397533
-0.09563983
-0.04748745
0.130158
-0.1278851
0.05781793
0.09206928
-0.1258837
0.02067417
-0.1364265
-0.01994696
0.006705726
-0.05058137
-0.1060378
0.01147892
-0.1335252
-0.05843418
-0.03842335
0.1459687
-0.0347481
0.05102151
-0.003122568
-0.07199898
-0.005021185
0.03824858
-0.04074999
-0.1284202
0.02393394
0.1209537
0.0746882
-0.1047098
-0.1432255
0.138086
-0.1071148
0.1185228
-0.05003611
-0.1144069
0.1484606
0.01010438
-0.1464034
-0.02164139
-0.02780378
-0.1142377
0.02833816
-0.05197992
-0.008200594
0.1440782
0.0712123
-0.1026019
-0.02298077
-0.09254204
0.07683745
-0.005883161
-0.06537684
0.1144427
-0.02886094
-0.07740393
-0.1431265
0.1171119
-0.09606391
0.1413043
0.01596296
-0.1080193
0.04550121
-0.03125353
-0.1509846
-0.01839691
-0.003487281
-0.06878825
-0.1513501
0.0414543
0.1442804
0.06084561
0.01890887
-0.06971277
-0.1375111
0.03605687
-0.02512165
-0.1150546
0.1262339
-0.1068444
0.1018732
0.08420268
-0.0872601
0.0002986336
-0.04872116
-0.09974343
-0.04431402
0.04323592
0.09528174
0.1444292
-0.1244493
-0.04783725
-0.04276403
0.1351772
-0.05418272
-0.1070351
-0.1149063
0.0977606
-0.0008701145
-0.03819881
0.1515514
-0.1235339
0.07556487
-0.1376864
-0.00114467
0.02896153
-0.04240213
-0.01173052
0.07054082
-0.01295634
-0.05466241
0.1157012
-0.09521157
-0.08002491
-0.09656716
0.127751
-0.0793051
-0.1446445
-0.1000152
0.1226168
0.03595329
0.03936722
-0.02284143
0.1164592
-0.1065902
-0.09892639
0.04992223
0.08950584
-0.002918343
0.04890804
0.04182937
0.1187237
-0.07136546
-0.02921635
0.01641685
-0.03118886
-0.1013966
0.1131806
-0.1207781
0.06379887
0.08425006
-0.1510837
-0.09728537
-0.04329887
-0.1015225
-0.009805417
0.05664045
0.06714942
-0.003779641
-0.1038694
0.1326875
-0.08015148
0.08578939
-0.1374107
-0.003789895
-0.121181
-0.03475991
0.1326223
0.03038697
0.01262195
-0.05986664
-0.05225482
0.02314565
0.05115989
0.01372178
-0.01468987
-0.03496915
-0.00837641
-0.00236958
-0.07755341
-0.06824371
0.076065
-0.07118004
0.01771826
