-0.1257499
-0.04350538
-0.129458
-0.05055817
-0.07518505
-0.06030046
0.1055382
0.1326707
0.1295757
-0.127343
-0.005538474
-0.1287681
-0.1184101
0.05408233
-0.08069471
-0.1237672
0.1513577
-0.01310328
-0.08425418
-0.1184015
0.08279962
0.05784319
0.07247531
-0.06366698
-0.03235179
-0.06863109
-0.09783889
0.1244604
0.03613558
0.1469844
0.07207802
0.03115377
0.08114385
0.07686102
-0.02009019
-0.0930406
-0.1171972
0.08048062
0.03236677
0.08241733
-0.115987
-0.02463394
-0.02654876
0.02175293
-0.02977826
-0.1495923
0.07197134
0.116282
-0.1504249
-0.08724403
0.04893676
0.1190587
0.1182214
-0.03769735
-0.0934103
-0.1179223
0.111484
0.007922457
-0.10189
-0.1272747
0.1183291
-0.09285866
-0.005435604
0.08937982
0.009906584
-0.1090122
0.06016543
-0.1307214
0.01014367
-0.08846528
0.03866049
0.1503006
-0.06034198
-0.006028252
-0.02842762
-0.07768437
-0.1355752
-0.04472964
-0.06118905
0.03632769
-0.1218271
-0.04835429
0.03296613
-0.009871837
-0.03710992
0.1219071
0.1360328
-0.04343092
-0.06018811
0.06317681
-0.01921865
-0.117212
-0.1460974
0.08055356
0.09037432
-0.02686229
0.08842274
-0.01152863
-0.09376169
0.01520317
-0.07137281
0.04792804
0.1225208
0.1026595
-0.10711
0.1136786
0.1130397
-0.1484523
0.02712516
0.06190808
-0.1175304
0.08552916
0.1252484
0.04827098
-0.09490032
-0.1104892
0.1310809
-0.02356855
0.1333799
-0.08639275
-0.08674856
-0.126126
0.0397649
-0.03772992
-0.1073453
-0.08626798
0.07068221
-0.09540254
-0.1109491
0.03883195
-0.140277
0.09340483
0.1509872
0.07323057
0.1235111
-0.04715927
0.1234785
0.04992123
-0.03918413
0.1250193
-0.094479
-0.06634729
0.1485406
-0.001865511
0.1334218
-0.1189693
0.1006988
-0.1165095
-0.07864335
0.03842824
-0.1192564
0.1001815
0.1424791
0.08750176
-0.1058566
0.04015851
0.06316753
-0.06256465
0.05538481
-0.08671623
0.04245817
0.1209118
-0.127639
-0.07812402
-0.02258316
-0.04649094
0.1241847
-0.1402444
0.1504116
-0.1243758
-0.04193616
-0.05999746
0.01622781
0.1327845
0.1466018
0.03791941
0.01612732
0.06063502
-0.09070921
0.01205659
0.1139982
0.01419441
0.0112984
-0.1049465
0.01650662
-0.09975674
0.006853986
-0.1465841
-0.04474867
-0.04474366
0.02405165
-0.01160842
0.01336042
0.05471811
-0.06667067
0.0921635
0.05617695
-0.1336591
0.06981679
0.1196785
-0.0893897
0.1177662
-0.01556789
-0.06062146
0.1105511
0.03043146
0.0004526099
-0.04681865
0.09747262
-0.151091
-0.05683516
-0.05589592
-0.03237394
0.123178
0.13635
0.003253812
0.06513665
0.1046459
0.07567877
-0.04698268
-0.1145797
-0.003241564
-0.06031689
0.05776282
0.02486688
-0.007551972
0.08593087
0.1483655
0.03170024
-0.1146737
0.01848731
-0.1442188
0.06904221
0.09444186
-0.1297907
0.1132426
0.1078335
0.03573761
0.123981
-0.1381761
0.1212651
-0.1454783
0.07773075
0.06582481
-0.1133378
0.0662687
0.04376321
-0.1420699
-0.06239299
0.03773201
0.1479044
0.08560528
-0.1219593
-0.02698462
-0.1448221
-0.0535484
