-0.01356125
-0.004190185
-0.01539637
0.1011975
-0.1261499
-0.07788815
0.06404191
0.1137128
-0.05219386
-0.05427029
-0.1284223
0.01975245
0.08585934
-0.1165912
0.01839432
0.08023207
0.03797572
0.04884237
-0.1476273
-0.138979
-0.06414849
0.1355139
-0.1326929
0.02772276
0.03119881
0.01196966
0.05218185
0.04567472
-0.01003966
-0.02395513
-0.07939699
-0.07862846
0.003116728
-0.1141714
0.09278488
-0.09525707
-0.09825879
0.0389142
-0.07216798
0.1256049
0.1155345
0.07469337
0.05560412
0.1335549
-0.1449635
0.03240749
0.1100655
-0.05101415
0.03634734
0.02010191
0.1325108
0.007155647
0.03108884
0.1338745
-0.06478489
0.1350326
-0.07777448
-0.004103454
-0.02299256
0.03577285
-0.03782851
0.02223507
0.01505113
0.1016408
-0.1315975
0.1186419
-0.1337446
-0.0930562
0.1357563
0.1371214
0.11005
0.002678611
-0.01252093
0.06870789
0.1473585
0.1162578
-0.03835878
0.06659218
-0.08563925
0.08537332
0.02655042
0.1415265
0.142439
-0.1281167
-0.1483071
-0.1152763
-0.09723965
-0.1213944
-0.1161783
0.06549842
-0.07551906
-0.131869
-0.1452727
0.01745803
-0.1089216
0.05233631
-0.008076764
-0.007914459
0.06434099
-0.07332389
-0.05060926
-0.125879
-0.1084473
-0.07003649
-0.03730412
-0.06783332
0.00352127
0.1239149
-0.03217341
0.1441954
0.02484969
0.1279792
-0.1490836
0.06484301
-0.08927263
0.01303831
-0.06916662
0.003139484
-0.1050139
0.02901695
0.13885
0.1186762
0.00948821
-0.05971907
0.1458203
-0.01146574
-0.04177976
0.09827722
0.1015309
-0.02165383
-0.05700848
0.069746
0.01708601
0.1280364
-0.12223
0.05412201
-0.1158757
-0.07736747
0.1033634
0.08656716
0.09876639
-0.07813986
0.1126297
-0.1394785
0.08391259
-0.05839807
-0.1219185
-0.1222755
-0.04410391
-0.08074157
-0.003887964
0.09666277
-0.04917673
-0.02557997
0.1034925
0.133838
-0.09777484
0.1487524
-0.04468198
0.03281157
0.02915991
-0.07711573
0.06280574
0.04756832
0.05490206
0.1063184
0.0948144
-0.0918373
0.1458591
0.0684514
0.09222475
0.07879951
0.002008052
-0.04524004
0.007390355
0.1156773
-0.07755045
-0.03360692
0.1152531
-0.1202622
-0.009546825
-0.05635611
0.0217207
0.09090101
0.0274514
0.04409117
0.0008800331
-0.06471835
-0.08206831
-0.08010046
-0.08723624
-0.002644139
0.1385774
-0.1518652
0.05181539
-0.104975
-0.1103603
-0.1418539
-0.1172583
-0.005962981
0.07194646
0.1231877
0.103167
0.04843028
0.002407814
0.007208153
-0.1105045
0.1393383
-0.03353299
0.03729227
-0.1395048
-0.074563
-0.09071425
0.1183513
0.1284796
-0.01285734
0.03035316
-0.03190553
0.07276795
-0.08201202
-0.07241733
0.06975797
0.03364021
0.1422096
0.01443341
0.07059833
-0.08346204
0.08284684
-0.05090078
0.1002626
-0.1030339
-0.05452388
0.1397205
0.1185777
0.06003419
-0.08239451
-0.06973698
-0.1073443
0.1296369
-0.1268139
-0.007959892
-0.1491488
-0.04495699
0.08520772
0.08295942
-0.04391075
-0.1147935
-0.142389
0.03470197
-0.1164317
0.1313561
0.1323605
0.03766222
0.1427226
0.07384323
-0.08295143
