-0.595557556117997
-0.945300300082722
0.358780443311723
0.687404388234785
-0.547363077852809
-0.556314938627174
-0.95561287932208
0.534559865321321
0.623118694994913
-0.276512304966691
0.0614335714996713
-0.29497473198655
-0.952136920200741
-0.800762481284202
-0.284410066605484
0.562748559742825
-0.547543369330358
-0.685471044483971
0.549231604513095
-0.258834050104775
-0.858707191315498
0.111249762858923
0.180517835738642
0.267816465004083
-0.749287962690371
-0.80767755885067
0.452924610504663
-0.101141497930121
-0.0722513819935177
-0.236553092801524
0.633673319428859
-0.643547455145347
-0.0977496032355998
-0.175284458590254
0.89191824615007
-0.250016235759398
0.338082379514044
-0.697901640546374
-0.150649994260623
0.365319329660139
0.229982890193584
-0.677714116644358
-0.751511290108225
-0.34344828073457
-0.603581034019572
0.396737946723969
0.878813784858024
0.435327065590796
0.112389972871058
0.372621053411045
0.402125356243719
-0.444235048543848
-0.546942085349993
-0.631385129026029
0.606006024050877
-0.483641766126861
0.468685992273245
0.564864117613859
-0.289304514114357
0.130895550714372
0.208172577739961
-0.207499200856445
0.368077430467177
0.540911328019232
0.173020107408189
-0.132980419466711
0.805253221765878
0.852748485721501
-0.131926950673042
0.13237727582924
0.949590880609591
0.42767200474942
0.3351121945187
-0.705966015031865
-0.327915768696484
0.852102214173651
-0.387414327945592
-0.876404662623265
-0.31112918267785
-0.0110911774799489
-0.041772383744845
0.857788088684339
-0.181969942147966
-0.486755070682343
0.834532082202298
0.338638925402599
-0.851924757295281
0.198885352627692
0.711640692934269
0.620886763097647
0.387461216836916
-0.40693812254668
-0.888766495768913
0.285402126378789
0.363058030838817
-0.665311559640339
-0.830898317280973
0.104777778142744
-0.334220988795219
0.43290332068001
0.892713627626977
-0.238780637271421
0.756826986917009
0.242978978827989
-0.786241162788207
0.396875119947043
0.032416971793168
-0.308861931825416
-0.916422010198717
-0.528683311216004
-0.380191863646251
-0.803431730256929
0.921464196097421
0.596967878665218
0.375211040484214
-0.00840257427778006
-0.16987552937425
-0.55592927549347
0.594327093284167
0.747588652897503
-0.291063073123937
0.221633565867577
-0.775327473889131
0.32729397925793
0.982065847811299
-0.944404167715368
-0.28071422191554
0.665947023618793
0.704136478776874
-0.080764025747077
-0.696655837390645
-0.934199833941646
0.0323991639048352
-0.765480214393489
-0.974902430812193
0.429393704912704
-0.890511475526535
0.990064588599716
-0.700466995156215
0.857693356561564
0.418145859120459
-0.127081545010615
-0.734071950922636
-0.375900899106903
0.527267586928017
-0.892671869154822
-0.990429475335923
-0.311250731153781
0.852948029435999
0.281374758602708
-0.376371184139177
-0.260688767968922
0.527218714241258
-0.773387673543977
0.135971594377032
-0.155105788234741
0.556002001034379
-0.531882713608965
0.914032173513508
0.916952884265788
0.789714256635436
-0.351337160442174
0.121519854627279
0.22420569770252
0.79702868393646
0.162996235150341
-0.729749660735361
-0.632394435017631
1.00416955314789
-0.336619882331519
-0.632577938225391
-0.180544255853591
-0.473885094291974
0.504797110626355
-0.0641616652445089
-0.147206217288676
0.719428240113167
0.74854826458337
-0.329519112977177
-0.144384062016039
-0.309320519775288
-0.429655383818875
0.666463904734292
0.107124734569753
0.030830998244919
-0.823343445057108
0.369583935507858
-0.720571377641793
-0.56316565080414
0.964537592205651
-0.675153598547516
0.623987393471731
-0.389246336521226
-0.782437669272941
0.69156474801666
0.466354682483697
0.156679727521365
0.539552726269531
-0.878253845315589
-0.820881682263212
-0.692137546002165
-0.586130404335724
0.621547939887345
-0.300901095454858
0.766170041794074
0.902359254806061
-0.786242342042128
-0.569962437621665
-0.862408518663918
0.367132858516745
-0.0847774705888584
-0.857378742079195
-0.900679953730437
-0.670344608757594
-0.587846715431311
0.618619822324573
0.246078445899962
-0.917594382576219
-0.896159316147128
-0.271101125288554
-0.347552531858396
0.102049880311714
0.192587784917096
-0.878664906354888
-0.885576846200145
0.532415629368166
-0.0493410210316977
0.527507791128651
-0.582615897193446
-0.467610902699438
0.959039373955842
0.246799302981599
-0.589436692093798
0.585195403907735
0.274999055585144
0.0156988921219394
0.909053562595326
0.780755587807091
-0.202591660425466
-0.528057597157117
0.957851972624553
0.452203285332295
-0.200563060805067
0.207983224304157
-0.677551071432728
-0.725509304289408
-0.728199032805463
0.498990672610519
0.354852183295295
0.534635046308895
0.636690503015416
-0.658054355902204
0.525497965099754
0.0280462763721215
-0.22289852317005
0.861644470830648
