0.0240658177473016
-0.895323683901048
-0.850929453697944
-0.162833996362973
0.641000346030176
-0.552522872413174
0.664292260689855
-0.369339738539629
0.396273389980406
0.629990821985703
-0.370558537418063
-0.111770473574328
0.136439729899349
-0.348700628357366
0.188193242712021
-0.0704714512793108
-0.0727942526814178
0.695667989472195
0.00671169838414018
0.543161202663136
0.604267292515782
0.309612777028011
0.759399143988813
0.133512784411355
0.534969383804441
0.769357111711428
0.758285010612905
-0.864197408688043
-0.645054020944076
0.803646927988358
-0.864154121600621
0.315354200524208
0.673952855510615
-0.464321002876761
0.340391688551333
0.152299049245406
-0.679416167163862
-0.793525451843659
-0.541160712049169
-0.793634292692929
-0.823935512991589
0.976974833889529
-0.0470185998524878
-0.408795790495437
0.00927794085796828
-0.420941464988435
0.525877151431601
0.691703320244862
-0.553959164312746
-0.647654047072586
0.190085811150883
-0.137954979702873
0.968231700136422
0.118023030825711
-0.809767523964558
0.124016644482911
0.154996125797685
-0.973784177119111
-0.846452263191337
-0.323413812258273
0.724484543985709
-0.0754328446203385
-0.943821408908344
-0.43845320145826
0.153120790798541
0.736827328690791
-0.524026338949352
0.916355873830914
-0.489972528279098
0.63802146109358
0.693351711928603
0.103933524092093
0.0795417554648452
0.905355804697197
0.574648376958686
0.856557486098797
-0.12780131722251
-0.822535762998985
0.625129559422111
-0.970601006521816
-0.851131019252851
0.508167796307448
-0.0269332365593385
0.489858415909332
-0.464994382089486
-0.721777879123526
0.632297930929834
-0.00583309682450056
-0.35950545091792
0.284757071279326
-0.817118611672706
0.243280420494061
-0.945714138454846
0.478513148335711
0.796073938636251
0.466729186853736
-0.198683803221814
0.424579080247829
0.0335410808877815
-0.0692387179707132
0.173657953148345
0.328962858877188
-0.786122980052644
-0.347530707631229
-0.840048441506244
0.469638938202172
0.345691908634876
-0.585876463533447
-0.188619558812503
0.458191923342979
-0.322352073088064
-0.224046922086313
0.358570838180493
0.448358207755335
-0.560586283504522
0.346160274587678
0.718928334611776
0.217800419292427
-0.00750803871106545
0.895940490553913
0.732703381285575
0.604526387781124
0.695373888167641
-0.478205540902195
-0.96898676813717
0.753729130959091
-0.302887647582173
-0.555679700929655
-0.199832169693636
0.0165405166279681
-0.165375227630496
-0.0777121821434571
-0.801973546893954
0.117199809126098
0.737115345973196
-0.336675520121482
0.603843293637158
0.160636588544704
0.0376957168981072
-0.209069697247783
0.508833885186401
0.879371803434421
0.0718577120427987
0.330632311353844
-0.0649674483260547
-0.510161912251743
-0.34781394055254
-0.849086633337802
0.158915130118942
0.29001730841978
-0.80961160205831
-0.701884468307113
0.318652986211538
0.361667037755215
-0.141446741604877
0.612954353601666
-0.127050116430814
-0.321016718064926
-0.753077138063588
0.360220486399448
0.476689327231825
-0.778037865303617
0.349359675395218
0.0208301462797641
0.894952225806877
-1.00150122092244
-0.225660124441455
-0.621423155699143
0.138929593308462
-0.127489818453522
0.252339252737395
-0.790560468126244
-0.631091285618441
-0.885995651681909
-0.354760332710216
-0.637999642886665
-0.11554393413063
0.35728288230502
0.473311529458753
0.481625717639142
0.252924353121646
0.921937341863
0.710645576320902
0.0138346856039284
-0.448766665555498
0.688409201789297
-0.943471062337303
0.114104399290279
0.677926944847269
0.927566992918438
-0.810439305511456
0.465198615213885
0.977064782364722
0.560749550528084
-0.297644264086585
-0.00880423601054508
0.204651066827157
-0.134532824960222
0.858105902274543
-0.694586711170358
-0.906115219769463
-0.901907951941125
0.42681992101808
0.857422336836863
0.814109974031101
0.450557871101399
0.388366231272294
-0.159088035707378
-0.192501788563958
-0.716619165375997
-0.866812003099904
0.820146106623617
0.857275020924662
0.326881393097816
-0.533206924000928
0.226660436049974
-0.837450582910882
-0.35091831419236
-0.807050932949519
-0.780165899114418
-0.74908759577463
0.843252767624312
0.364563333508828
-0.652128219575403
0.738701236975153
-0.557588211709891
-0.646137972819369
0.305544295629398
0.604597719229994
0.62904287179966
-0.919368966477944
-0.549484411791132
-0.373028283192256
0.527056346684198
0.61193150904757
-0.807032158003092
-0.248496496116011
-0.997846020031295
0.421580446229875
0.155665762200463
-0.163574596447008
-0.685311421533543
-0.269525381064453
-0.1513892408359
-0.507708469031466
-0.915191948987907
-0.445519886034919
0.323535026128249
0.491047453119406
-0.682694431674803
0.595640441322665
0.430539092080041
0.0527046606290521
0.770591278327549
-0.86314082845607
0.679396842584894
