-0.149795428984226
0.735054421044182
0.529038396499399
-0.182391800534103
0.748779978208141
0.72922505196148
-0.946374850490289
0.376879265504829
1.02210344426821
0.892953079400448
-0.730658265306188
0.564807453426948
0.132369357233208
0.947828164003482
-0.232234736593915
0.0462449794414832
-0.743541319934578
-0.376906119088602
0.888680793508404
0.984028152296046
0.752551374807255
0.104499786847679
0.646974111364533
-0.432252630585634
-0.764163956767524
-0.81066754925602
0.0419345094336967
0.471658515770702
-0.560217435150376
0.671520936606883
0.903469087747112
-0.279312730464478
0.436824585858669
0.0625608148386696
0.212002380058107
0.166166048060548
-0.443745193652568
-0.546822917602671
0.485456268517906
-0.253053514435263
-0.334389785266547
-0.844799960487456
0.0693102015161033
-0.692610513196198
-0.332107800768963
0.669339035438286
-0.530935064369315
0.572883673294984
-0.751832769451763
-0.803946510260671
0.227772319777083
0.551647307092571
0.528900324486809
-0.512120045370557
-0.012703072092831
-0.669436392851036
-0.723410836910493
-0.720705950716155
0.123483219095647
-0.0522941967661226
0.227532259430307
-0.585836101858468
0.508862545316696
0.709937976629288
0.247901172346902
0.257106031876677
0.851766373654022
-0.0805100563463903
0.646179494780701
0.340885297379835
-0.628871606031029
0.593752326815308
0.28151121715511
0.424733316025373
-0.1317438152924
0.0774201832660997
-0.0580709477973941
0.13144823643458
0.669731697824215
-0.584676321765476
0.105476463891105
-0.0037218465311857
-0.944800970451966
-0.898059823621267
-0.0010714697204469
-0.770715695110542
0.275587005424832
0.408640583750823
0.328447992643334
0.00203553895024105
0.816151302820177
0.713530076293667
0.699717769313033
0.135437082630006
0.927378344587248
0.381768209354732
-0.0858768015016538
0.540184115707715
-0.727400542115242
0.125528447610175
-0.419937780152196
-0.71535121436389
-0.928385352540542
-0.376227979727667
0.32401771496521
0.981260368688319
0.885249760066156
-0.457494509037327
-0.116211403578079
0.7122245861175
-0.384604366531433
-0.910523990020506
0.970117360610924
-0.253531239110103
0.872305462912841
-0.894833422817754
0.544800054127179
0.976959840665372
-0.0867553376573451
0.0925144412664414
-0.621574138133409
0.0545628205400312
1.05191187348302
-0.326264495097538
-0.469541805520604
-0.628860044492333
-0.296705370743066
0.966553527013567
-0.234545979744857
-0.776235472949251
-0.224796387811685
-0.559915296560743
-0.529433275547243
-0.137911846762316
-0.442040941189044
0.0740729731409692
-0.912161720569422
0.924419202121127
-0.513879381550725
0.35817554577211
0.0949306096902696
-0.0846955486438882
-0.319949078887657
-0.0235545793169094
-0.220311587312173
0.212978448625835
0.750570777943192
0.987936966387558
0.859665600616578
0.128824381246342
-0.0721452593716925
-0.757514467033831
-0.387075244924126
0.982423254079363
0.371069431167254
0.65611876632988
-0.023440360657242
0.641599551549716
0.649519673840125
-0.307876831176891
-0.714258589236944
-0.206106472680672
-0.921909151908426
0.032749199568071
-0.686274643349029
-0.919228365940527
0.283277599683959
0.173681759166077
0.680160936336683
-0.856854896853288
-0.459950261752386
-0.0827590839477044
-0.845356839567018
0.7301910771721
0.904081176187369
-0.48269317909322
-0.40996470612778
-0.142881692447532
0.390507069898875
-0.307615416474579
-0.416469898095542
0.986525653518583
0.513772281476052
-0.39933953782623
-0.138681825009947
-0.592765832257262
-0.00483893173234703
-0.494776513573329
0.206956417079384
-0.84613860378567
-0.79754841200067
0.857691964968916
-0.170219888488481
0.550560266287458
0.0084209944062771
0.482781984023406
-0.501417362314283
0.452314267057432
-0.212973707734207
0.743641688477624
-0.856058932255049
0.769233372557396
-0.623098519688886
-0.212184438828082
0.666199569910171
0.88137271863351
-0.620298080664509
-0.270697618303037
0.88483149547233
0.706302953366439
-0.726916371916899
0.340665717122426
0.76247033512202
-0.800810449075288
-0.303291048805429
-0.302300645493692
-0.936775096083466
0.511851028829195
0.170941466892154
-0.65317195059641
-0.248150836344178
-0.300710975215236
0.530268781514216
0.915962747112051
0.705359768674901
-0.122200051443955
0.744352126156455
-0.713198184057661
-0.869121794420866
-0.360236750662639
0.49871132657779
-0.267197268860842
0.354333752474507
0.110637815913124
0.0578204560531631
-0.104708748291881
-0.115827825011291
0.445547680131496
-0.760700101167298
-0.19401188927956
-0.466995101477607
0.200852756208543
-0.814571708652656
0.252425337533564
-0.950590174917079
-0.874300398946548
-0.260411705964006
-0.275936893457184
-0.44072041230381
0.580063917924242
-0.199602666079234
-0.920510992895721
-0.0389601283982584
0.0836823466223567
0.786165246855791
-0.911879687335004
