-0.673350402149975
0.334219652536686
0.240871070289836
-0.333256768346004
-0.898508949787568
-0.136588325944164
-0.679344245174977
-0.826076693649493
0.600001055601949
-0.715439593661547
-0.405872662597863
-0.06296073864973
0.461826219116126
0.25779340028341
-0.185625422352791
-0.0259592331859593
0.869580569855787
0.835642040081823
-0.15202679667712
-0.068905857668272
-0.620180492530472
-0.831528135218797
-0.408137680413801
-0.605553743267849
0.220987751139934
0.0110697224142492
-0.200336351152324
0.220175918753881
-0.0438534269785178
-0.872970404160131
-0.570349761058089
0.162685111867019
-0.327482261271874
0.654832037000021
-0.720922229099974
0.758028310637362
-0.327022223215405
-0.724196916073979
-0.927744882752549
-0.192847209287734
-0.766622253581097
0.679719973457806
0.774842974768934
0.206697432648569
0.280095665795452
-0.430576555179067
0.135997796433219
0.125977763178393
-0.74986743611299
0.956949362190577
0.984718755040221
0.583059908627364
-0.373089696673653
0.727004210384398
0.737004572712466
0.776961058584474
-0.190762695962435
-0.407831470744559
-0.435114395964592
0.242138738994242
-0.419804223900095
-0.817711349091438
0.998385989864273
0.929342617285824
-0.152361613162069
0.419549052704827
0.485739626410014
-0.0673104442519818
0.625718988294765
0.492421889515847
-0.784845676608408
0.583078350991796
0.807744495478765
0.485744952951288
-0.849319747895869
-0.341761477098788
0.0818794473813334
-0.925398591821875
-0.957068219566631
0.63032796466164
0.841029093421914
0.0357224578338372
-0.505083534718392
-0.0138625733052986
0.409911988172637
0.635893405788073
-0.610594074255337
-0.656048226734655
-0.33565787281784
0.900248258630961
0.305180958470411
-0.909171797903744
0.584000634939658
0.350703631908622
0.275816879605296
0.950607420656531
-0.483475833355816
0.399575136157619
0.201601986820669
-0.714602971693102
-0.326055819316767
0.717870756985504
-0.171650467222762
-0.555283174938947
0.46030078917617
0.316013892061455
0.698955276407456
-0.791732442926404
-0.213372262180999
-0.618546623748009
0.346764860091973
-0.161621741439155
0.695700226853092
-0.833671622239963
0.36371881631681
0.64328880649434
-0.971267355437757
-0.781464543381156
-0.889333156648678
0.967279359470879
-0.739330814526367
0.15850380412165
-0.776436565642068
-0.820777390826975
0.509874955436373
-0.757757433969436
0.877312844456997
-0.755979593807714
-0.793804484490206
0.480669082129603
0.346889979024805
0.139764736024675
0.280755822640253
0.740161545413362
-0.666026906156393
-0.985242411411889
-0.909991571960073
-0.5228970845488
0.654395093999384
-0.487835932148268
-0.0667581867853287
-0.770148662247137
0.913385326569916
-0.136024473367139
-0.925126362836493
0.119713534041337
-0.135354643515077
0.563082583223387
-0.463478303106677
-0.0715034084492907
-0.190870556264752
0.765150301374775
-0.555707332369634
-0.740910126576157
-0.788062570588797
0.786851040617406
-0.722518998836555
0.0879938018476137
0.371187878397697
0.684834559291863
0.377222505185679
-0.749134553117625
0.262963930048363
-0.915375885995557
-0.509091521657777
0.632534106674592
-0.311793593079943
0.599182695117786
0.373114514058427
0.143491935905677
0.416893019771284
-0.522203855447434
-0.670461853404386
0.176939758763616
0.473291082234316
-0.0425098080298296
0.0518679024822435
0.586924784000701
0.108046909509947
0.870698197247929
0.519049452639844
-0.100305989824229
0.531455114919483
0.539850569288384
-0.768394033721528
-0.296717714732446
-0.241828771512152
-0.0435528966212866
-0.857515966839027
0.695412405512745
0.982110640525666
-0.420202596670155
-0.869580651935882
-0.0910015819667736
-0.775081143696099
-0.00874132375880299
-0.432162124510421
0.0951219159940716
0.951175333872586
0.210354414982643
-0.86208433000593
0.0375777095076537
0.839811957235875
0.57928589956675
-0.75888816289441
0.242363569606434
-0.301797645783855
-0.316514616686156
0.540132663022967
-0.46094845580824
-0.644726333443055
0.720326172246688
-0.288643652107605
-0.679178298642748
0.312593703135717
0.947299663044429
-0.375835238263764
0.001047474221557
0.367915477166944
0.620665181227913
0.220632372398163
-0.316722164410345
-0.801699367037164
-0.352469065395322
-0.414813746411477
0.545419670008668
0.314213601114139
0.40096110771856
0.768590104770184
0.0270857519804569
0.474045964106921
-0.845448357414297
-0.677175491801119
0.926877734672944
-0.982025191887899
0.399018676440683
0.0477207309123511
-0.934515762977797
0.44556540850421
0.458007668184936
-0.964994624840339
0.140837419453254
0.910241815887079
0.0641934314815962
-0.656568403611889
0.323807389043971
-0.109414261411914
-0.600693861014653
-0.687860464835234
-0.555535611743463
0.516877650163026
-0.980932989841321
-0.88276596011613
0.923367930706896
0.968010002536031
-0.73011750052305
