-0.867996860653885
-0.841829768222284
0.581114798211151
-0.672671527504937
-0.841763478414044
0.557251215325958
-0.426358679164162
0.597619956525242
0.61232556398594
-0.828916718010101
-0.112013461767562
-0.312776835873173
-0.0347414695609072
-0.621964932215283
0.428027995386801
-0.209588296041342
0.994546321034521
0.355060917035808
-0.128331520029633
0.0766057544601363
0.212303457786117
0.757037044522577
-0.313050557847648
-0.590183680804425
-0.952278116898263
-0.766593080421285
-0.470260098757187
-0.885431715008788
0.301875957070917
0.913997366540043
-0.955815303196804
-0.805207304718121
0.398549060418742
0.135605290837088
-0.0879188165887892
-0.982342305070921
0.43968868442147
-0.603843183760376
0.983685291262844
-0.729568887316852
-0.540763199576439
-0.464924595893931
-0.32331180147671
-0.848372381543556
-0.843739733732292
-0.79812361484084
0.824605103764001
-0.0864534414752991
-0.00154371179413122
-0.496237489164368
-0.922439934584983
0.778064193708727
0.99399166005346
-0.600033835904
0.20277015640352
0.406438878817199
-0.744740257868494
-0.499306889879742
-0.921567605739323
-0.487083961130445
-0.142529942876444
-0.393866340040562
-0.66985638248002
0.928902832238148
0.973990447045594
-0.245826360253214
-0.865716486392633
-0.607799387243405
-0.0677221169517872
0.733060742418377
-0.407117906791802
0.785537202234772
0.161426700166008
0.30828025132455
0.588072464526052
0.490944852198394
0.871642691328448
0.156941620890307
0.451765969169904
-0.501817646568171
-0.0228901658440454
0.642907712941634
-0.727653854582026
0.109130234892961
0.623075363057611
-0.414774558776614
0.638505216750838
0.519357928158082
0.77005710404886
-0.184332604711997
0.785734799248068
0.834835277320435
-0.739636175317712
0.211539864939466
0.278945678769336
0.257662821417277
-0.799779731546858
0.664997630479032
0.49597375181382
-0.918584115783505
0.46590097790474
-0.21045265126776
-0.37138687836535
-0.82694375160118
-0.560475669828089
0.250927126951057
-0.640146882501518
-0.827814518663004
-0.9897939545689
-0.564398188123753
-0.331692408960534
0.802759329374391
-0.017905030027706
0.208649808973278
-0.183497719870191
-0.811989805116033
-0.239351590578887
0.786789670881203
0.0729420391529446
-0.920932813942295
0.574631959242882
0.896019083649969
-0.490471090516204
-0.389158441431892
0.957112511631753
-0.659501605339525
0.692021378368751
-0.819052507399257
