0.572972260372529
0.613456576674049
0.695599151980197
-0.66454863795653
0.686262975249624
-0.152410514662904
0.705002939425962
-0.761778591721456
0.939691862104072
-0.289558100132565
0.429283746587177
0.240492212450948
0.203724828628078
0.397430804516041
0.942689739536919
0.691549846357361
0.665431727419308
-0.949014919330052
0.887733261102873
0.636495451066246
-0.472582241818317
0.929975488319746
-0.61189133521998
0.574396413835981
0.360758299241931
-0.647600894809793
-0.239902117065439
-0.799832358005296
0.4395852560075
-0.677740467254606
0.828019444056229
-0.453928320708453
0.119554881140811
0.0351844427125913
0.878259449286845
-0.515320248492151
0.119997416563067
0.633886251314469
-0.753457101324825
-0.880313383989613
0.240574734881713
-0.0329500820925741
0.32907030341874
0.0153906623198146
-0.106579496684159
-0.61140460476541
-0.17022473283814
0.281977614464187
-0.543069459095925
-0.320124108333975
0.587563739089787
0.90856045616619
0.290231844613823
-0.170168836434652
-0.0585887414479816
-0.806899047924156
0.266043907656924
0.5237785259969
-0.760853827791741
0.839876616214396
0.404094768207294
0.721490828278997
-0.179579537904808
0.641917136672131
0.888531677248962
0.568479426801199
0.497084854202393
-0.727245172493678
-0.0940290492383118
-0.659620835776962
-0.73605899796036
-0.842939146557166
0.414461244496096
0.711124872429056
0.140977843760461
0.491559025575714
-0.76127733971978
0.497271801018534
-0.232351796059594
-0.755797077464674
0.656356435962958
-0.012399056471465
-0.764987340057705
-0.309182846483337
0.228269331425467
0.910644886895296
-0.533304720383746
0.601612588285356
0.553650002128579
-0.99440930135595
0.465053220268364
0.152723389247271
0.23178115299547
-0.195856264807803
0.314199085097401
0.424561199669552
0.541878257770994
0.380626272132891
-0.673747412112992
-0.336211709228631
0.817162309475984
0.797084316506179
0.38839480802223
-0.461549210378497
-0.260069173051605
0.390729978091546
0.424390220477085
0.790942642835816
0.227399602911676
0.229919065372394
0.64559242106718
-0.90556439749663
0.596494054990215
-0.339398216830962
0.398864259719576
-0.417234513727972
0.955010338541938
-0.0113340510594666
0.61889837385968
-0.541820677926191
0.423169905533854
-0.779673694028384
0.597581929526104
-0.472262281404384
0.447213202530754
-0.32771443156623
-0.703699118856327
-0.774065093140382
