-0.0816020662491843
0.0667117121560505
0.529232214054892
-0.294367466337194
-0.902870858027126
-0.318574775333632
-0.0869367169772179
1.00817876422299
-0.196233567224903
0.79885087296876
-0.00450212635888441
-0.285251930817069
0.0123934538423705
0.274254547329738
-0.0816106780662838
-0.626916579574079
0.197197961831685
-0.488563201574825
-0.0336274790567718
-0.575551868433202
0.804705353722695
0.619972374639134
-0.625419138104483
-0.341340059952087
-0.90596385943825
-0.338968438513128
0.289199894286204
0.817802901303906
-0.0711205891675319
0.449566698011497
-0.472430300189269
0.210307724829718
-0.0323801726374264
0.115869227347554
0.468636698381351
-0.874116557682819
-0.328444980176597
-0.132342576618158
0.159328733301206
0.138366517378738
-0.550440287105899
0.759893902023717
0.882511803859372
-0.208355907356324
0.405884826397392
0.791610997238597
0.587354167094774
0.468977828388353
0.581962702596707
0.809339360478407
0.16364999434552
0.661451882704237
0.303933338965045
-0.415367554446776
-0.534641526498146
0.650243730821822
0.508551110243198
0.856762365956432
0.368917938553424
0.363153901225787
-0.0277248177874159
0.707419543977513
-0.155391054074972
0.0963209151183412
-0.23843144249383
-0.231812163573049
0.658672658968435
-0.155478331053931
-0.578190190423995
-0.080382182922567
0.61759739736829
-0.31071413399537
0.48033071012413
-0.198483068938677
-0.730347508176691
0.220939668008344
0.274615338653922
0.324399526936827
0.52867194961998
0.536766039500633
-0.453678668110419
-0.988800709900867
-0.688338431803104
0.00338652415124563
0.0713816635191264
0.0839996402706955
0.239631904122806
0.519640623063738
0.797064813937769
-0.163878929907712
-0.798044811861991
-0.940473098294384
0.52239829386802
-0.906069573943969
-0.162885622825262
-0.00781582691730752
-0.195974331642414
0.880663931409476
-0.0801073609002274
0.952969563819899
0.792227947800299
0.727331876102087
0.381696924990429
-0.447493820727024
-0.190030508714947
0.395702182842607
0.855236065268688
0.15300626284852
-0.557112529710298
-0.00901446759241118
0.261658860640023
-0.431016068664768
-0.799030815762888
-0.179261373943479
0.377512428704524
-0.741654469821976
-0.884882997847719
0.734908482394548
-0.321785461727102
-0.213751376709006
-0.88985535553143
-0.85842649152334
0.610166109696372
0.189796622786922
0.188667955882211
0.549290829241541
-0.105892664345663
0.669683699159825
0.637963069535654
0.195705045035764
-0.308537739649239
0.974559909885293
-0.909596388949077
0.775797842790492
0.385138321883647
-0.26467683533053
-0.801080136898609
-0.242527941926115
-0.276930803193085
-0.166890048054311
-0.0497984082062095
-0.197836237048401
-0.67047241562491
0.210165231492549
0.912015087309331
-0.620864721003143
-0.958361802177418
0.943972974292228
0.718408318600745
0.217030652086088
-0.903925518630317
0.861577543728642
-0.174419354535335
-0.89586113990657
0.941989538758229
0.0624536399296426
0.805329284077729
0.428913502648604
0.535420807518199
-0.887282407682851
0.537131407031799
0.425302124175379
-0.452282008637434
0.190015175106215
0.601835587207594
-0.122184855214599
-0.165787714508248
0.0815475528011624
0.863065013110856
-0.480712429492307
0.120960278455834
-0.586265779721903
-0.517375125543771
0.0400424099809551
0.382645998523993
0.346137322037009
-0.778090705486127
0.851152245346329
-0.323280140602741
-0.481997574586792
0.177620609420878
0.369823970210658
-0.395327790568518
0.704362088349215
-0.157604381838715
0.335421840306707
0.0717535898427477
0.917061032679576
0.05691173914587
-0.780742303490789
0.52159023086588
-0.266865505758926
0.763604954339919
0.227074835188643
-0.271614113274382
-0.884772395194618
0.371274574661783
0.0124351833584773
0.416425571944644
-0.528733375638766
0.647431182734761
0.255320930992681
-0.201841133898943
-0.70661372833487
0.757859016114674
-0.632272424723912
0.621207115867589
-0.65552959211123
0.301943866654862
0.0919007188337079
0.539433599391675
-0.709913165061072
-0.307407998887389
-0.222592439872879
0.375285658780096
-0.517339531212771
-0.136458098077413
0.295197982081197
-0.279811184955993
-0.523833575342376
0.49353836715496
-0.477916492334121
-0.281903765933917
0.548561895405846
0.685142805557538
-0.821443905563872
-0.816731507065263
-0.245907073861269
0.582845771166701
0.0491336383674583
0.200800501576939
-0.260831619750935
-0.492663302310171
0.342850062536599
0.867112811253739
-0.268320981435787
0.680751773504618
0.10414266353194
0.182410155544529
0.429389248868508
0.233656089362241
0.769659898245728
-0.213138709088336
0.757952311836139
-0.209990823984442
-0.0926991985329752
-0.179779608118118
0.671709081114746
-0.0465636698539829
-0.842692200367582
0.289008701751667
-0.0822685101038955
0.975991041922613
0.365183632527864
-0.32907950790482
-0.0766941494578313
