-0.489689397067898
0.261894120552468
-0.973781650580175
-0.389658811920139
-0.601428272595465
0.359660810311494
-0.592492613753894
-0.819795595010778
-0.169476580462155
0.0698109637054761
-0.381028384025677
-0.678805634558968
-0.607161944500794
0.84439806784774
-0.876052590884143
-0.120503377877074
0.336510920782542
0.60962319131941
0.303945839663645
-0.672614510226168
0.677611991594992
-0.244549226140482
0.171305788755919
0.971102563115931
-0.860450964663607
-0.992655034735102
-0.985203861093992
0.384655819696087
-0.0612812020085169
0.443076904648794
-0.204981723941333
-0.678456717465423
0.39680230647399
-0.923163971606411
-0.92433863854662
-0.443197815008361
0.115720512947517
0.774181684059148
-0.307398970956338
0.940107619236705
0.174976440318128
0.144776756133737
-0.714826635176673
0.0959376204310685
-0.0428349094641601
0.732047616162591
-0.708621832500235
-0.783222700907554
0.102213388632513
0.570767982966545
-0.447039618014297
-0.782410106652249
-0.0223331533462496
0.514773476604796
-0.924417618125886
-0.291189822457819
0.441549239441676
-0.719169253105722
0.914975882964162
-0.304187851011773
-0.369546030516167
-0.440844734285824
0.985957065654061
-0.258245804999691
-0.865363907794471
0.596959392555922
-0.218722098871909
0.302304491718283
-0.272177901130251
-0.0118744034400227
0.927522824415851
0.872724428767465
0.76634315199848
-0.201331492750065
-0.266651944528338
0.210840841314598
0.341627293647206
-0.0452924026364051
-0.804006812357546
-0.0652623020006595
0.818770901306711
-0.585971207734718
0.461624424895086
0.193391190469256
0.84211151338736
0.268073911833029
0.657311036188651
0.367375394675223
-0.510334215553029
0.435083251531379
0.715154093103473
-0.249018655476242
-0.0481851314872298
0.470415860771445
0.993801716573199
-0.0246775884523142
-0.119561425788524
0.568856750977762
-0.716914934388895
0.405053631226723
-0.513335198673137
0.893175716556421
-0.874196428348845
-0.905238812683788
-0.234437398144737
-0.0995712310075655
-0.992691215911917
0.322088128744352
-0.668702614391746
-0.569674221384927
-0.719471183884297
-0.0682907314802319
0.994036972004
0.749443918935642
-0.0484711982300534
-0.362102401966409
-0.697249454954613
-0.770778697441393
0.962783783276472
0.102513986293036
-0.788663571176791
-0.378318752308743
0.164076939377534
0.920064603842288
-0.730752247307366
-0.804585485014903
0.798306154865186
-0.261181114052648
0.20120745090463
-0.968858561153502
-0.0862244611812296
-0.318678098415566
-0.542638823507174
0.51331211770792
0.267222925792343
0.905842447343849
-0.22236740109589
-0.124797185575728
-0.912923967240198
0.151454862211673
-0.685763168311782
-0.793335215522072
-0.00670027315109962
-0.863082412530765
0.559240930115399
-0.949639967700913
-0.507784018627264
-0.203422460368269
0.662215747743343
-0.866942275494125
-0.149336217501436
-0.353767124205296
0.520566519994502
-0.929949998939091
0.375168593675636
0.0776962987670557
-0.916397998367085
0.320069154778562
0.307151453537645
0.808619440137873
-0.437952849262603
-0.67520801771801
0.140761358151174
0.165518427688289
0.77318808542023
0.239376187870003
-0.65964918543625
0.560896098423827
0.234228076789327
-0.0624520022939006
-0.093284641620852
0.287943643146693
0.773147255117785
-0.546480751065721
-0.977266677033841
-0.0239444172219815
-0.40270556262368
-0.536866961675306
0.481394495060406
-0.57406500801698
-0.120239594239336
-0.475038919319589
-0.868845409493745
-0.314400655062046
0.928929043317222
0.876215041791613
0.436320922605939
0.453253932476942
0.239825311903657
-0.411562879510945
0.828218839784626
0.771569205478538
-0.84168311072464
-0.194634892646103
0.487151624687884
0.200078801438223
0.366385324313332
-0.37071241181309
0.230785676941724
-0.823973783853237
0.607688977986091
-0.990201945288729
-0.5783636073266
-0.126638274192753
-0.866988957024296
-0.201820573624026
0.278042421417049
-0.49534433825726
-0.134753126973591
0.593874405931847
-0.560043640774586
-0.717533275509754
-0.926705384674783
-0.732082125873031
-0.627705445712688
-0.0943859800105176
-0.818889224760232
0.831602109874104
-0.741220105861785
0.133474342820272
-0.488620221254224
0.0990084652159983
-0.379300242623401
-0.059174442720918
-0.118549094427242
0.202032847899128
-0.112280272661978
0.42235802222584
-0.166925144272446
0.0996877964387747
0.485599521115991
0.0409468988766643
-0.131741238295007
-0.817361084901819
0.312162744680374
-0.396226358743333
-0.30949916069841
0.630333314372183
-0.857006435284136
0.20626216432681
0.900109474096991
0.234945255510888
-0.0110843729985042
0.813023982484776
0.0158448925656508
0.440980620878298
0.849378370285102
0.447367421550977
-0.952696116929272
0.806396831905226
-0.513337814293446
0.620895008382358
0.274579735977569
0.470517331529308
-0.132445232601807
0.780220539732903
