0.551772918309163
-0.249398241370138
-0.0516057331495994
0.192507604763949
0.097287714418086
0.234057082443086
-0.89669608754505
0.013794848217061
-0.0471017421209066
0.227780271517206
-0.260564873484858
-0.418574090317618
-0.305355304885352
-0.853644143309172
-0.512676861663411
0.193634863047504
0.802588533480394
-0.532720958017087
-0.358768181869144
0.792135058786342
-0.893668327294118
-0.208988146687296
0.83336535531138
-0.088519891617661
-0.00940617033030287
0.226427119077813
-0.727633839780489
-0.436780764001668
-0.631517773062555
0.612767827480451
-0.475410413316401
0.213227734206701
-0.042392650151108
0.578790894916447
0.712797169528227
0.92078361014878
0.383214151108257
-0.969462707782793
0.160563740571368
-0.551417474780573
0.772631620502332
0.429773104171987
0.111399552986576
0.222206700303539
0.337408726234913
0.0212908877926775
0.510307157077198
0.741373224702136
-0.552169733763797
-0.349470966220262
-0.0132971036764491
0.993887398610754
0.0122435491428332
-0.204478134907032
0.912031661680035
0.270184159939093
-0.7638827711962
-0.0431664998269897
-0.571136788501849
0.936214777040227
0.767833082550878
-0.597236853166335
0.140620668471137
-0.242050403512477
-0.310049430772715
0.57065118406309
0.026101568418512
0.0781011611308638
-0.241375675416073
0.822182114215621
0.991052568887427
-0.729456942637262
0.118545573628246
0.310835663062507
0.897301652882375
-0.129741530172753
-0.787296029929299
-0.633363273073248
-0.293859141011509
-0.244287784921249
0.11442968374264
-0.373364228458802
1.01838568474644
0.384809954900402
0.103160099539215
0.509046540588029
0.808277408617727
0.069284032101987
-0.546738389862074
0.698383038902028
-0.409447928504873
-0.613930773960315
0.759651107956516
-0.741871344844964
0.398711674301303
0.532513948894022
0.742008979739847
0.484788367987319
-0.0590063415247782
0.731152607985927
-0.792240934556047
0.138785502312255
0.381646668267432
-0.310697717211635
-0.267451595751145
0.0281609865358517
0.323307629535192
-0.148983811991561
-0.0204021545865211
-0.173295279519193
-0.860571898159843
-0.0923037023721002
-0.763514335168074
0.970900481352094
0.568218445695718
-0.271541950693179
-0.0980240204234037
-0.208163432900136
0.733718668130921
-0.172760362860766
-0.827696848149871
0.0562752442773224
0.495857272599752
-0.314584405692173
-0.806836436973183
-0.421262614971658
-0.582274912532189
-0.285938226270565
-0.713689491500701
0.804925737462397
0.425253726286433
-0.93292234499339
0.857921254045064
-0.687242932230078
0.207703135450396
-0.225871934493431
0.86481512512215
0.804961243543417
0.478374052604758
-0.179794247404425
-0.263176591834512
-0.701457509097305
0.779866343052718
0.0359039240731682
-0.811736839805079
0.648373175568544
0.538680092953857
0.685179175496342
-0.0970590984995093
-0.735751369352557
-0.519588930193727
0.287275833302986
-0.1015866532218
-0.30335238770328
0.825126524571034
0.758006400114775
-0.825104881678954
-0.0111987790170639
-0.432977382735602
0.546120049804592
-0.561350259746317
-0.693901421146905
0.152695345778491
-0.189527667758635
-0.267819056842887
0.413442175095999
-0.498298582546169
0.726775257860814
0.477847040525726
-0.420961460106215
-0.275506716095458
-0.737323509364021
0.223415032282981
-0.0645935813009847
-0.197530491078099
0.167209509547704
0.366660876821882
-0.46845789686117
0.351247434450927
-0.910320904838116
0.593936927596483
0.284997227407637
-0.385801708535086
-0.778331679249984
-0.591985880095005
0.255189526932131
-0.694875122061562
-0.468489297601713
-0.501384746029475
0.56019604096299
-0.553032612886259
0.013801921579719
-0.175959205603484
0.775888483763504
-0.659927275602756
-0.528993188287203
-0.487730662656256
0.496576888620974
0.838188700356242
0.501164155001971
0.148966135035942
-0.325853353480006
0.885026625249466
-0.0925456854116213
-0.472569893153586
0.686163123120991
-0.860093552679436
0.256900372657781
-0.422975239017162
-0.653706542166549
-0.888283771438973
-0.335569935238404
0.285176521167847
-0.62765137727348
0.360686843997879
0.21591795602536
-0.841930138063678
0.0905812542497974
-0.60905008976647
0.536266376768536
0.264244466698769
0.485326217166182
-0.680405572119526
-0.988113035706014
0.512043374861757
0.631964944682122
-0.402122676402612
-0.242470532350756
0.707399007777476
-0.398658379563307
-0.580864786670415
-0.639600805753413
0.355212545945659
0.362247693935011
0.41673909690581
0.15688216506527
-0.702595575528664
0.530726980547682
-0.510658610643314
0.734686096837809
0.948644448608491
0.568427466906607
-0.586166206816651
-0.363117237875903
0.333510921121677
0.00653175015212921
0.348987760740145
0.588698895204659
-0.323802754066597
-0.345561004908199
0.468553655912751
0.840555723030034
0.8087143358771
-0.387618206160294
-0.184549934430874
-0.977881971320627
