0.176467267068059
-0.428798624152093
-0.283128746232922
-0.748339129090839
-0.465862015919275
-0.922831288434041
0.0837590349026796
-0.354049095269628
-0.515321312405928
-0.721561119715064
-0.538688476011035
-0.107386159602379
-0.669184799658644
0.0991171675718462
0.174518031717994
0.929056855569711
0.78936165707795
-0.336266901116834
0.738931721398291
0.461214450334852
0.480519076165494
-0.882646832743389
0.558087579375907
-0.130526047739975
0.195364059802191
-0.647381316158789
0.486731584550665
-0.752361268112486
0.57860927216923
-0.961705404686228
-0.627295093285061
0.0393354277251046
0.93248217464915
0.731488286976092
0.296434032828628
-0.0348048248544482
-0.831112047928797
-0.571397504321325
0.788410494352988
0.0465685876071903
0.383068304285775
0.0235576517938028
0.32244639137719
-0.40462626221771
0.429718842914064
-0.315313033140296
0.537102863398847
-0.625941334915684
0.979128833515759
0.443555474607037
0.720081824468315
-0.0592388763530953
0.731536043377284
-0.492425858957736
-0.159753477138613
0.895920031433145
-0.637070057639911
-0.513737431823053
0.622977359974538
-0.131680660476777
0.122502330405458
-0.384575260882705
0.497769219079666
0.513375420781605
0.477669713699236
-0.984934093930374
0.813804457074181
-0.424922668287344
-0.393018686940499
0.674104922500121
0.269523996007524
-0.114227368781267
-0.366114123826634
0.140395090674705
-0.285200457362966
0.894626584918265
-0.740746792354998
0.782766370510196
-0.50532044798451
0.144184474117897
0.901808247080981
0.102360436821428
0.113256840886358
-0.361930061771189
0.919600298806047
0.325250703392998
0.449326217744995
0.100391926516156
0.765946556835251
0.695138830833649
-0.347641514622594
-0.729257551104862
0.0888398326409457
-0.658264027776769
-0.406357413647185
-0.821665884407993
-0.284601703308262
-0.30102154799625
0.367599744574783
-0.00346566066844763
0.06717196913478
-0.905705431691351
0.0905593884031534
-0.432857064769465
0.266403838574686
-0.940676170852423
0.0116232125580722
0.334004918379298
-0.686459632306746
-0.564541330150965
0.79539150910689
0.776793997089418
-0.846870830988953
-0.821423922750562
0.704866493668266
0.278302504541274
-0.703529165230846
0.703972409368828
-0.535746738859129
0.542145983167538
0.333277110454381
-0.267667811478982
0.728897503422107
-0.607896424168576
0.0910010443852877
-0.380795187825065
0.952058717803032
0.546287425824568
-0.945555347285967
-0.249707661782963
-0.620138664388627
0.69314682681107
0.768725914595745
-0.36765466685397
-0.939142850397567
0.612508862910613
-0.458678859774498
0.169108978211102
0.782932059190498
-0.794795526609416
0.416076180969308
-0.37589196344197
-0.735826490230874
-0.943726334650135
-0.483464772942122
-0.284361713939354
-0.498355311808598
-0.00300087809179012
-0.696525434257491
-0.373365072703959
-0.571416001930952
0.82409849492557
-0.472923487758906
-0.868089135777599
0.335813075329806
0.64097472629292
-0.903284934649107
0.2876674513143
-0.698227819677655
0.171437960212096
-0.0570003872609449
0.990302148742336
-0.446011847781692
-0.326236167529525
-0.4808739612989
0.951003362785371
0.589264792769662
-0.848575363988595
0.263874599103819
0.124333410264221
-0.0525922922532574
0.669230156739629
0.379752373268279
-0.585785170784382
-0.215353895673856
0.525801594489617
-0.852476795506516
-0.116174747393107
0.459565599522001
0.581297517379006
-0.197256350641289
0.304909489280281
0.762192313328171
-0.751149861597021
-0.918968473323828
-0.224619671880764
0.790659093679778
0.462448425129995
-0.843286658249051
0.645097391457976
-0.65295079808195
-0.602620682240194
-0.116767806846455
0.174305165034889
0.106159090281102
0.726084938969794
0.0900958012307033
-0.0605265755319956
-0.908004085084253
-0.228854260998718
0.705679356571655
-0.32987379550149
0.438896937897105
0.500384039016798
0.842789209220696
0.748629315723773
-1.00607706069521
-0.725190244714152
-0.285705384275702
0.464310801939792
0.622068427587835
0.422818162760869
0.907490169715582
0.779563005394795
-0.921802049365867
-0.266844514815671
0.935247008081864
-0.579391506184181
-0.222147767749283
0.577363882632145
-0.264756767834473
0.187033831230278
0.0372861017365075
-0.162248272414837
-0.934358494755102
-0.154759882133761
-0.137643960193663
-0.444229774348294
-0.250822480099491
-0.187999073501424
0.790064849150578
-0.43183550903736
-0.601092874904852
-0.364954753088181
-0.915415115167062
-0.447162493461517
-0.296643412908192
0.507711644678224
0.591927146184746
-0.618959111996655
0.294375491532283
-0.514806849914453
-0.0520146198222373
-0.791029714792501
-0.722705799393856
0.660008131067783
0.701779180174075
0.336770750000127
0.0541805497924696
-0.412737865668791
0.622616584635929
0.257548598977152
0.77655762707041
-0.020944191317229
-0.787438579694206
0.686120424031518
