-0.0535433834384252
-0.548509998479644
-0.769510390423802
0.83679273497203
-0.212479510376844
0.35680717286697
0.860312597237142
0.25775761793184
-0.371742242856775
-0.317350126023694
-0.699893582402108
-0.668254395757653
0.942911267708246
0.556652588979686
-0.265973589151119
-0.195960383758322
-0.208215707338405
-0.807456613513505
0.307433195848967
0.00626565825052891
0.558329611133302
0.481469356788619
-0.972581687852144
0.135617824880491
0.498548538555425
0.287067494222098
0.0322716310854928
-0.520329221999554
-0.162856498216434
0.789920844280912
-0.535575231126506
-0.325966801437857
-0.00357667255423827
0.994525157785349
-0.978107743265028
-0.247398242155604
-0.515315533266347
-0.752435783137161
0.0248199238105521
-0.79845193816459
-0.391617186237721
-0.444143294775832
0.259290759457156
0.218132141548897
0.700024566665928
-0.948202067456329
-0.82790754201676
0.0784161161961713
0.561265087263419
-0.30924461112969
0.965547427028867
0.608740709019327
0.620385231647311
0.978981005381636
-0.0292448253460629
0.743329224654915
0.969752447326204
-0.958596052105049
0.650067872046791
0.896526662728855
-0.0719719402130061
-0.370543092668961
-0.28652598184426
0.430677156854086
0.0769463616720148
-0.158599750309244
0.143823332354536
-0.258952721381859
-0.910114183418726
-0.372508049009738
-0.502005139311124
0.737780889114585
-0.294526292332297
-0.311412934524991
0.569694397674441
0.560695086818351
0.490061253444984
-0.904222632848837
0.657734329739421
0.863866661534796
0.452996589155639
0.510569849383799
0.745268142392256
-0.647468441509501
-0.837277327195442
-0.338734430344345
0.0387496082028325
0.857654006490165
-0.23524332396999
0.664732438626045
-0.664884654206396
-0.810756838525577
0.231274641778713
-0.149024724136312
-0.423861346486685
0.714698809355797
0.797478064456525
-0.385352098175075
0.206552738215761
-0.378441622443
0.910337344125354
0.146945436091042
-0.570138720780277
-0.407017059936959
0.534207801969643
0.795957365296758
-0.278782601649135
0.495782736278494
-0.874117184626718
-0.154097313449835
-0.0881475433376183
0.192983112530637
-0.363466947071712
0.648774466152918
-0.165720035866543
0.560828184585951
0.676684964835652
-0.388566100432975
-0.772481286693882
0.512922529763365
-0.569577990868991
0.30120618906806
-0.81170726363242
-0.238084868630521
-0.35374089383568
0.0806999559888207
0.691816488314296
0.319383857038487
-0.13938459020258
0.481489104687574
0.0766630880795529
-0.420056278250697
0.330070657221344
0.961926519623545
0.980628954352432
0.462734325078058
-0.377197765072463
0.387259933799072
0.702405983375468
-0.69822224835584
-0.50790036505119
-0.408120369175676
0.954246578285146
0.351848291536759
0.68455841942972
-0.512689702146008
-0.533169415222604
-0.565697518634873
-0.828316845748779
-0.338887203490902
-0.477073015669076
-0.242387721162348
-0.860237594865639
0.929678037858182
0.920223025808323
0.347256623899957
-0.431786935439963
-0.431795362263386
-0.382074935855086
-0.178699954146602
-0.019422578691169
-0.328508061117241
0.38673655415305
-0.705642500855899
-0.140022211129355
0.2468218335052
-0.248814401844857
0.790811037226312
-0.995628189102775
0.487724619872536
-0.313934044713566
-0.314849773467872
-0.55738889731169
-0.0769665512013197
-0.200830758966885
-0.113787456846502
-0.891679609392139
0.202055056386795
-0.470403451093024
0.650832430442924
-0.864777996398255
0.642316868368767
-0.83476855048764
-0.809794484784917
0.36510434235544
-0.854657409575508
0.683808693516169
-0.563800064631954
0.338847831775052
-0.0250447749460696
0.341172149516238
0.912071399422657
-0.0302432974216791
-0.209571517984492
0.476116484660259
0.59431275376541
0.625643138299398
0.284265519547129
0.958076996080399
0.566440637877858
0.349631196297549
-0.927702564336949
-0.164513688329596
-0.763571882658544
0.542874384892646
-0.388984408639966
0.42617709012337
0.893538378898826
0.900784652359175
0.237139083921447
-0.982859866097099
0.601339660183547
-0.806946774330824
-0.203018280737464
-0.0968933844508931
0.0576068582919939
-0.492814139618013
-0.472254467713848
-0.655885562094048
0.533301924539077
0.675743069935121
-0.521335897621477
-0.317922337269954
-0.55167889985347
0.0962501899064707
-0.618537495147179
-0.713657352011022
0.129974486221283
0.296581539948655
-0.23732050826201
-0.600970388342919
0.31002342779655
0.909047785737905
-0.0952994515789429
0.608115298539993
-0.551285008104379
-0.107865009283107
-0.309041616270966
-0.0933500104744654
-0.985748751139761
-0.511652405098678
-0.207893545242103
0.857225095151837
0.0314462781325713
-0.315494084894392
0.138923884684985
0.439806479589719
0.541286060440877
0.600292394269375
0.0832664753270493
-0.160776066416046
-0.584609361890475
0.775971811627207
0.0470941898023354
0.483261085190484
0.668149568536242
