0.512155262046949
-0.205488919033396
0.922028956772616
0.102691068474262
0.946688756817589
0.0703895239240568
-0.0704512101953862
0.0444156476199553
-0.459384547790815
-0.791625087771413
0.702823259163373
-0.41070590312523
-0.0142167087014099
-0.721750865281131
0.802154594873302
-0.0560189436195266
-0.117307227916319
0.0351091296511785
0.933607736590394
0.533195316199641
-0.0810039517902512
-0.862039615893461
-0.722879622651388
0.0770666594405472
0.356677395673234
0.62056784633489
-0.403355272947163
0.0685094665529854
0.439371062414236
-0.201928564843786
0.0554298645236818
-0.831715083619666
-1.00673878842353
0.737087914069107
-0.395685230498804
-0.0493069646117449
0.621899249972406
-0.806835152599497
0.394772115514188
0.71402658574358
-0.670308708095674
0.551411706185587
0.304635375412368
-0.811275350309524
0.47467656980406
0.614091246794215
0.611831703887167
0.256950397560049
-0.876990366407572
-0.540916708247074
-0.868571614467447
-0.542910092096525
0.463687626656982
0.917975968588246
-0.0721886644027618
0.0487179118486114
-0.948219053620994
-0.353056984860342
-0.471439490589306
0.223363335626359
0.11800144022548
0.388933119442334
0.0310331319068598
0.429040558106634
-0.864742608683418
-0.457060735430921
0.472353245747562
-0.817519694898114
0.700441129649624
-0.425181689141361
-0.671132063762369
0.309346815165356
-0.304555871335954
0.831965492733241
-0.992906749070378
-0.61956882866094
-0.761173974587812
0.742959041113535
-0.63468809046196
0.0478517974293169
0.783492542341293
0.800685770188662
-0.914467498006481
-0.0773544244979026
0.0349570368593164
0.372806531062032
0.583765433548936
-0.532992836942371
-0.197490360392487
0.845411282380811
-0.992944614364618
0.785639322719042
0.738417385982762
-0.622867753574723
-0.733376672676477
-0.698525181437916
0.867636539244197
0.0392622869850819
0.688005325240138
-0.591833941887982
0.609779288825268
0.539322075642166
0.802458356309936
-0.310968553836144
0.475306802549912
0.09615191261595
-0.840877947658989
-0.998177009158696
-0.409950951781624
-0.375595814118895
0.396170819663129
-0.661604260654596
0.160337187493775
-0.0438443504629211
-0.833228340363584
0.318170474454409
0.919364276083542
0.280490883040125
-0.717413640188654
0.00899822147338996
-0.911649913669238
-0.429596829572433
0.298317855550376
0.218747535296928
-0.557433398792195
-0.389223144193874
0.593620167731615
0.34648056629828
-0.813323138533802
0.701389113807099
0.134740839599808
0.610653649123809
0.615162345005755
-0.441943496014032
0.776012369208916
-0.393776495804349
0.145423053822407
-0.991157398451435
-0.661756720673795
-0.790539520891954
-0.28714607577319
-0.0782759088146531
-0.628265427561651
0.9397160338919
-0.437204938685167
0.739701529510115
0.342697686927041
-0.848446638586326
0.780471171997162
-0.676400057133692
-0.836084752467848
-0.104730110391444
0.314005337398493
0.443462583621343
0.925412121025356
-0.659386750948989
-0.855235799643688
0.662892290037957
-0.656332836861117
0.865063171949173
0.367695329396691
0.0509939475106565
-0.358834520190557
-0.524106207408494
-0.262201341310923
0.60604854278699
-0.0264835189963631
0.707384795039134
-0.363487015697106
0.463567921945955
0.60646369737713
-0.00387122104604253
0.225605043773421
0.269243894885529
-0.587466376264947
0.8378337700395
-0.177973204330176
-0.672706926765228
-0.99843062883548
-0.738498524613103
-0.590524329660528
-0.392367651344705
-0.862429353910772
-0.362956237044398
-0.30215300147218
-0.0356556610913806
0.264048669108621
-0.987321316840662
-0.163349508249644
-0.522758009359997
-0.823103526130783
0.205547449585934
0.0518221857895275
-0.0434874800023147
0.571298831132655
-0.984070062752951
-0.859811255689619
0.399724089359927
0.00204166939252459
0.264386850103202
0.773293452018266
0.643955815885247
-0.716453074545439
0.542196397678817
0.303951752674408
0.597211418082256
0.734375001507116
-0.0158875531517576
-0.726899498315302
-0.895698736026468
-0.223100541591316
-0.307462888694061
0.201795713909414
0.42596455560424
-0.488052925698296
-0.619578103347669
0.891104070315225
0.231700760079648
0.878620919803895
-0.462573470723293
-0.530739744266733
-0.508737833507143
0.594789756735109
0.774798312127888
-0.865357977864695
-5.57565778631476e-05
-0.473223018777689
-0.22176741353223
0.127969434157414
0.183409459158777
-0.461126934617947
-0.133247607708748
-0.606097921415224
-1.00201900556804
-0.933990632225322
0.028137414192593
-0.9787265940667
-0.196700988546562
0.105055127361343
0.239485721199806
-0.115746854128708
-1.00046737210833
-0.511329824463815
-0.542084029915395
0.883445605860882
-0.047266436746188
0.674033636429892
0.772417093136132
0.838340377518562
-0.672928377102731
-0.873537309136264
-0.587886688796591
0.940746071473417
0.480044402958921
-0.452160578998288
0.0132145767488819
