-0.514654820291189
0.423256841766512
-0.184821085403462
0.807936374079158
-0.159329351615561
0.959311742502229
0.722363869275784
0.921289061205046
-0.754004589375082
-0.881967565303187
0.414602938865347
-0.906531172424729
0.153045980119262
-0.620346190863783
-0.2594066414354
0.426988515028827
-0.405558977711744
-0.519189024303081
-0.602975842581851
0.278444579966221
-0.76953948765097
0.833671691483748
0.72426554132089
-0.391418131382189
0.327527586125963
0.535616607862073
0.256442777687598
-0.0717472722571109
0.879980816583077
0.190739424852263
-0.952744663620669
0.603623958427499
-0.426670539202055
0.549021201375048
0.435806791385645
-0.640988913036484
-0.538995506173332
-0.110786676542745
-0.563352546065889
0.382187848619898
0.887714451771045
-0.0918408011283727
0.501254354559389
-0.676793909116923
0.0669287824782126
0.0529635481061329
-0.0540946227579663
0.791728531938941
0.805290808715829
-0.448894805021769
-0.732787846943026
0.682044482436572
0.609389308400777
-0.251463253205594
-0.873632785909373
0.0511625992912206
0.602999086063312
0.333790412784226
0.893698956647093
-0.314919335415563
-0.717174573292489
0.24958915246676
-0.222999797415038
-0.307112267889813
-0.484305874566461
-0.342277069059224
-0.059943025772858
-0.0800963001470862
0.543220455585016
-0.798136861914689
0.894512732054291
-0.367970631406476
-0.657753473480178
-0.698086056155377
-0.700147557612731
-0.934783112043693
-0.0656690051305158
0.591082609724653
-0.917296223206676
-0.918747151460191
-0.5986724001666
-0.0759954357670243
-0.004959677244069
0.410966789022603
-0.439900713020656
-0.0240868087272133
0.137080887328733
0.799608392604947
0.619580903909727
0.944841249324613
0.979288218425604
0.708991924882319
-0.927583904441088
0.734804031181415
-0.0309107600339985
-0.750865554074869
0.32285588440229
-0.984119912035685
0.567293496243415
0.873605293006798
-0.585782373072099
-0.799479659805033
-0.306534655112105
-0.524553979286124
0.224334442395744
-0.178466416583599
0.457007766158251
-0.660849384431735
0.545013944889037
-0.0959373083496437
0.273100714255605
0.119244100473761
-0.545184013409703
-0.97675579214214
-0.521695932867482
0.0706285641420266
-0.121193504746624
-0.347457656156072
0.101157713415522
0.290276521467416
0.371568535518935
-0.662508368684413
0.0445318086973834
0.739462100527085
0.371849765899363
0.332389993763728
-0.575916570398847
-0.944459359220932
