0.35794317917632
-0.207284408314008
-0.523029418528673
-0.531734814393779
0.571604380939188
-0.440840003508162
-0.696415726437997
0.723252983271947
0.00393934728956613
-0.794461467830883
0.82588403419037
-0.986093672344743
-0.6429061207731
0.146715747401103
-0.448377360504903
0.662343888178059
0.346189674929773
0.898709577504983
0.120049833736726
0.254379154133766
0.75030800127921
-0.888435587363194
0.872851028253111
-0.505018275564483
0.209630964908975
-0.902208677975965
-0.76820633814315
-0.475552032799654
0.203045342173848
-0.0930828635221359
-0.65644355742111
-0.31228528717056
0.323859098166979
-0.315348176928223
0.442752554754416
-0.838573571202094
-0.567465491376737
0.471276558384969
-0.528961891043608
-0.526347187472931
-0.230166956184864
0.364645464617702
-0.492555714365661
-0.899229184965376
0.764990032049097
0.258648873685431
-0.362799738579799
-0.475764788137595
0.383415665922985
-0.0201161643837195
-0.360981663594477
0.564686813476256
0.157091490437134
-0.651138950694045
0.792176012329284
0.88805787098843
0.125336216752713
-0.673464460818586
-0.835218753526965
-0.608975674568681
0.730684132188868
-0.226371659053638
0.99381895169335
-0.909832766117695
0.329821382100048
0.147703749155281
-0.92040188060282
-0.845773084871891
0.581130002271444
-0.0912288267074004
0.661982812015901
0.0396411983985994
0.146339284401048
-0.416082606373683
-0.841619506301618
-0.531916997147766
0.308832065081194
-0.152339100781147
-0.640666987472967
0.905148979584245
0.409196753227506
0.630318885595551
-0.63769653770305
0.579922022455154
0.733640846814574
-0.575189306094618
0.241874857996132
-0.984728074687574
-0.611184660185285
0.977104717686767
-0.864210432869101
0.625467631545366
-0.0488254786540923
0.245475643375989
-0.961558035795183
0.548786434076905
0.0328389718193849
0.38843287168543
0.777505743847527
0.454379180405435
0.793349914162713
-0.210193075453875
0.0829210072654121
0.191186787160309
0.331910977317146
0.6751893621907
0.309005684213331
0.351220987510022
-0.557787491638737
-0.843854539454106
0.0814670942408031
-0.350029041963321
-0.248048147177011
-0.463730671761351
0.262835059161093
-0.0745068388247447
0.720448548627796
0.526801941363278
-0.970665756030965
-0.372852989099475
-0.461988512805261
-0.686532567157789
0.65626596571456
-0.61360813676477
-0.226342235919146
0.407493829489758
-0.746125113058387
-0.909828755575572
