-0.352201682812904
0.0890730970485826
0.0766417013916726
-0.815213544173992
-0.676706007103442
-0.712496064876576
0.964521464503403
-0.281346313896401
0.95115438936371
0.16102788653536
-0.254866090919544
0.718730221065795
0.0421366257873512
-0.130158624628145
-0.244440582001812
-0.436702536789281
-0.634790076733434
0.56122692499783
0.977306454183729
-0.6388423397989
0.370569913068439
0.407228072020123
-0.00831297098955222
-0.423550891611214
0.325440247950577
-0.320369279234118
0.276779777141715
0.128414555193201
0.949773417318835
-0.614439024015272
0.867727070003487
0.925539395970928
-0.00356999218087517
0.0942079567240138
-0.665965559081587
-0.585503522553863
0.609935217805711
-0.960659260846907
-0.766783649885176
0.322617092114383
0.255591995466439
-0.158485157290976
-0.908389287686272
0.152597101225027
-0.00346656399763762
0.933361279854093
-0.357007452340011
-0.132917488148924
0.270505655073787
-0.822867505276644
-0.0111560811242928
0.565119861584199
-0.687782185657115
0.274615005380863
0.456988191161534
0.314198443275625
0.142983364970731
-0.829241730466726
-0.0599415237802487
-0.309101683145166
-0.480149767497821
-0.823808698897181
-0.0999060033840681
0.926218449584835
0.440163983281629
-0.678551130661893
0.0899524607731134
0.447206269373031
-0.325177727031478
-0.239103956377785
0.876619222565584
0.0256689208307805
0.706215513841512
0.696434786150441
-0.671253971351005
-0.713548888248319
0.405462373830351
-0.788449723782054
-0.89446088282477
-0.257888870564561
-0.378630382528221
0.869956370631332
0.664742296691083
0.178453497795291
0.766413772481754
0.731394498952231
0.804687270808694
0.0421095596181898
0.38302091810736
0.243537523786336
-0.208196149140552
-0.232836883310236
0.703425559845101
-0.921761402196985
-0.82042548294613
0.70190252656289
0.517355343504779
0.487313346693786
0.0446228511185836
-0.783091996852063
-0.840705507206232
0.516212142357464
0.831699705134831
0.322448292978371
-0.144346227150908
0.550301374678835
0.493024724557377
0.681050830914319
-0.655751077403186
0.11700090906347
-0.297780385980458
-0.224931365922044
-0.353648380279871
-0.827823059913734
-0.441412064831024
-0.987824903650019
0.397742959457577
0.0564037416455493
-0.0888915558487491
0.768938137952862
-0.188109407473782
-0.517384313116963
-0.224638010704134
-0.310489529108363
-0.0347352635114514
0.176965571438356
0.691116374164434
0.866435875488283
-0.898643752946823
0.947772377514892
-0.365839327007069
0.450138423378911
-0.443666333100534
-0.940128035273008
0.0257881296625877
0.500567219463423
0.517668007836897
-0.1092725788991
-0.640542188223595
0.0276412602879928
0.318119465887009
-0.686424532044055
0.990639303982397
-0.351038727282789
0.549877208176236
0.486746125665839
0.692798052020985
-0.54267465881667
-0.655032743355628
0.446650480314858
-0.23218729581448
-0.363200882649784
-0.396255621637262
0.65120424091951
0.411347101526263
-0.640605323991516
-0.445943766849924
-0.00131053076514567
0.96494326754279
-0.936267641703135
-0.838056554539963
0.222854614511339
0.927194593242654
0.476112935984618
-0.463068805667482
0.895613615217661
0.978559914306543
-0.873503387879802
0.582387800996129
-0.191703411675332
-0.655231441625862
-0.870555493770765
-0.750416229532533
0.409400846709311
0.359934767201814
-0.121255474248684
0.151793934864995
-0.256047986180697
-0.421216863930923
-0.376041505571794
-0.999015300027575
-0.598144024174411
-0.0562771527839027
-0.283042468813525
-0.921982440004071
-0.454649875838095
0.0825969775243763
0.591410494094118
0.982099781150868
-0.34128613604994
-0.699611173329875
0.467164216730329
0.161608598588371
-0.38263894965283
0.970487932916506
-0.407297082292566
0.0844775462984198
-1.00101881235367
-0.251946926314365
0.721234333421231
-0.109538576314907
-0.508314147007194
0.589073167413783
-0.851227186590632
-0.994426256562761
0.95429580320865
-0.936399035638244
0.850162974019009
0.659695313170268
-0.586958839483979
-0.0499210287332037
0.467446442721484
-0.776399023612557
-0.433407593069421
0.813747163979944
0.840340587635269
-0.803215030710382
0.858444686001739
0.718954337305823
0.323047504264863
-0.317628754645778
-0.19049994142129
-0.838736473672095
-0.822910111581452
-0.140164392990215
0.394036768755746
0.734920900090589
-0.379573598536117
0.279246677238683
-0.970713652798586
-0.480461623296917
-0.57680501390947
-0.546435646102852
-0.536121496782429
0.428476790475496
0.513828857044768
0.0834243785016566
0.119710472660218
0.346651617561657
-0.25074397598131
0.737475379529419
0.173988962023309
-0.223434384582564
-0.782673204178423
0.939741996320172
-0.979061189468926
0.0348865493719708
-0.495542493410444
-0.259317676785435
0.336547904180838
0.986410448335752
-0.853712119417942
-0.899582575613574
-0.914197627930398
-0.256856091555324
-0.947977403825831
