-0.204655971886293
-0.0489614534725622
0.618599046926914
0.629470495247833
0.301342138683692
-0.349400571582073
-0.0458632522432052
0.261775984496269
-0.133741179880593
0.701515222852547
0.618894095838471
0.481172173557715
0.957891571717781
-0.498601796464443
-0.242958566237628
-0.349874630151778
-0.511499084878677
-0.0575343065200766
0.145860665160119
-0.955818138783059
-0.829969665537073
0.918582419271583
0.588380774975432
0.756953039930045
0.798507688518476
-0.599610686119273
0.299318916804528
-0.285886403391057
0.885810848081209
-0.3256106791761
-0.10296488611083
-0.432437029486668
-0.343669672583689
0.967925995023097
-0.714454106344741
-0.577311775519357
0.499687458440279
-0.152433386627472
0.518729786477711
-0.257841975315069
0.766549612317449
-0.41798895745699
-0.64752478597881
0.299899937011887
0.785483696109093
-0.0974735313170576
0.304846877275878
0.53059146563066
0.800826222758041
0.11504514123128
-0.926676339546873
-0.759289622762859
0.498880910738959
-0.479957824762285
-0.587859042170271
0.372954099956113
-0.532366240321466
-0.983384228947537
0.87806907601476
0.68126581810965
0.445645637725622
-0.469057072396849
0.0821738985721976
0.494372118046247
0.230836250430468
0.0796031175765675
0.0804009925847787
0.934354025252078
0.404772412340426
-0.907599915156532
-0.0494393885995711
0.55287510616122
0.378068703541287
0.454751712720381
0.20846243923498
-0.999648935791046
-0.311726288279574
-0.696382000684013
0.729059233063955
-0.124452423409601
0.431386074512448
0.0982208521722776
-0.147989056109209
-0.613276269189216
0.21772082761267
0.560615661478549
-0.574549457357927
0.139673071614598
0.604401425435953
0.525980462957437
0.701987399435441
0.553148634473833
0.8991332659641
0.841764525943671
-0.428109336180754
0.313695881575314
0.36076479792619
0.0188174525574072
0.376615375722317
0.663316826856522
-0.346427299215163
0.619194755231742
-0.97746715305561
-0.910186749037107
-0.807596564087568
-0.450950024118461
0.774057209615225
0.0421395307621082
0.166208102563592
0.620847782003634
-0.690474501386376
-0.238292400846565
-0.389823261740679
-0.479043425208652
0.170425509971166
-0.338369481559035
0.941985851271118
-0.173007730795666
0.374803670217915
0.185937757578282
-0.900679067436682
-0.864509070544816
0.650484328797776
-0.0126281821455294
-0.567817499193275
-0.792838846105686
0.621809888057118
0.269481940865278
0.803508944831789
-0.169097142744534
0.330601401894396
-0.512971707815425
0.416477964989555
-0.842184253707762
-0.822526810425782
0.335393950272811
-0.774885758154787
0.724324803883017
-0.0259813434387659
0.733220019608273
0.123281643715047
0.204990361411526
-0.020058850573967
0.453432627057538
-0.229493071527657
0.635391305270514
-0.965900433287474
-0.725871734485871
-0.501410769281564
0.100735304829856
-0.264775434851836
-0.966464961594046
0.644098031063048
0.900372779707101
0.215925517007761
-0.941423488983602
0.338078264294149
0.826910828534028
-0.980542735554086
0.713313044192364
-0.556332510416437
0.801978398763477
0.735317858386956
-0.463168875733711
0.40349455064577
0.428557081447523
-0.235411761532576
0.66500440566517
0.828550080490966
-0.130464055273676
0.372130419543047
-0.740944264739045
0.457925588915732
0.666566593224236
-0.961030956232769
0.886415698170704
-0.343130785451276
-0.640592284193791
-0.830494037667895
-0.398933261483867
0.0484622998520561
0.13470615270976
-0.347569506461226
-0.580982783807008
-0.544785069724681
0.25851868920156
-0.0201866399947635
-0.916683430050661
0.312612422085314
0.267365085727169
0.160744340002164
0.567219346942941
-0.298931142655642
0.461118490297591
0.0925367172751503
-0.103984624256355
0.0996365649207416
-0.530307025039003
-0.888501539335593
-0.553515976417501
0.0679947403223562
0.237720554037427
0.150290828498473
-0.426049626522196
0.00150594778825279
0.867873900954508
-0.0799353596146349
0.892680096533076
0.69521475408159
-0.117289756719901
-0.944836153301389
-0.367616428901121
0.370212239160621
-0.204084527982006
0.296594778841934
-0.31916979151976
-0.542338483183145
-0.28579292374508
-0.624461367474306
-0.656733302146916
0.587393795078139
0.776218756689234
-0.380243373901413
-0.154524411915887
0.608616679992038
-0.175714416399007
0.855173012369026
-0.0458005086038179
0.636712261663792
0.0717664802229628
-0.175297628873498
0.17953879772757
0.0418898233662688
-0.232865250278086
0.121363691293827
0.581044521179445
-0.107804892643617
-0.888679609509084
0.693124468645351
0.0792300796077837
0.441523317203347
-0.814995769215005
-0.58044248723663
-0.970618251475384
-0.344195366606334
-0.97081870366346
0.400489082795114
-0.916326465776256
-0.198154571636188
0.889169215020544
0.144647363561912
0.717329117758816
0.125559485781936
0.613075748557345
-0.0642703517025804
-0.939615472608295
