-0.209604283979569
0.640003251482984
-0.356633739086367
-0.068403970570268
0.969266340040964
-0.522545374755349
-0.0224764964372716
0.750622476159638
-0.0964023331291776
0.57370756990295
1.04439927326555
0.995365220945075
0.294447408190105
0.897793300043508
0.416874441870513
-0.506148022676537
0.285870463190427
-0.11385829168333
0.874407915914249
0.355682866379048
0.652351944079868
-0.183786915122832
-0.101138286485092
0.402146325539584
0.982894927067702
0.235974745619561
0.00593587431658313
0.746451762514491
0.123199795837016
0.321319098050041
-0.218570757841592
-0.653964185320054
-1.0330383670793
0.968565719987254
0.303030178323947
-0.687432852045727
0.0380825389885076
0.385818042110017
0.164078481280723
0.195200018491378
0.0967490517683226
-0.0291228350697022
0.912659038002141
-0.767821258488421
0.487783626587876
0.269632509124934
0.741992457835332
0.968757959149535
0.30312205931398
0.199642306105485
0.308345533629234
0.803873348099814
0.977091965597931
0.728249402122158
0.422482355474369
-0.167256717220417
-0.53318551712815
-0.139024267678049
0.772720384631
0.319637605849583
-0.809353563629011
-0.224007212698245
0.984658566092879
0.0175502792036034
0.771279283491288
-0.10894016823725
0.166191895830916
-0.0840537917639047
0.17889149103133
0.697923822086526
0.535210184449197
0.888745618751733
-0.302359860579006
-0.902789350363405
0.0188520941833421
0.463922872277319
0.278590712517887
0.921510737735054
0.69104100886844
-0.00833356585416575
0.175507793898665
0.0838199072452644
0.472100693431181
-0.83432908092114
-0.560447269368097
-0.508097629362994
0.451647089131638
-0.195149469706527
0.541069056275809
-0.197754868911481
0.749778380132489
0.325065605968779
-0.241990986840178
-0.0318148183671577
0.388049278254442
-0.800310911959283
-0.855719461165452
0.223272170619167
0.317125574230863
-0.536319464197609
0.216976117106486
-0.382075623728629
0.478238494484975
0.304486773040477
0.322394707437765
0.72411589461146
0.877671214861246
0.652271222314577
0.404085482645092
0.262400639987346
-0.101143864198221
-0.281767472949125
0.57616457712517
-0.185157376044356
0.773338922942354
-0.460786399106375
0.0100037547741771
0.786335783609545
-0.416426080358251
-0.275084835844199
-0.351526343955846
-0.969884682780863
-0.589893255834304
0.47933036962395
-0.471766842582102
-0.0428461319413152
-0.974188014232529
-0.483590057955575
-0.305394810320592
-0.424006492584536
0.411714364038069
-0.432969223325255
-0.394287111091564
-0.866321079040361
0.643421899377542
0.429590948585941
0.0124433365096953
-0.904126517199212
0.767007857922689
0.576811508976851
-0.668836322479834
0.107989860395754
-0.745949325078748
-0.321609376117056
-0.493880640254924
-0.703095193883736
0.271525814515985
0.981483139854236
-0.256697266736522
-0.107376714671362
-0.708604579019181
0.659267517540406
0.746199237485567
-0.684339862110286
0.637282296991984
-0.19519495969286
0.324824542900659
-0.862430216359933
-0.532593762768732
-0.339059699926444
-0.487594594227153
-0.110918138751036
0.857825461940817
-0.334480879059525
-0.241093643649736
0.669438321908542
-0.373284065672074
0.0962154610577222
0.148166300579416
0.527820125363012
0.551810123814708
0.586444298444758
0.00195530161633969
0.341479336443863
0.0690502003862408
-0.804955676005904
-0.645780834416078
-0.355644181421919
0.404790719652899
-0.788627234691134
-0.654064091388792
0.534789605829787
0.485000797288021
0.454124066048443
0.166501993998001
-0.79622955108416
-0.877956082026661
0.641788980851977
-0.339684362978104
0.880453397422592
0.528753031112489
-0.38067947821866
0.265292197293681
-0.333264117523875
-0.23625800700347
0.28621845780776
-0.0792888570984677
-0.653898158286407
0.228813193325547
-0.311398431077965
-0.347799360654584
0.382301184663316
-0.930004874116638
-0.246189463375953
-0.047170369711572
0.00128778337621067
0.117808106054024
-0.713938415535685
-0.839623500192525
-0.419029547006234
-0.971923320717816
-0.755946326512037
0.189710897623139
0.934525760039127
0.907504941178016
-0.584927799759983
-0.259188275227749
-0.367198239695876
-0.570754966847407
-0.121247533360383
-0.692651244226741
0.0894533396761288
0.199399440069562
-0.30693749541804
0.000745127265872772
0.0569552415021683
-0.00376327387537635
0.407642497820113
-0.457796015039388
-0.56246809830378
0.582107005852196
-0.894922614696227
0.0932808460209111
0.0856103456977857
-0.985001491951845
-0.0438613925249558
-0.803813206080858
-0.655080444375349
-0.767382161824438
0.777198344546717
0.27985733201578
0.604967094928728
-0.76642819382504
0.0119386853846219
-0.162560209995346
0.0146989047618707
0.897755800005774
-0.332008123853859
0.0440658630550854
0.105311389267674
-0.13081309010729
-0.476875550870284
-0.384110088481325
0.635110702194463
-0.0481061604482751
-0.352145259869368
