-0.831678084243344
-0.50984698207132
0.051504629908285
0.628516737152963
0.614917893922669
-0.797007354019232
0.867999941433856
-0.443667638237632
-0.113389242296699
0.21875486734338
0.0975822405475238
0.718135983449429
-0.610581028916024
0.419270718259109
-0.685869415330807
-0.856347007046219
-0.348544866779938
0.773783457011122
-0.130878128485245
0.0807084829835834
-0.733870304021826
0.946090530765575
-0.19193712553502
0.701204158808295
0.932462407358166
0.87295105017405
-0.0631571125983091
0.866112530532349
0.312014479326191
0.572500186078813
0.12608906820672
-0.0628432398287291
0.706523633683312
0.262188636994544
0.899026441209661
-0.353708412458502
0.916528339160898
0.528869677833202
-0.155000546456092
0.823074256669245
0.101047277680328
-0.306889680285114
-0.334811589278744
-0.0152876121197574
0.0255273652188556
-0.147834675034046
-0.561023744123933
0.215420045521008
-0.260508492606419
0.799818126379565
0.569437955355801
0.105014194901934
-0.895495152208772
0.243217080716579
0.589912467781473
-0.611115692500908
0.532945620508802
0.745785916413971
0.581002207337424
0.971169218094417
-0.222042827971199
-0.215893246673272
0.249232287898318
-0.172020097523035
0.74316480657058
-0.0454387625827078
-0.289281123224881
-0.356446786515677
0.778634677733159
0.589472123374
-0.0293125892069082
-0.704729710465678
0.733202183590644
-0.257399492608508
-0.720128460860909
-0.167948634399507
-0.974842431701737
-0.204828459173762
0.534876819649772
0.779041460811085
0.447355188985259
0.888031501007439
0.649554735681219
0.224170511911434
-0.607919989501174
-0.835303495660474
-0.340153119327472
0.569730969689476
-0.119865391816611
0.00447904546775419
-0.507858139724599
-0.889874058033499
0.626748664291899
-0.86443667794006
-0.877378993370707
0.0691650456665514
0.125098905527515
-0.444727538160484
-0.334304899824115
-0.0767946052752693
0.589685281449122
-0.830971709529497
-0.13959907747923
0.0798484054317743
0.22272095410655
0.86072112216508
-0.300294152154703
-0.451318835578247
0.588103486583523
-0.25861652263636
-0.306706421639393
-0.531712480750398
0.910199002352048
0.329974572453014
-0.282258599994827
0.358848616868892
-0.499178826046931
0.781432147698615
0.520930542016899
0.88834975221629
-0.519456381411582
-0.473764402360352
0.306739959208538
-0.336566391355919
0.685621942813085
-0.687631192790415
0.882867211772942
0.95524154540416
-0.669832499391851
0.587946130477383
0.778833238280726
0.64133581027997
0.472850835391602
0.466132456687749
-0.0950153230652653
-0.709264746047831
-0.376523386160294
0.294836389108034
-0.78566792183795
0.614429452291647
-0.393251504253309
-0.343311210892939
0.669614269906742
0.480991205845059
0.580726842246186
-0.202866071225038
-0.206621998972876
0.570255669615676
-0.0108388544924599
-0.638674196530903
-0.672857899162544
0.241696566476428
0.364818406718448
-0.838892397399358
-0.371912502465237
0.0824433415018
0.50039273834897
-0.186015631311869
0.811582849146096
0.482024613276523
0.64479226199622
-0.155448681624509
0.852873198710747
0.191328533357328
0.866768162144824
-0.0301902883087896
-0.753776907261875
0.4484068224807
0.318742957066728
-0.352747500864214
-0.944071850037544
0.557106316628234
-0.0883277391664899
-0.345334286044964
-0.401622071648988
0.311980138702678
0.655455742937065
0.681886938589869
0.0439166460388445
0.57581326299109
-0.985113334232959
-0.979762770258217
0.675386034297444
-0.0310034309096813
-0.788675552707268
0.929085443989234
-0.597240688082815
-0.354823427445311
-0.822817604987587
-0.211063860556185
0.245990916337654
0.335439257195942
0.319896562364504
-0.944692628780309
0.0965954418708425
-0.846952458869346
-0.504132428825738
-0.768901909502992
-0.496001237849624
-0.219526881587972
-0.568543395909254
0.651136586452902
0.220904712965173
0.406073179937743
-0.803258641112554
0.0139813982221263
0.997382632455927
-0.370592956379975
-0.705111821449878
-0.718902402387991
-0.4138384018472
0.29098433994581
0.840756522162055
0.13259037972189
-0.413449433390146
0.25633250040682
0.132074941878639
-0.142907111790173
-0.899042328081361
-0.191695431875221
0.503388970046219
0.963923067723719
0.73479615478696
0.0626042649922438
-0.973883864808717
0.332606636615436
0.711436492958467
0.178372927967634
-0.0206239647210902
-0.555337526878197
-0.0624814937674007
-0.484303310423057
0.304015836475997
0.67878151494923
-0.343180672838053
-0.388352816202018
0.718595231541576
0.840310133619988
-0.131864835358076
-0.750568504472804
-0.462871557081311
-0.946219303603838
0.145417505857906
0.129763741346136
0.867967147503518
0.866786150456756
-0.120545820055679
0.593619136536829
0.914249673875588
0.106284062070251
0.690513779278934
-0.953890102016648
0.336956762547634
0.104780133359033
-0.734233002565556
-0.561680986574358
