0.860615490503263
-0.244318624822696
0.372735325543097
0.950658506662101
-0.972752574138455
0.878180671027511
0.198253096507318
-0.705326366613952
-0.493751672188319
0.654542526248202
-0.821474023549872
0.259285653709032
0.600423021316888
0.00692422409637743
0.665645341379481
0.787388659763091
0.020287325700372
0.887646990220315
-0.860356637350805
-0.442182682511719
-0.90842712647167
0.923501718233927
0.866233447727658
-0.270317465989219
0.0160150734300256
0.354956806723878
0.531329001787164
0.574293175117049
-0.252176389130935
0.982434491530936
0.622120562421745
-0.63691545370086
-0.817301299144623
0.0110348560218108
-0.34198308009602
-0.300673462520702
-0.217669486187062
-0.443237513223586
0.611296826846274
0.376610955546414
-0.656696154433269
0.125562807963429
-0.320151493621104
0.585103737578543
-0.577748940222745
-0.850161736350997
-0.148024317053412
-0.676020923713251
-0.547742047866524
-0.852970876020129
-0.940412063968808
0.247204058084519
0.252155752972787
-0.16472474531529
-0.555082621442231
-0.777031542028832
-0.352951027901128
-0.222629083081586
-0.324445279349296
-0.601241639581094
-0.103748525269912
-0.335500726838759
-0.561378923364531
-0.947446197564757
-0.117470815560434
0.258131011853792
-0.0674228773350565
0.924592010758732
-0.529130199721487
0.372584457870796
0.703971388300746
0.552252845941843
-0.715377396497344
0.987604668380476
-0.451599363746231
0.0182862172281363
-0.246554669644915
-0.0404482935465021
-0.0454335762830514
0.95761990577872
-0.958007852030699
-0.385449003320066
0.14936961449092
0.0265508221966731
-0.925579994917522
0.0530802552442731
0.448787815808368
-0.642494663105872
-0.376916501638467
-0.031035810785849
0.345273641845038
0.446406990410634
-0.659021695333474
-0.246532497647378
-0.490678896469064
-0.699239487596092
0.233056794651157
0.795333074533754
-0.358640907281984
0.596823921822716
-0.370865690504585
-0.871701582997434
-0.391992004068883
0.71205695357311
-0.546697726887692
-0.686042702200498
0.578736451701417
0.719648899988139
0.19195647355491
0.289227084222967
0.786931217878765
-0.405108533407529
0.39103424907807
0.328268101601823
0.357452304068517
0.531129386844749
-0.590489063720741
0.6863539951065
0.532322070599582
0.685805198777119
0.526567835079223
-0.612427054417633
0.37671637764423
-0.771948065680826
-0.621309716213824
-0.851598253490477
0.181274358794928
0.38770296895727
