0.176033790131452
0.0235291469137546
0.52849194699908
0.803570076610591
-0.274098202375331
0.884341679616045
0.510955171012332
-0.720072435650354
0.575264535464764
1.01356031909084
-0.318145043039086
-0.437550202424259
0.374430087252365
0.544612818758966
-0.924621118475446
-0.471926700611058
-0.730720591107208
0.432677576508723
0.166705722952947
0.727953248507944
0.246508038443878
-0.910069817111511
0.865227017085598
-0.584760431839511
0.76759065240336
-0.578793134982069
0.176899962979937
0.610905580152342
-0.659401875782883
0.282828160010596
-0.267460301225676
-0.689997002029771
0.975435582559813
0.100588330097085
-0.810028982834812
-0.696253076115789
0.59957703789633
0.585062251104721
-0.534770278100058
0.230295242061825
-0.853119471226829
-0.110199658142941
-0.666850716542672
0.746725683465099
-0.175296049047735
-0.532264714608317
-0.485260970445174
0.273547745077455
-0.282024001379438
-0.0799353957202887
-0.423120121102476
0.191343379734181
0.97936171431313
-0.575193689328377
0.600084707903943
-0.599550336694171
-0.580091686733813
0.0932033370993402
-0.442531794898548
0.621457477638294
0.549772780887031
-0.734365655091314
0.542142747329517
0.60714522228929
-0.0134636725165817
-0.815172551652672
0.884533435445883
0.00588767573637841
-0.337947933972552
0.453535550231329
-0.239590101619675
-0.362220189564736
0.655692233572047
0.802407844314869
0.480758236256015
0.204153089770787
0.255187224988307
0.595963691017205
-0.409035721429415
-0.837509320070355
-0.259243627289504
-0.336426063061385
-0.115348928587941
0.0310758456066845
-0.110266554074942
-0.863265211138907
-0.452922176815472
0.42232042972943
-0.450908246000798
-0.662173730822945
0.165036211663094
-0.905973650386873
0.487924121753719
0.774588828009638
-0.427662825845226
0.189567233860326
0.559917836446227
0.197201173341193
-0.177508997993735
-0.567643759239477
0.0031263570379765
0.542136546037192
0.659749339811889
-0.814297225682169
0.381709141692462
0.92099666573485
-0.33951969508841
0.563866657353454
-0.974066563651508
0.486428720397083
-0.587374625971864
0.831481535782768
-0.673506374309053
-0.156034637232463
-0.499386090600295
-0.898309334350654
0.68878445536559
0.475564488614982
0.761760309244515
-0.487714615194482
-0.771781685239711
0.778765091890645
0.277105858175089
0.774914048057153
-0.396840327503671
0.535984258807833
-0.0128310045082569
-0.552527687758983
0.659984916622459
-0.386332433262944
-0.713745533442109
-0.182358968182566
0.822427281860287
-0.934625266394156
-0.940829586242832
0.468305048421015
0.367447978883245
0.965576558035864
0.859059940787037
0.679124994595757
-0.306370292775402
0.512707887279165
0.93758777782573
-0.438383397027447
-0.210514125539769
0.855102828323709
0.566998439572128
0.0264333631991234
-0.976412138942919
-0.548615168954246
-0.545199501446339
-0.700890703989444
0.298521147285131
-0.492698528429665
-0.966578192420234
0.75908536695359
0.185691405354428
-0.0872175998643562
-0.499744666867124
-0.0327126805884042
-0.633040346404854
-0.0911613485120716
-0.186181027710338
-0.510835748920155
0.493564401685386
-0.783469866229845
0.994689771148229
0.533936372153567
-0.413975026082914
0.0201299108625226
0.133643436964829
0.989345756809359
0.378060648188454
0.813624156205361
-0.805200198560009
-0.688514108497314
0.699625584183395
0.703490477422605
0.9571447251782
-0.91503878437996
0.165571423036236
0.910976164167039
0.91089986460091
-0.210653632733066
0.373106672762381
-0.403128863251816
0.761377927868544
-0.306767456960043
-0.586255681858839
0.477678989966194
0.674841429653966
0.860461481413299
-0.824405422646602
0.683303008032172
0.997717113551571
-0.555489883516302
-0.732270701539329
0.197301737215627
-0.816825568617799
-0.947884513504216
0.61872066486721
0.315180791349736
0.171443183512867
0.375836476666554
0.165258316270896
0.122055745158345
0.756536776330373
0.0931073222065322
-0.411108817482387
0.437565767500392
0.534188291938449
0.320849629571136
-0.70328472075282
-0.814847390344927
0.333639051364417
0.355250106580911
0.627186978525856
-0.0467826262644762
0.548856943309662
0.780294242213641
0.559463609552313
0.770078773082619
-0.752963073986969
0.896066526571507
0.491376305390734
0.407008829647096
0.260022386520209
-0.686421463571527
-0.182688967693491
0.743999687004768
0.622913972749804
-0.434253194445354
-0.372397363265326
0.117730970037909
0.8413418681406
-0.0238356818753592
0.979255291222241
-0.306137919900907
-0.188257399615054
-0.650992698215013
0.207601888972692
-0.999775836330369
-0.361712320559881
-0.222936342414476
-0.308246602910469
0.959700500406427
-0.589169243470559
0.763115778516449
-0.23068544431122
0.604597828038826
0.708489431171899
-0.0840867601151478
0.742124194187082
0.160585171699319
0.920236455073076
0.0313978301646373
