-0.00471442777056119
0.932303682526246
0.804750289153457
0.529580909996888
-0.265145072160365
0.358649119322231
0.965607137351744
0.442222333161464
0.379964770351135
-0.278114537686441
-0.696540765890255
-0.969605261129606
-0.612561432658823
0.207615872359338
0.651477516304775
-0.867457114851766
0.066250149898494
-0.712999447577855
0.556990629830901
0.882100944025464
-0.937193670664388
-0.417799349459539
0.914903063898502
-0.254629441562292
-0.441682981990628
0.556712351793127
0.312824407066037
0.51848103020969
-0.327222885912551
0.898167990597399
0.496017956048791
0.350120564747257
0.7943701930908
0.56891266533914
0.93832218290632
-0.971790444461337
0.250879788816342
0.0265525528404675
0.175676418323551
-0.809343338104692
0.0605775908416116
0.267099271502325
-0.260107841739207
-0.709792177924198
-0.436616996601278
0.293576914383031
0.421015400807441
-0.200553580173553
-0.00169790256891529
-0.1722141505617
0.734834211315085
-0.795396917729924
0.180292798533364
-0.816077338599465
0.405996233163087
-0.537507089886254
-0.20924350241628
0.413489590345309
0.638231607310597
0.886303232852955
-0.285506127056704
0.666505992174395
-0.261331124925532
-0.850347734212404
-0.433144657727874
-0.488910582406625
-0.676616289225377
0.418463661056662
0.0868919519142233
-0.44485094174453
-0.92149895367693
0.173385321546781
0.275263600223842
0.832768255696274
-0.269191944561833
0.290427197522213
0.458456562224765
0.635265513329307
0.10886540473108
0.150112245820254
-0.0155701866734851
-0.0780798681329704
0.331605946300241
-0.0533916063069328
0.792809929262713
-0.0273040272238603
-0.56966154158957
-0.131138137892024
-0.317265027409943
0.519775507238565
-0.287074260924727
0.0200515703383355
-0.466609145657486
0.366720510887226
0.718988448014118
-0.605752339889753
-0.875233189010644
0.705549710885205
0.164026811576403
-0.720952387552897
-0.354423403961775
-0.481823854337776
-0.71571875362469
-0.985141473631582
0.00649088519059182
-0.890229997146053
0.97627342465246
0.757737792752203
-0.821514916749403
-0.68011295045186
0.352131590589275
-0.189991510721454
0.608827879329346
-0.759100369891963
-0.385035547795181
0.0527126480947925
0.405045356154036
-0.255203352188433
-0.739043036945238
-0.374234336969118
0.120052705924714
0.916733550648219
0.921524389670615
-0.959294614004486
0.885918188509546
-0.38203876810485
-0.259721788294023
-0.0938585101970273
