0.362884934660888
0.325238891668494
-0.746866058852727
0.369624628782408
-0.610235107273246
-0.808406349717537
-0.0418002675122059
0.842831654873004
-0.869642801603433
-0.659814003798778
0.5152425266751
-0.723483440685282
0.115394859559244
0.755260717466822
-0.437079002725209
0.385765075323868
0.530743331337287
0.256206785062851
-0.617161227994341
0.799089090017895
0.254358531134829
-0.024203326111448
-0.738691333299359
0.256226294106078
-0.746873986671587
0.0524680859542135
-0.507812575816731
0.104853539031721
0.385839231752701
-0.00929790170634481
-0.886728800808203
0.444683511663721
0.859560112848588
0.685125391437243
-0.727464327736816
-0.358198399860039
0.687870218853938
0.535963583247829
-0.541038920748766
0.769924028806413
-0.512665454064692
0.556443823902461
0.821421054768565
0.978085203163141
-0.782853212893727
0.83196653835843
-0.106627760632691
0.3407709551898
-0.595285891451082
-0.6298719327671
0.182310807424464
0.247124488749398
0.903515721836507
-0.822107046996237
-0.439719397497029
-0.933851240062834
-0.736473841657274
0.796100568555039
0.529913650628176
-0.410598933590898
0.206312316288839
-0.444730922244587
0.535962080031946
-0.787341454989633
0.00705824647905083
-0.179256962033368
0.232368873267553
0.382783537846659
-0.94515157763161
0.625157185697866
-0.0895324992742699
0.273468419364361
0.51550960345031
0.795210175765109
0.40957160852593
-0.913775851336107
0.347163264797183
0.746925500120587
0.748962005953312
0.195224306160258
0.175970006234601
-0.977751293169139
0.176688583759619
-0.116744310484445
-0.0427643330278733
-0.891212697420419
0.117748056451975
-0.456326960465351
-0.997435528880801
0.250519980215314
-0.457212870160514
-0.596975038423932
-0.311698786384699
-0.238281357506637
0.846537130111276
0.808065946633145
-0.834565977885504
0.719890705477717
0.862431417825929
-0.275839590553752
0.589092313665457
-0.278855636279427
-0.682357411284099
-0.638679515192752
0.757523722925354
-0.890498424194258
0.696431035393146
0.855088748781164
0.749476595993341
-0.467906401243407
0.866534627542784
-0.76030320809162
-0.987867912532015
0.583659327109978
-0.310508969958644
0.136866724840304
-0.779286184576933
0.461886993140203
-0.435325072569097
0.759246876105078
-0.569257998753161
-0.361099914213323
-0.3347210242601
0.962970021604096
0.112162390647235
-0.732903083192505
0.984103514717945
0.222807134174224
0.808794097646383
-0.895246381290871
-0.130503489936617
0.591183020866989
0.38525970786041
0.252852580126189
-0.29083440183709
-0.525048344433191
-0.359231121185431
-0.48290236672973
0.502036570732625
0.706861314526316
0.337946486276426
-0.940752107096574
0.812057142508523
-0.3062577535773
0.474391760968223
0.0790930593463671
0.256981814578096
-0.726502259047285
-0.879146971865085
0.150868112979005
-0.503753772547532
0.657236214668136
0.902606793271893
0.304885572336401
-0.812789151705042
-0.29344611120784
-0.356060321244065
0.0184257251334123
-0.658393118049395
-0.566569728627673
-0.841479745606744
-0.766899694377185
-0.0465666227008099
-0.360150588469593
-0.407466179465643
0.0517039529165386
0.369227732445758
-0.698827509970523
-0.494601528749596
-0.252541460506043
-0.858287383909793
-0.727467443914543
0.0664516905876104
-0.952874877893685
0.429138055822144
-0.203845481940292
-0.0813900247929469
-0.746115974398825
-0.220584699414972
0.990444540829647
-0.193217151794324
0.207812303340644
0.191861429633492
-0.355894120911068
0.48817860915153
-0.430926635439163
0.65040593683609
-0.956322454433036
0.875999280621271
0.228918058113698
-0.732698359849341
0.642933889542201
-0.162684454661523
0.92452359475529
-0.241183606596463
-0.940651227414528
-0.630253463384909
-0.879570698082242
0.526244876615154
0.509871177410705
0.96794407373158
0.349744362194678
-0.00698364256214054
-0.00813000857368753
0.79781358218316
-0.810212172767003
0.708719646375768
-0.361379824134548
-0.324936409590793
-0.409648184260324
-0.506309047079552
-0.923227472109222
-0.528779539958872
0.744363086619089
-0.84804167720713
-0.0921131148390049
-0.207941877341028
-0.927756135299276
0.0129893427087928
0.904425382538365
-0.839717355145287
0.315915603684277
-0.294484123658044
-0.574293116033514
0.204761687419466
-0.915187516484859
-0.764087082423698
0.366986875489674
0.334609053957323
0.90435224182629
0.116796096023476
-0.0476671463424585
-0.794546682443793
-0.203775117644853
-0.817710621221465
-0.62458372810515
0.0780513973932447
-0.0806574456708305
0.583359527795773
-0.683664527474149
-0.872399131517106
0.908614548019967
-0.777798758167468
-0.896731849445709
-0.586942814168084
0.488154057025328
-0.344147877654287
0.0506575945176684
-0.350647776273165
-0.977042235418619
-0.473789341635395
-0.546517581219574
-0.22224165145944
0.115597651187005
-0.833108652647474
-0.0651831047047811
