-0.773240568055634
0.492550685783773
0.168995416087588
-0.542587777080727
-0.222025511424464
-0.795605438381279
-0.122480384146637
-0.815755142529028
-0.138077030025182
-0.088526931940386
-0.108143929252026
-0.19685550513
0.443371448568552
0.499553473962557
0.196984324046604
0.405317900523229
-0.647764624494846
-0.129704601655891
0.50396989979107
0.664014246392504
-0.995544892181367
-0.65295958694825
-0.0560511978547888
0.00752472682837365
0.157297849519427
-0.348421278012333
-0.275402583829627
-0.489168789847003
0.323153842270692
0.504507843690446
0.885796631100166
0.077614282743358
-0.241489166417014
0.521629837715538
0.755260276097571
-0.178690163210785
0.77971595656145
0.266725112903182
0.0917556705999278
0.504220406477536
0.121641087393219
-0.13767861493287
0.812033183091477
0.963001293713454
0.879795942639725
0.0331531492949777
0.368459380625345
0.874303019095325
0.646580995629221
0.852481257674681
0.615580700734915
0.752617103613186
-0.353161755183103
0.750766357182855
-0.0238159624663996
0.309765985540997
-0.679382045199199
-0.423880396950409
-0.874171523281924
0.688500771946305
0.363848074740637
0.662295694558416
-0.593614260164788
0.407677385924465
-0.485653441174432
-0.436549994576083
0.414055462382174
0.672062332138555
-0.686903819191729
-0.284677258193229
-0.348923010505975
-0.995823788706422
0.336756444757844
-0.105198102927689
-0.834805389509449
0.811112835421516
0.280743710765602
0.577424756820665
0.708578196189095
0.439184152445773
0.290828190982543
-0.442230555433765
-0.713982253052007
-0.3739098446516
-0.898901439254702
-0.794668161690941
0.295223316696275
0.516622181112764
0.834872338686589
0.774022774784745
0.661712617031912
-0.972775221625226
0.185608567496686
-0.7401412288226
-0.390123497523886
-0.256591953345248
0.848248374663878
-0.384621187691135
-0.549076526594605
0.117985014410817
0.597147618832714
-0.848424171611931
0.543777256892127
0.129356739371922
0.549652830576885
-0.467277007309753
0.0368744057931063
0.567946589992911
0.331578274604114
-0.405573957824062
0.573971768690858
0.0914373607564902
-0.389212125304084
-0.664350457603368
-0.804117433224477
-0.66987197446189
-0.577898416588063
0.11966448991298
0.98119050767847
0.831552996363743
0.967714787002509
0.473271201350699
-0.580325739271873
0.899437460448701
-0.38046484985711
0.325527581593329
-0.393594872763851
-0.125067849021072
-0.374941360078639
-0.63193355973202
-0.515120196134782
-0.602574710016932
-0.159651696869637
0.164477038505734
0.0715161878512334
-0.371294845682042
-0.85063308157652
-0.336091581823122
0.012485230412536
-0.428131268014094
0.414694015222616
-0.245643053942882
-0.355701961579078
0.664405352362277
0.0794890545238528
-0.702913759871965
0.33540523165771
0.0680537554130013
-0.0327157093520745
-0.486254796590403
0.738494233831345
0.367911532887457
0.450655400529798
0.654611796947401
0.657560935876669
0.773311372209146
-0.0274393116682807
-0.271244263124024
0.576001404949807
-0.311929496496607
-0.161404949395427
-0.471309939508334
0.502954398576667
0.276951851605405
0.719889309724533
-0.312842703071563
0.665826350320026
0.730516029118678
0.949031626124837
-0.4084016169496
0.441913625875095
-0.309627514686899
1.02679124779915
0.738904605708031
-0.697770715061463
-0.281599505495274
-0.524287925968341
-0.815753199205466
-0.826854990277942
-0.395215323999033
-0.0114471818079383
-0.717120531880414
0.825222271320902
-0.0129414321955814
0.336071956054896
0.587087897140945
0.0694355905234664
0.00859349242615375
0.891847641404337
-0.74230308919223
-0.83236252293083
-0.130043445960828
-0.0954836481489775
-0.713867038093792
-0.152587510879411
-0.223300416073192
-0.0494171924045259
0.462901528335513
-0.113426841442525
-0.581352087472391
0.7616741606538
0.713408212146838
0.502937669969513
0.654498055472553
-0.363033464776227
0.635099785911888
-0.0795213947377139
-0.211280516288794
0.760177790121421
-0.578340072587447
0.988514457592703
0.397307904661771
0.210912417332189
-0.429768983850253
0.833139240018408
-0.59174677603455
-0.569833972686867
0.503567232924904
-0.720293890461921
-0.302827229540274
-0.598464339804713
-0.90685160775633
-0.230060861886228
0.893809496513323
-0.382241269277279
-0.12099046351529
-0.696773417541307
0.318255131428566
0.0135104788289218
-0.0980558269715371
-0.0574185892406453
0.419496243287257
-0.299777765961319
0.0357506713889154
-0.745486456806655
0.242776885659129
0.551209272937686
0.457528391118963
-0.414833181506004
0.319591913053918
-0.425213935748516
-0.878025518981668
-0.412131648847156
0.813313677528493
0.460014864026293
0.184285872607048
0.387736156402456
0.623072849118208
0.147178892345188
-0.291920065530148
0.311860713329839
-0.89718412083068
-0.210956200594832
0.0238146910541796
0.128545869347677
0.497917257721683
