0.38454261577468
0.69596538644433
-0.353994976495702
0.391570165301462
0.304770101149212
0.69779235794909
-0.966367146268254
-0.322178236925923
-0.187679843192974
0.0372651200449943
-0.631693576908888
-0.520800088192949
-0.824900378553938
-0.756911033502415
0.241040142014973
-0.73925063161738
-0.569383326870925
-0.873958768181689
-0.926519132093952
0.808632167322781
-0.795862307449066
0.835372278907265
0.867594736105905
-0.14968720275605
0.794496401845375
0.165599903351846
-0.739705877237851
-0.694231156190022
0.020689876385462
0.106520131714208
-0.313975851766218
-0.980627399286042
-0.0275705587253923
0.0924669721580033
0.734454849377315
0.154069480266349
-0.131178642833535
-0.820736939952913
-0.683610367706944
0.482356193279188
-0.386657267548867
0.886583951168662
-0.0564431614701909
0.745473247011515
0.0981407699793049
-0.507407979737781
0.179910595589066
-0.246657847445112
0.737479865709896
-0.995721032110265
-0.69995321112913
-0.658563413778527
-0.238208671696264
-0.397334906992858
0.366688317527654
-0.418272188134615
0.96894448772731
-0.832964992788593
-0.741210538014356
-0.119680676943682
0.0125234932438472
-0.0230484300720505
0.353265244615759
0.158839999238906
-0.549900331517531
-0.249196020310387
0.638835017955778
-0.835727939658164
0.993396486459767
0.534674889344875
0.992987137798282
0.731878958245638
-0.098139438565316
0.668128415880832
-0.865196847315299
-0.908402410006652
-0.0702660637796237
0.532493563994014
-0.177112837998148
-0.925772883742363
-0.650626007739638
0.767912680514247
-0.20611770068418
0.470078465018852
0.457684428157065
-0.253463457551376
0.664247422818276
-0.00191258032418376
0.70556077195667
0.97255714082415
0.710809504411888
-0.624126217142103
0.401349637688206
-0.30425930146427
-0.891629732981839
-0.687618638376165
0.226215896420402
0.388072807494774
0.960539006948498
0.649643942009501
-0.514060913668862
0.708977691031763
0.562440036938659
0.581825275940937
0.0271764682765928
-0.666183836365117
0.474977617962312
0.263411843216598
-0.346839353156404
0.0909427046728383
0.737431017697676
0.357741624345981
0.225127995353127
-0.338290220620023
0.671996676302779
-0.843897405978923
-0.646738409853251
-0.975169916149564
0.50537480073889
0.440830799929022
0.624105028584693
-0.651939841438528
-0.313486593567476
-0.0705768955654012
0.723181978669659
-0.184292825714538
0.0475152173961243
-0.721956260065562
