0.889804445534446
0.254337597557031
0.706590763059447
-0.0721008811371944
0.549022617303423
-0.705976156615133
0.224947738262959
0.363952979702234
-0.0213621749261711
0.77225686203747
0.295668312075199
-0.635964475360387
0.420338667196416
0.709481589964243
0.139612106186691
0.224924503040454
-0.0622655168435758
0.303532334332044
-0.749610332661543
0.397157597091611
0.348379452282729
-0.530738262751699
-0.637288502206284
0.599588790791317
-0.207554413646992
-0.814139670525652
-0.201552119300541
-0.573436600446702
-0.0158759954851534
-0.658166622412279
0.13835365784609
0.25927111580965
-0.825695185617484
-0.334718991714276
0.853116524486812
-0.10705177391324
-0.410844645327754
0.242214721663154
0.974582231862652
-0.23967292713225
-0.71402998829782
0.192188586173732
-0.355956001095281
0.0602462569671647
0.116799425681129
-0.0265458225581645
0.686401640740883
0.509241248454704
0.376830856277932
-0.226140168150905
-0.576040429593798
0.686390078573923
0.743451234674241
-0.980166169326809
0.86288670367552
0.22920166423467
-0.307187589577673
-0.643956110311487
-0.486096747073627
-0.632664168002904
0.420777172629046
0.924108058810946
-0.259221477613827
0.353484577292057
0.985411108751562
0.648769481802752
-0.934312240208346
0.19351046972446
-0.634688556224783
0.135007498198606
0.315396985845799
0.892328629978209
0.0676579758505678
-0.931039149576338
0.596335850057846
-0.253886945962047
-0.491260575377826
0.92099780571189
0.892317713130778
0.636518981884389
-0.552971522820505
-0.037080571550556
-0.156819800912927
0.717782586478276
-0.471034095454773
-0.214613938630434
-0.157506322319524
-0.478124221762119
0.509423967784136
0.0411546968394135
0.492960047568597
-0.893443033670709
-0.110101211681394
-0.216201834121597
0.378598298715664
-0.530392782250716
0.16166301413361
-0.771815984905695
0.828398115137366
0.974716727300977
-0.152155883364288
-0.00165409993643176
-0.629249304282183
-0.577152387845217
0.65797652642162
0.796319025333018
-0.606727459289098
-0.00667983549155966
0.448031334936785
-0.0843639769083667
-0.111959082312822
-0.116538063315282
0.39651709658795
0.929543884292608
-0.00927804963217042
-0.026286918074712
-0.789359184750218
0.789972647024174
0.335046699496005
-0.0465380276490826
-0.971668465992088
-0.201431061400641
-0.751472276576474
-0.4459551703819
0.224931500833023
-0.910708251765924
0.488271753820938
0.952117628401006
0.534734829288627
0.139499126136133
-0.454122221547753
-0.289946430273824
0.245051483292171
-0.155931708179027
-0.80076716155517
-0.140702991947063
0.864664664669855
-0.789422439548251
-0.892445599875523
-0.0614042149706675
0.433431645080282
0.655924244141097
-0.952127206199659
0.78537014592884
-0.281376475264474
-0.581560061308737
0.671497004057592
-0.795521816304575
-0.200712342481371
-0.527257360223312
0.362103374341404
-0.366388494770109
-0.0676901139735748
-0.633156974317593
0.802027295528191
0.590829847760316
0.599080937022571
0.990235810617961
0.452707914287417
0.993590466162915
-0.652514913801395
0.455942944196944
0.400582736267009
-0.451460242333576
0.272761180681947
0.59848794382261
-0.700409527854692
-0.627461853792346
0.10170770606652
0.972615366199801
0.783295092016353
-0.502816093646535
-0.359499379385273
-0.571475925831706
-0.372338271321609
-0.958828334089631
-0.133152483547883
0.959913334409787
0.777171292714764
0.719646008618238
-0.809679491023028
-0.0571541389847532
0.524036486352352
-0.078147429636368
0.147277615781688
0.78185261555834
-0.80118485495394
0.573223107419405
0.221609082652166
-0.635434420409988
0.126345977934611
0.23614629285421
-0.182676178286471
-0.285906009398871
0.961512617739125
0.00824106867724894
0.236598255265097
-0.632895646660004
-0.0873635505693614
0.0416984515261389
0.212529903779872
0.0189005313883932
0.0778215287421009
0.050172310265527
-0.606845327727039
-0.950391258858524
-0.118058023571045
-0.708816061696855
-0.174892736088222
-0.142393988263874
0.687626962697316
-0.813708834609967
0.811013840489081
-0.483566858436109
0.322183551635626
-0.347406263505427
0.130383135185681
0.581621869401674
-0.0568193794933294
0.801683400145319
0.735171341009026
0.90548365124262
-0.442501239473161
0.208458800733268
0.0221552373558103
0.988357758403826
-0.0761167023739137
0.901776829536705
-0.322151759910684
0.340331210110239
-0.686642296199991
0.0516198542387241
-0.654560135545076
-0.343274689406381
-0.45301300529465
-0.948841775415015
0.769975711047129
-0.145957183092232
0.652551567538253
0.144120378509226
-0.0920228776499089
-0.569387199755758
0.769399587983219
-0.184934362545899
-0.278789827659829
-0.232377470029274
-0.598351388853177
-0.00631226999671856
0.731581914367056
-0.382437254906111
0.208854725122543
-0.123900739577968
-0.796962939353805
-0.828753492519719
0.720340515808065
-0.172650886979133
