-0.0517223141908874
-0.430876642568202
-0.539761428023245
-0.230591141175662
0.564581085132233
0.872051923314115
-0.638044204131104
-0.411112215518964
0.16232324859872
0.0231307113805522
-0.426067898323534
-0.665879455755516
0.402621437346128
0.908445643704466
0.695384452069611
-0.572355786615573
0.890681686476379
0.862681203209693
0.30327324103692
-0.70863241913771
0.481582884320792
-0.0896749609547413
-0.0295659754892897
0.0301384678844975
-0.331404321649042
-0.0681786880850064
0.597475563668161
0.0877440930798936
0.120648352385412
-0.794496402612988
-0.0522459611047538
0.617524694572169
-0.589998311839113
-0.533405125624042
-0.805440350281388
-0.753350879755338
0.71658729240023
0.230264034857659
-0.524061770454766
0.62747263058092
-0.51498127814391
-0.83240180156727
-0.35232641111808
-0.210473749940423
-0.834618878260493
0.295731897263164
0.667589165909913
-0.0184141777366575
0.559687223926579
-0.530486358812635
-0.137125270659215
-0.700642185485991
0.366234562946078
-0.027693783194107
-0.943351646979044
0.256607721666295
-0.222220990581679
-0.694300471321843
-1.02140427450569
0.581402904585782
-0.287983828842371
0.573979169762335
-0.168140867611085
0.0262861981921771
0.941589966498664
0.636792806982327
-0.925249236341314
-0.239937791772593
0.966153041012965
-0.313654308966902
-0.147623774067981
-0.216403322874021
-0.015836155889431
0.576487233101876
-0.380713561789047
0.919506203033187
-0.688601310941823
-0.588950737434294
0.839627122508553
-0.844768870291599
0.464259239139393
-0.208003245665244
0.60194912076734
-0.551121711419027
-0.776542477233494
-0.60621414303426
0.118558904688128
-0.465245622083978
0.86895128747928
-0.138184650064795
-0.422055684257866
0.117587554869034
0.533508404771102
0.167682461558033
-0.937476279998431
-0.368712294093585
0.190836750956084
0.4015884318849
0.55612211728454
0.711327528052267
-0.86909295824518
0.111592003482455
0.721284089465297
-0.0972515295242103
0.223997410721956
-0.130985540418069
0.856446397472437
0.562101385847258
0.486527310836141
0.0888863794379279
-0.902726712168004
-0.765860957304737
0.00541522815711004
0.580507198879196
0.785948688072746
-0.931990511354617
-0.197092050588039
0.654005748065586
-0.740197792196545
-0.287763476426735
0.483594030757721
0.0699867066941121
0.545151712633471
0.954536835767174
0.615444102129767
0.928226360660678
0.39568043846964
-0.127512274070598
-0.0157469310729214
-0.0297565832151572
-0.680621162571557
-0.187241356434084
-1.01310990636864
0.875059056611262
0.977159920886763
-0.0907927262087552
0.746198178334467
0.141391983340324
0.0861625405467351
-0.360431508010927
0.685098368893686
0.241186394857159
-1.03327178297051
-0.732169237066539
-0.783999787954417
-0.0958777893001829
-0.841463547057599
-0.249074021550939
-0.296666087836556
0.948832543484799
0.594844101180398
-0.223590842214936
0.847638615253516
-0.00273304177030058
-0.559633953135868
-1.0234069816953
0.841985048413569
-0.876542723581176
-0.0267144316945621
-0.344844192177792
0.501577194921674
-0.539429002907646
0.303260669915496
0.853447597700293
-0.396808720724258
-0.394935248858091
-0.905901078800522
0.434179164093024
-0.202701678809101
-0.806916050285539
0.30209070203447
0.167877658281602
-0.779115616911518
-0.386999830366221
0.203858693636591
-0.337292275028136
0.468184972486268
-0.85270375073888
-0.347438980179507
0.269843474363978
0.212893095041209
0.504250581428094
0.53530146654652
0.422560167083806
0.576570025650924
-0.570347163815369
0.561107892291721
-0.348506938186998
0.683460761563051
0.402384467381342
-0.141505793917512
0.278373161986185
0.949532725672609
0.142747969984397
0.653922279170028
-0.630410720313089
-0.274644442367057
-0.587607688173007
-0.276311692582717
0.614860521168368
0.846246376130257
0.197475081692476
-0.406426641949335
-0.0405619398189483
-0.405999216151397
-0.0133183855723192
0.157577620255344
-0.492929636070248
-0.417472545202365
-0.298390507996562
-0.217782748991699
-0.846196008038862
0.830584356791794
-0.841559608985057
0.466239058683548
0.987592835907762
-0.0836371792090385
0.0939142540577339
-0.60544640042445
0.897759702703561
0.86677340990246
0.420740513240454
0.225378228246656
0.673141445758641
-0.964356006303392
0.215263298591955
-0.345548613283988
0.727943646662822
-0.204720182363672
-0.885066139284067
-0.949041357642763
-0.54635154519666
-0.276996304377911
-0.112140014632999
-0.0931996724297394
0.000796351344675391
0.221657681344713
0.280348463465579
-0.357097719891878
-0.932622162918411
-0.182543929670464
0.800213363790937
-0.351807708854889
0.838812307001913
-0.474898186017153
-0.448828674510817
0.785408492623024
-0.850973743735813
0.536670998023798
-0.874257698642811
0.0355068162001032
-0.268379282791487
0.593706861927749
0.181998103022359
-0.273834020909557
0.895272735607604
