0.629838609753475
0.325392540881231
-0.332179358374499
-0.796342124201032
0.0199656269533181
-0.246631310979427
-0.418029590390629
-0.327618187293329
-0.97319308561268
-0.425629985546163
-0.677076067982698
0.640678827978783
0.844663827433717
0.409256779339526
0.734481731610763
0.922179178455875
-0.295785502191544
0.935728498861174
0.103798877890777
-0.741236612814834
-0.196802743437187
0.57786120193328
-0.909383551389062
0.975097530388782
-0.182979652057179
-0.472719302928876
-0.233088435640898
0.0724645563018525
0.092498917453676
0.571886413359194
-1.01240336182097
0.496582000169739
-0.737619923795046
0.890191352883967
-0.390398216654974
0.559252443135784
-0.156032839130641
-0.115133381053239
-0.12534898962295
0.127470300816087
0.26885718772707
-0.0782561941297833
0.115710124586168
0.32185651376378
0.451137994466562
-0.027135819964694
0.336705430282985
-0.815555291564934
-0.619638030611122
-0.168630084559008
-0.738344349745922
-0.467852933534393
-0.279829757771326
0.0324183709903986
-0.0400245082169049
0.762056787183878
-0.582091831065625
0.4770187801148
0.891124905775075
-0.223002140932384
-0.512192583998677
-0.723545981110047
0.307646125292527
0.202590605494782
-0.692632447358899
0.342650998546506
0.836726611011429
0.549201636701324
-0.347254322366735
-0.299099565170074
-0.380181753214122
0.615641639736896
0.145020565915937
0.596102518598751
-0.847396452352746
0.300258499400057
-0.729073045957568
0.487222747708762
-0.149006385732434
0.282654736629261
-0.915421272022923
0.554642309781995
-0.32691475118762
-0.801592513465732
-0.585545591109313
0.95421865625513
-0.324894024537404
0.531139537596933
-0.410529061920238
-0.444943074204983
0.536180575201186
0.421543843227833
0.924058460589969
0.573847180962966
-0.108274847567235
0.890338177675534
-0.726292369840829
-0.465522437848309
0.313814386267207
0.144355430932077
-0.326552807152056
0.10763300786185
-0.996212531916338
0.112388380124648
0.242268566996037
0.940033226121484
0.770249268511784
-0.543564016764933
0.483589943904491
0.802801766118916
0.411302806935138
-0.385011556861401
-0.603511457252419
0.882324154857822
-0.67819563036452
-0.232377277855416
0.221477479793214
0.258228715173085
-0.602128708447582
0.296939986010636
-0.315467878898247
-0.132890259837412
-0.357839838950945
-0.347310195817703
0.00941649154646425
0.427969312808853
0.579934645686921
0.967323899038526
0.726989533138609
0.476228434501053
-0.846710936412345
-0.32932217350286
-0.14922470829472
-0.398575811758343
0.201067634388602
-1.0203282403608
-0.33843324480001
-0.129808072520147
-0.63907439522167
0.18539212482089
0.256259778037104
-0.70240683595354
0.718775340898076
-0.223903159911613
0.358215340893013
0.58862074218845
-0.320288189210447
-0.458851763854103
-0.759127932750099
0.337535589170091
-0.00443496934358955
0.208369908192363
-0.322949581340889
0.498939043806737
0.195218054316956
-0.373034799461943
0.620312843733064
0.111426702485564
0.683072616477101
-0.935323824101399
-0.0950197859860993
0.865622956214527
0.662076783573785
-0.649148676982938
-0.306278751817225
-0.464477200532283
-0.420112226430792
0.628010798628971
0.841910040617521
-0.446128898556375
-0.0765590119761085
-0.821162610909633
0.781778263994572
-0.469922882065661
-0.514441002782871
0.0598729673596027
0.528079405719539
0.341330339886809
0.820532554614871
0.15081294374957
-0.914641813223213
0.705395820716304
0.194705306041407
0.34273826889783
0.462249628763211
-0.67221528208036
0.6368113991571
0.316592302917641
-0.435435329277121
0.0539401538091666
-0.135230090389652
-0.447598285595656
-0.448141433709836
0.795313126285826
-0.286242661102172
0.0292522828822837
-0.726860925512951
0.641185163822336
0.043851352888054
-0.111576114266701
0.417819158424245
0.719334316870741
0.659974083586473
0.240816331921135
-0.174304587503973
0.0800542085366205
0.538690688030691
0.190343539829729
-0.630027188088511
-0.571168057967727
-0.738643503635576
-0.364892582389616
0.590731860112702
-0.368168843724276
0.882976382414573
0.923330670215216
0.16185990615805
-0.96048204367778
-0.326207481342977
-0.354423344388238
0.714050739318485
-0.734785182885156
0.837285116747349
0.537535791693772
-0.641140842642182
-0.685906735601367
-0.267690827127114
0.63163206739132
-0.939501415435574
0.457534238997179
-0.868939121610009
-0.866773841298875
-0.647285626631996
-0.78045150728739
-0.482641736604957
0.922723560178421
0.660546356091174
0.802546586784493
-0.858050410754159
-0.144980529590052
-0.67861824035913
-0.0525439659895065
0.174698813531612
-0.0183532805733285
-0.591971948276789
-0.782409324600714
0.882510647788523
0.107093540215281
-0.365647443401499
0.321459703430149
0.0439202961530332
-0.793463135479098
-0.710752018359829
0.341108083616249
0.0442325910979383
-0.0911279012731312
