0.691451356512239
-0.489163517343738
-0.122293223208666
-0.642735375708637
-0.098685268248889
-0.777122467549617
-0.875245914718675
0.841554758149364
-0.106372320108436
-0.055628753858082
-0.75472034800937
0.69609518693907
0.362563105560495
-0.275895126109598
-0.929815507264754
0.964956036611836
0.545248946405231
-0.632495709389456
0.577151902854509
-0.460552526253015
-0.877513993263544
0.687969497426744
-0.565347039527709
-0.933755326438394
-0.298833342820676
-0.894123224124387
-0.537894866868146
0.15934226565259
-0.825791166408919
0.858111999547199
-0.421713966757579
0.200421734184193
0.941535828146703
0.110134836688098
0.0880888511538294
-0.570633611140045
-0.885106254584351
-0.184876435934076
0.853337188292489
-0.578193194598476
-0.153231697053054
0.524730193103965
0.0328182579499539
0.620430320415482
-0.374512021372573
-0.278835691965217
-0.181340582490331
0.225142382898143
0.174459142206391
0.195110807975484
0.319569818391232
-0.0545168055861364
0.442087813196318
-0.498377557599006
-0.978403868335875
0.499367032330254
0.434263529392524
-0.510468955242187
-0.253911955902581
-0.223059741283474
-0.583579074238866
0.799003247170519
0.649755376611336
-0.641251669835102
-0.428150195372842
0.144027370721024
0.271303660689355
-0.855038788357171
-0.0319131988235924
-0.334662637229539
-0.921515892195221
0.357983113978183
-0.660848444101569
-0.696996565935678
-0.836306961222161
0.441965863356337
0.474250521784855
0.755804256905085
-0.883536412669993
0.0398923744948299
-0.358040207941116
-0.290849561741223
0.417290932726477
-0.101941140791075
-0.371114112226886
0.196783224912865
0.59795243581024
0.56687544242191
0.502906993700414
-0.830282178524634
0.0328981717426338
-0.380604986560976
-0.218376027481075
0.894286867779802
-0.898822949972173
-0.879572395150168
0.395746589638938
0.269510584889079
0.583688314671731
-0.298021447709632
0.252354562982518
-0.087090405977233
-1.00862189761712
-0.251532335180468
0.569705741860306
-0.238588748919948
-0.310374008320133
0.636428414186888
0.663760182037006
-0.317412047131824
-0.115307428324033
0.590009294342591
0.810164503741252
-0.538441136120929
0.436147211254303
-0.61680961714208
0.427846903198997
-0.127510445996289
-0.54041624941659
-0.192931971376567
-0.388725841339877
-0.752033023363288
-0.0748343385481933
0.696639279534029
-0.0841377047413844
-0.695803460476364
-0.0298685003386236
0.623814639079802
-0.962268150378816
0.273115991720506
0.473244534999878
0.835463587599076
0.883377460165834
-0.39948712574877
0.6151705122299
0.861762815365804
-0.91557559201802
-0.564908682492436
-0.123373473062903
-0.736327864140389
0.703586507027057
0.119204948545482
0.691285041188905
-0.931352538924706
0.88391561200744
0.597931571374508
-0.00620856136712227
-0.0618685008540888
0.750512806303855
0.447740513889984
0.731188105916478
-0.596812687988151
0.694283332797559
0.179232630245159
0.254491490927787
-0.0602009563578938
-0.770425773785786
-0.588371934868079
-0.0263287902097597
0.21378522068874
-0.108011691743517
-0.675187592695995
-0.609919800291037
-0.567050435079639
0.942810138088039
-0.766899574028985
0.0568937164191012
0.591098780833044
0.628010974053691
-0.378915388348338
-0.418818471681668
0.350995985991064
0.975351339926449
0.257405363967584
-0.618627778744402
0.107684469131446
0.930545681730396
-0.344945707236246
-0.193220569871652
-0.184705710073168
0.400868025123869
-0.398611440754951
0.564010190414745
0.129633022479544
-0.0900501279498962
-0.169939956541031
-0.172240627320131
-0.915482532475463
-0.0496003648375004
0.434426250713206
-0.710499477423454
0.57159103537286
-0.456481320348581
0.496857903028258
-0.0671116451776658
-0.629384410918931
-0.493401917956506
0.278206494186758
0.414438915389054
0.768927415394782
-0.327165452939793
0.316136528637086
-0.216108966916965
-0.681423168913341
0.273611604302692
-0.592963549437284
0.630738737493473
-0.613913323618899
-0.354996645757096
0.946772248800186
-0.386414065272587
-0.0893941142836724
-0.220512764043397
0.309226528884167
0.0781445220841147
-0.0456049959889421
0.401156565230092
0.90485090342274
-0.0349502017840417
0.216580379367983
-0.0903376533382212
-0.122942567710763
0.495888504055968
0.530075891480391
0.404220847966311
-0.021029845160488
-0.793952867101025
-0.887023832869925
0.744304727757744
0.120800819157578
-0.0381060042293406
0.600850506673992
-0.874716779699149
-0.0921368307687075
-0.346206187902112
0.249796053411516
-0.229276261070272
0.261206920784786
-0.643152957821959
-0.793471441365355
-0.541924048539528
0.937170969559439
0.580202237765151
0.6031246234851
-0.179125054118799
-0.816012971000938
0.0396457210632472
0.0349446302473098
0.720007704090426
-0.728399963829879
-0.57954730827473
-0.9716714842869
0.463606254443205
-0.926661020537414
-0.0160302871869652
-0.151801181481525
