-0.61413747454061
-0.392405111321707
0.312396088697545
0.84945039260964
-0.767342773098674
0.318344165524192
-0.441903843374203
-0.639310089040686
-0.277992744972961
0.427596977119483
-0.148100941290231
0.263422977764666
-0.540016758055365
0.601030015649019
-0.816589853488472
-0.10514659597923
-0.0184444537543787
0.402484311209176
0.923963940715454
0.282640067343249
0.347305975630647
0.48944237566503
0.0258247514994501
0.289754278911069
0.455552294252295
-0.870123311453752
-0.0932065640981432
0.932510138969037
-0.901938470647517
0.208329147315707
0.000244526644013865
0.406629512015767
-0.257970963874561
0.165220532663607
0.872123492248579
0.279250939123572
0.438541939411835
-0.845788073708219
0.208060199838352
0.907503418778965
0.131003755961491
0.962140493188962
-0.48538760125004
0.712610405449948
0.34860795328392
-0.824005018598394
0.904031828539284
-0.944548902322314
-0.025768497892085
-0.799478463191702
0.374123255989879
0.0165739842784988
-0.667729495728907
0.545314680582963
0.416788479649469
-0.707143196430604
0.115685142544358
-0.921483740985781
-0.720924491943148
0.714169880079995
-0.308635584475729
-0.225134126761099
-0.834867042247108
-0.759030933571031
-0.286592458304362
-0.277835289523617
-0.95832703042752
-0.417753510569194
0.774001757555264
-0.353624187909943
0.614691907332427
0.228810402408157
-0.470061301848723
0.186774610792213
-0.248939248095579
-0.75645885041199
-0.776816591370177
-0.368003112118189
-0.0661739800237813
-0.1337890111589
0.0669094537365391
-0.6132230872349
-0.137779986750724
0.410685348901101
-0.874231051957889
-0.764508711483236
0.788584343048533
0.582087068217179
-0.0203212187279822
0.191984419396958
-0.355521240469471
0.407036730758296
0.0602526621965674
-0.415321297886479
0.238518323009764
0.67126393313741
-0.228500779097114
0.153270896598467
-0.824675857690283
0.650344185018985
-0.280915245996776
0.878348808087378
-0.90999732898966
-0.429185266096463
0.730967091492982
0.460554738844263
0.293607392737723
-0.704062224472551
0.336326250849403
0.573236568882429
-0.0892316353874276
0.631373395495985
0.184361664111317
0.000418922895934824
0.641634074831672
-0.829473457073518
0.367057231825038
-0.610969522831558
-0.890599237009044
-0.426155540186839
-0.0878798199216317
-0.156318051344681
0.351987561526803
-0.170543667979787
0.451621679520341
0.121902181743197
0.629542312713144
0.730480691844869
-0.6850170370931
0.488632860002041
-0.152344891596387
-0.613991474897531
-0.024644985357028
-0.929839450300235
-0.73251346045616
-0.44335994416264
-0.842565799085991
-0.376364405691094
0.927684443297914
0.115793722664953
0.407530745669491
0.323318057683556
0.732033294810454
-0.465166390386762
0.702336066793238
0.06276718452938
-0.985032344549797
-0.12506722970019
-0.307991034767959
-0.961102930818061
-0.843274430997
-0.541193076924605
0.715450438615895
0.99721127579764
-0.337341032238328
0.318635447886973
-0.0676603811904843
0.347894992854193
-0.876182581383097
-0.274730084885362
-0.113141242690066
0.624370637265282
-0.717558921871783
0.765244250920817
-0.131236276544584
0.821637545529078
-0.34536405421776
-0.347518524875696
0.275677934953611
0.518753211645588
0.80059091338341
-0.296454587607061
0.708140747583827
-0.0859153093780504
0.932774608334001
0.872233649675978
0.371479469161746
-0.562502432149895
-0.660435440688808
-0.370612033861832
-0.905998337420518
-0.57362948388735
-0.0470538487934505
0.445585216396689
0.252734537937892
-0.594173756034238
0.828542325259328
-0.093677262867107
0.286457751399713
0.964054695821886
-0.306158895270928
-0.920691212395659
0.918842210503555
0.12997917871946
0.760284067683027
-0.563563149478902
0.923917432296353
-0.311924492705035
0.227062099344993
0.788469001994465
0.614254205484394
0.12023956423433
0.790335075231421
0.513172504535684
-0.0148317317451166
0.210840689744284
0.293614557978865
0.643761809687815
-0.80024593172577
-0.865081990991725
-0.148913901484078
0.161465964791542
-0.172735841395245
0.027449264964285
-0.925953665273091
-0.129660483194581
-0.599141145880875
0.5729057284507
-0.811819908598736
0.936311849126272
0.559861432490865
-0.118002428759527
-0.575445831933912
-0.78455861065594
-0.0223364299753242
-0.853655662949196
0.524572186639959
-0.641963844583888
0.71957392238687
0.658581109697904
0.22511245025049
0.268785998089722
-0.660750277461983
-0.347119248021646
-0.940493533470802
-0.780521296920144
0.985476297263315
-0.748932013058921
-0.371125962696305
-0.211204813652504
0.499653594222727
-0.979092724188075
0.966317705502319
-0.431371113749544
0.209807558564403
-0.0491022895207928
-0.740577214990218
-0.609940760977271
0.847529431368637
-0.949809480192548
0.772807059120032
0.133414826913898
0.251947829510157
0.820545221073016
0.450649239391929
-0.641464520708354
