-0.205283441481171
0.989627860378492
-0.197998395175487
0.95590817928298
0.711808406525669
0.596848167909931
-0.894816701795381
0.386653623708262
0.0187287217519141
-0.0131478062817321
-0.415845455653596
0.0576766609198245
-0.895713891639263
-0.223934390306188
0.726347991469053
0.464086730543366
-0.654099644217226
-0.0287709914941483
-0.964474654527628
-0.909850428637358
-0.667617905279677
0.171835449416178
-0.483997561662674
-0.91835773195801
0.411275462243344
0.910626380182958
-0.192016781811463
0.777293590243984
-0.374672863063094
0.394075121478095
-0.671087517059491
0.977755754077341
0.145275988932839
-0.358617362676137
0.411832912727015
-0.648420905804934
0.0569147802836681
-0.606090097036567
0.343307714907291
0.36557070956853
0.0348012335167353
0.38828303072638
0.414347254905737
0.00171363701876226
-0.991121770222468
0.725200119960753
0.812476811913659
-0.824096360565546
-0.400609584084935
-0.395313793497586
0.427992349910284
0.161449289493891
0.559602220408143
0.515664703123918
-0.770394383804804
-0.0614674026608843
0.372524357304604
-0.563072990626101
0.670046550847754
-0.391738648565774
-0.358538260996959
-0.92648645913154
-0.324505540109239
-0.0552706316685727
-0.222826806096847
-0.831370892670753
-0.513715846185058
0.0783517382470835
0.35913650554118
0.206893674147713
-0.964338226273296
-0.395187739491763
-0.872097751966085
-0.816261737636645
-0.996476188626445
-0.895537589914337
-0.534722136484689
0.363156406772296
-0.279556374718126
-0.585237214807197
0.601913639856603
0.192917365446048
-0.3893473408427
0.236900422539961
-0.490244229279361
-0.60783357290028
-0.825573875944567
0.433071141636979
0.482974877456492
-0.477689391833802
-0.0243673690908859
-0.998879335436516
0.0163943613028383
-0.472063951106763
-0.97369692711916
-0.451158984781067
-0.267886342128063
0.913635234918165
0.456574103189351
0.69108565199279
0.733710418809269
0.353103571629459
-0.977342506533325
-0.171223365709611
0.582429982281698
0.262125170279185
-0.295816350709286
-0.475091005041153
-0.482776995265967
0.995911078229156
-0.694197089188562
-0.869014874567992
-0.103644827679505
-0.460601235005173
-0.0667193681688292
0.393283871250993
0.217790896822573
-0.713431989134564
0.662527604819599
-0.299312804357348
-0.404364492862981
-0.0553213566713913
-0.825611628149836
0.462016795390198
-0.479352489739922
-0.547252796981272
0.345991297194577
-0.719933479151941
0.00641246646361499
0.471466781499503
0.0403971841639825
0.154326419354488
0.422353363356147
-0.884843003278276
-0.727381388504013
0.583895319651867
0.384773106728862
-0.720115157553029
-0.204728626665962
0.0537810581370428
0.474913079082842
-0.961233713634168
-0.413586782508856
-0.0524614272055475
-0.336004284356281
0.382771299196269
0.716982193763296
-0.0862137686252769
-0.384700340154829
-0.936837399660429
0.085352537299945
-0.925336084604861
0.424642921170255
0.881679540734802
0.510221239275785
-0.693464066478372
0.151744016939952
0.642948625460364
0.432521026787007
0.315930734358783
-0.875594122829368
-0.449875688262442
0.72103840722863
-0.475194891728999
0.945585002852104
-0.197734665438686
0.13494124074532
-0.981693439004185
-0.563336996796284
-0.462662957563289
-0.716171504455835
0.30823722027932
-0.805813249995031
-0.915734956627184
-0.80492002437984
-0.0233318444551043
-0.943929849851914
0.431709932139773
-0.485237938479224
-0.791519529256586
0.689956837948513
-0.143137178026336
0.891273011069508
0.847488756363584
-0.789022502798771
0.913663605323885
0.861950950320849
-0.488954778802201
-0.897658828762128
0.368280516784083
0.0944822138489562
-0.804625035942755
0.231456992906453
-0.778875775072426
-0.943877499778497
-0.728755749778685
0.0541068997216725
-0.206237283623281
0.672709807630201
-0.233085934134898
0.893495591940671
-0.606558571619078
-0.679430238202933
-0.975905157401373
-0.714196433958742
-0.716049369226759
0.850513009869117
-0.763856666276039
-0.0974715955326104
-0.250667911251814
0.38470178875732
-0.613511421231246
0.127066810664647
0.850126283620569
0.0968932412803833
-0.284523171787799
-0.747865360894504
0.119670801510984
-0.421286016613493
0.528233272186687
0.196073986508587
-0.906209404249297
-0.74679093302197
0.303671497581161
0.908380834580689
-0.587210944398531
0.397153453586602
-0.591481698212157
-0.912704400216996
-0.578307665656095
-0.970321277361515
-0.936863743249991
-0.24436666672998
-0.483420808321496
0.413615648646527
0.223373186721831
-0.907975992626508
-0.0183178065595992
0.376563236470283
-0.0364198432408717
-0.0610334929579206
-0.869131311401711
0.133845402528726
-0.642818656137737
-0.671348338095378
0.707579123770659
-0.390974912110639
-0.226097525807589
0.314801289148681
-0.915660575006243
0.199543638727254
-0.250452854831776
0.283480906467352
-0.805118896464319
-0.43402166499377
0.257308031916864
