-0.190923206336743
-0.57762601127526
-0.884127538195105
0.676531733700342
0.195610711394969
-0.0361392190489703
0.449160670107749
0.0182038149901516
-0.912279952933696
-0.237529259946201
-0.492282729742813
-0.132310482745064
-0.0925266816260037
0.0502005128299183
-0.365084471378102
0.979273716466678
0.433756961343238
-0.391979920470081
-0.368547542485965
-0.123007795942217
-0.362749168132168
-0.462589751088637
0.483171290920856
0.193988525964723
-0.718576158131475
-0.889510365748095
0.478852099783754
-0.918305550192564
0.790962772857764
-0.915398858219605
0.125928668687498
0.588563466477623
-0.17579539891721
-0.992262278934314
-0.940377279149543
0.900557240123681
-0.403538820672426
-0.706150559564606
0.55053950713472
0.385561884211153
-0.315927065051962
0.308393639963775
-0.58450368252159
-0.43456599365807
-0.20492378536357
0.186310950526325
0.344053749375441
-0.748933895872133
-0.972442603726414
-0.214505991052141
0.535675939967827
-0.955211974904635
-0.302124093701018
0.208069216350263
-0.927814309821378
0.955671392216438
-0.548083297697983
-0.56128899699703
-0.767225963477784
-0.985359743181098
-0.799991167536404
-0.631252831032811
-0.534343151320218
-0.469500704988987
-0.236957835830373
-0.0751840359776446
-0.918439969901136
-0.852657850358889
-0.983245082867291
-0.0184699139022761
-0.702168953451572
-0.986022335376
0.051106383478495
0.559502998434801
0.506075268450499
0.490097991268988
0.408621634489272
-0.852763218721072
-0.00200865132673024
0.822452445410424
-0.100719224112733
0.0208027230770392
-0.772611665447911
0.772181726171235
-0.645251949464515
0.834246342190064
-0.801229798889966
-0.121639462181704
0.83518678911768
-0.281385018990037
0.478880370724976
0.697390131808389
-0.424289234093217
-0.0341070143432591
0.240210818710621
0.609231066436224
-0.756312484812021
-0.0612209546702527
0.208568614071841
-0.554001030920962
0.818549841090783
0.183695202153828
-0.331743590704856
0.714940045378393
-0.616777024174997
0.413018034262609
0.0856230868722377
-0.743754318191907
0.796568700285427
-0.278381914602123
0.488533469124575
0.461121770625424
-0.321614868362107
-0.711932334308793
0.488223716625388
-0.0301474802199642
-0.822470222799757
-0.304369848011404
-0.471032187318043
-0.00426821644864989
-0.357825413820472
-0.110835902029098
0.0082742724806319
-0.373472736907086
-0.731492917728057
-0.468732882801498
-0.375912072804922
0.62413747352443
0.248428163596221
0.325529625256092
0.720487894015169
0.284165874627067
0.612146283012759
0.0886187154710136
0.813022991278689
-0.031915890450839
0.975854790917543
-0.224936073462658
-0.592989051842988
0.0975325709886911
0.475683677607387
-0.0686722179443049
-0.533137584790917
-0.739987117221268
0.15012608463058
-0.420973075063486
-0.790329749483028
-0.65396464706053
0.262532615449945
0.613033453995148
-0.940487034912067
-0.36202351468456
-0.709892884064754
0.721402325104027
-0.53327335453136
0.707046898099024
-0.20698712314216
-0.949670951636344
0.00159387288205693
0.4434966550718
0.85645762353856
0.65732630782355
0.867964450307183
-0.625004147234048
0.0828920397961583
-0.752956297980845
-0.655524780495847
-0.376002155725347
-0.497722196111827
0.340931898998473
-0.831384073238476
0.310638261761891
-0.834647121867571
-0.789365895300262
0.236620335543315
-0.405851166090036
0.92618532595861
-0.508591723942393
0.981808990233456
-0.1172826253669
-0.54704449618422
-0.906432875071035
-0.433565943254995
-0.819174839208893
0.11136504709285
-0.0611663304367453
0.59054923456431
0.844342914295201
0.425022683984673
-0.899091230405054
-0.556193425072783
-0.197218711884498
0.615080226942693
0.483427758914293
-0.696465221268706
0.109392777902176
-0.0576603237661532
-0.287550371512318
0.082791028579114
0.486413208977902
0.199723507781391
0.918244889623753
-0.641643023103839
0.758887673659255
-0.570438830578281
0.696956168339048
-0.715807270584383
-0.588562728934282
0.702045571642881
-0.357565293349395
-0.148010885758617
0.216798214930927
-0.746021323716164
-0.929891570998913
-0.224773728812247
-0.444586455977725
0.0499390632380817
-0.512118829658269
-0.161562642029024
-0.693497619518959
3.90402190537653e-05
-0.247761636363514
-0.864596938262204
-0.00310838791883407
-0.72797670702169
0.659811525113993
-0.549307621698881
0.77978059480725
-0.144535947697854
0.582833345802827
0.847505072687621
-0.451624461606821
0.767007334340221
-0.0851142208859653
0.615418369218296
-0.439737330691452
-0.336506554977922
0.481454142145215
0.652080685520085
-0.755972528960972
-0.498355251228054
-0.285508755371905
-0.0607025164423473
-0.335333723957093
0.894689247615515
0.267433717428591
0.681353966836233
-0.644442646635608
0.579096208963053
-0.0223166197618192
-0.874951369153131
-0.365929679498595
0.514291421449371
-0.395684746210333
-0.66733536149138
-0.859839988220236
