0.155138697183144
-0.447123268056992
0.144300701092359
0.0171815920366136
0.894931554748184
0.399352937135864
-0.276687981439372
-0.153423092974503
0.378094091923968
-1.00977418778776
0.816759023768094
-0.02844747833241
0.995092834615481
0.136772002910731
-0.75716087550174
0.00972938082443556
-0.671115705928136
0.105790432107973
-0.975282728354416
-0.399823133010874
-0.0553626857774104
0.91118777154211
0.546149885969773
-0.854903259704462
-0.139935420035893
-0.315443814720495
-0.314859126971349
0.722888197197179
-0.872031600593022
-0.815870232496214
-0.639743379996105
-0.575840701660263
-0.604909099420261
0.361384789635431
-0.433994169424215
0.57728080364703
-0.44636455266006
0.897991910216558
-0.700546918463926
0.759500067913895
-0.46706107749134
-0.759368193499532
0.130074952132112
0.827980063563896
-0.914379384238945
-0.354051350146562
0.25730263742426
-0.345177615487264
0.797433368924943
0.257802920967035
0.206806812680727
0.0181633379030568
0.713607133363033
0.829947604688171
-0.105928079203217
0.942212542386476
-0.487392422878477
0.320042349962936
-0.500540330091626
0.228105113298948
-0.799966580905374
-0.832511297881614
-0.186481751139649
0.303288442350799
-0.29525560684106
-0.112575695800325
-0.220969312219987
-0.446226283436985
0.672723344327858
-0.320856335268293
0.882493311693348
-0.248446560884912
0.770062162985007
0.387227368269897
0.338968158348598
0.429464988171464
-0.0284886138497624
-0.313588392237461
-0.260168112558921
0.153421406956346
-0.828631997272325
0.778061452847094
0.217318411798626
-0.339837290522742
-0.478465124870044
0.556679726601349
-0.498179119590333
-0.707527049848287
-0.92425942599431
-0.720435487756081
-0.795010526467514
-0.0726378275535306
0.17122264955935
0.252212683266682
0.552735635509107
-0.122669507507433
0.522534248050626
-0.287893870076579
0.786527683262429
0.440632613700597
-0.300076956867009
0.987295518592152
-0.349581708760099
-0.48809317312301
-0.662346895231539
-0.865069609208008
0.107975677586865
-0.984959470906308
0.777792790116296
0.808684416966063
-1.00579047550276
0.929807699355508
0.0997529658655072
-0.0656412437477721
-0.624372877477355
-0.109282683246845
-0.608372055227448
0.626616759318891
-0.291811952052989
0.459564865545389
-0.334508356055867
-0.101278988510205
-0.809668989827634
0.42962601261439
-0.929714126385737
0.335388866424302
-0.606010664797408
-0.157991966510744
0.416321370545047
0.659950860991676
0.588617901156994
-0.913089312377272
-1.00318045496789
-0.552570957139592
0.63640747453785
-0.935863603189701
0.513299154387595
-0.477748783294262
0.0333918920613203
-0.0783440960823658
0.187296341276937
0.52390810933324
0.175682221461451
0.991332481711725
0.473199908539372
0.485524914265281
0.575617859131982
0.668839309043706
0.43313397073974
0.304392642137294
-0.995575176276888
0.0516421035597508
-0.818644167982813
-0.767975356050405
0.115671810397496
-0.0584368923247447
0.874282928494678
0.373347388531556
-0.00313382485029312
-0.166884198241438
-0.74068407357987
0.0686441256499605
-0.286834547085769
-0.345464273179855
-0.157231367658454
-0.358807646585858
-0.686781497523014
0.646949368460537
-0.481389981992542
0.0766479558527978
0.38438453305625
0.637119771517382
0.721847940297156
0.625161809361676
0.427096675043883
0.695781124435331
-0.210200042029649
0.975307042454791
0.659225827842049
0.131196081734866
0.276874887496342
-0.226413586462136
-0.80955476445812
0.553004280728321
0.69254425801205
-0.685438476034794
-0.167212277726369
0.175205007627578
-0.312858463538912
0.926846212818647
0.887461162280863
-0.471552176531048
0.878603659320036
-0.825068370688758
-0.874564113433211
0.136427586286442
-0.216872188270298
0.0768865419963853
-0.147642499589948
-0.750681437700556
-0.0989111582214565
0.88596907837175
0.0352442216145339
-0.929427709595505
0.717894426529408
0.232728187302798
-0.998605550553035
-0.989258262782877
-0.920996966132446
0.33392568832277
-0.804639482610959
-0.208909123121139
0.825514840399781
0.813854009012071
-0.686844088170887
-0.473025322247226
-0.567463529521448
0.157250558539557
0.524256843519493
0.730778993333301
-0.275998658452728
0.675871732164066
-0.371477871472629
-0.272876991774349
0.0746702752644052
0.8195392365245
-0.529681241062976
0.528010188705013
0.607456102747809
0.281975816051444
0.866425349914019
0.925079943557005
-0.0183509983287629
-0.00861631551820887
0.434098145491247
-0.0127218745559339
-0.741314150405395
-0.784898957413295
-0.882091302402823
-0.152237960576314
0.21507670722976
-0.645608374637197
0.359081614398173
-0.0666989134103506
-0.518786488044048
0.0440858649956224
0.181013822323618
0.843715608364603
-0.585059230281917
-0.559766214983934
-0.0508861655843652
-0.0657638623472949
-0.279229734990875
0.321069481691564
0.685865230778566
0.797027997577044
