-0.34460934259627
0.458840294089306
-0.699750626725501
-0.956971642088661
0.222326672885512
0.491568191609825
0.113828041466209
0.235629013009903
0.298902820021774
-0.93504093374864
0.984639371347614
0.880741696431667
-0.108312034580806
-0.0987060071336054
-0.924044765901635
0.203156177725353
0.0617849778909796
-0.13636660509454
-0.861239715943808
-0.934408176722603
-0.917057680625651
-0.724450896415918
-0.370652899675774
-0.439366556578223
-0.177677589557236
-0.325874844717702
-0.586664488508832
0.286928721048459
0.562029372090329
-0.297762724091714
-0.0977774034610395
-0.246655758174944
0.465912639161944
-0.873083103697238
0.658381300822858
0.344639584061147
-0.177385464754221
-0.849695177320301
-0.708624897766424
-0.472013420511404
0.135216834420028
-0.722427807367481
0.0185678778754694
0.543247755100287
0.43890588240991
-0.951928993190863
0.0895988161318537
0.445471745753899
-0.616057355854701
-0.0769402970790909
-0.00843535878269575
-0.0627007790901162
-0.413331120423087
-0.769796043857184
-0.727087965241192
0.472671546473018
-0.92162464776655
0.664170046985195
0.237894674050299
-0.354997809792529
0.711548132987762
-0.676883443082561
-0.526868899612416
0.614173179955357
0.502873546568959
0.318593054812001
-0.562805924887967
-0.289153650059971
0.0313779787769888
0.849381647676954
-0.476905172895723
-0.336826150854486
-0.399335741105352
-0.407203361527987
-0.901425547211392
0.214226417548055
0.305833322017975
-0.0332921899846712
0.385149272190252
0.995710429010445
0.290026489127723
-0.905791256323211
-0.653031553981309
-0.139254510964208
0.609335076403828
-0.904950525306919
-0.808426198955695
0.173103535136641
0.947101880749374
0.821588199028429
-0.413061280146749
0.973377055802082
-0.878186408397196
0.425311229642917
0.568442699790471
-0.862194385009518
-0.645582440314143
-0.321268612802587
0.875692140789899
-0.872212986194366
0.997373944369571
0.43787818260145
-0.317106712308385
0.591883211088711
0.406365705306327
-0.437106951566761
-0.0809901228654766
0.143026335688286
-0.279181644919464
0.116416967573162
-0.808174735296685
0.126503307796472
0.0867334222876093
0.540625623311757
-0.680157972335624
-0.878565602910205
0.306755645603734
-0.0665066917211854
-0.347487227752507
-0.265821555789507
-0.139070207103346
0.677532975479583
-0.545082349270897
-0.573074042502327
-0.599363757245913
0.337757555617895
-0.453312737270989
-0.60630230285595
0.568679584851682
0.186225886924994
-0.659286015544189
0.0760920849625368
-0.960703076645058
0.311670567951121
-0.823706795684784
-0.389347823623069
-0.443765125241651
-0.803427184906444
0.240458964961087
0.25942862090984
0.00137165126608529
-0.61107520047384
0.325299048314194
-0.842196332665046
0.232153985495503
0.519153063976957
0.00202791992506857
-0.00597940196888014
-0.922769418388016
0.407080991068912
0.151462073281861
-0.968994209403301
0.124157144465852
0.0542910479935512
-0.694726363576189
0.0562866710036025
0.940973589861575
-0.201688672009575
0.0213250723821503
0.953157753367568
0.416296819426902
0.998963012222335
-0.600702713847941
0.643467303472704
0.685805286714882
-0.941379066330354
0.428312536467007
-0.0357876258192029
-0.741590194236409
-0.744572634846858
-0.625343845081311
0.387374161654983
-0.625474101692566
0.125122654814399
0.743413286091454
-0.97487456017694
0.582074269594127
-0.992388921773042
-0.561684385791368
-0.55105947911943
-0.255057546678543
-0.146752097529017
0.120017331852848
-0.774979714116645
0.193378325719805
-0.869522984492707
-0.787203207376093
0.174092588312745
-0.848590129318526
0.451241748614521
-0.648011826007761
-0.459841370561776
0.808777260356796
-0.0937213526210503
-0.0413792666076598
0.324486659695029
0.378218111533568
-0.805000650067901
-0.0776361392241725
-0.212521843501451
0.865430898515611
-0.48647651532083
-0.605733276345467
0.162556186403222
-0.0382497273033424
0.495195803393386
-0.0851722651655185
0.889203435856717
-0.417359347446876
-0.956978810861713
0.376168419836027
-0.323520170984326
-0.978112547727044
-0.0192760692116059
0.537434709222579
-0.216611293203253
-0.872798988185689
0.762378106255502
0.234623768758978
0.476887060485423
-0.130700182045341
-0.220846381085927
0.0503188876713705
-0.514374220642772
-0.293322668255116
-0.152005036219296
-0.232939106193853
-0.965687041501917
-0.337898275440675
0.679238413300764
0.995976087562199
-0.674992528824472
-0.130656011436624
-0.972399727760323
0.347825834318605
0.331598140719724
0.171983519026894
-0.342951078030231
-0.237339412217292
0.306552826081114
-0.0887617895039567
-0.737181362692769
0.452662742461059
-0.481961600766453
-0.195445088322616
0.20495890314468
0.980994548102356
0.638783495939921
0.911212372681898
-0.0911639875868633
-0.376571992906261
0.27122190007645
0.964112002654164
0.985797194804057
-0.516242197308778
0.861497319512184
