-0.148051713221235
-0.159798970420642
-0.56788084553105
-0.591436268078072
-0.438538064145768
0.681068182654299
-0.548996843525161
0.13287889611975
0.347604223423467
-0.49350479532847
-0.270062286840626
-0.614445163296189
0.350239309729148
0.827078572533793
0.786057593600573
0.651937568804013
-0.59201805184113
-0.594209712985082
0.518035581913731
-0.704307517804911
-0.111915710715865
-0.600868212318324
0.206684239650121
0.75484004901312
-0.683327343930707
0.269435909542256
0.97343402481729
-0.109923547689709
0.90245408895282
0.817883646465631
0.435966575271303
0.622609686228057
0.288557428274545
0.206819181967598
0.269356776026978
-0.968895911281943
-0.598216482930885
-0.904705907979428
-0.887605964874902
0.00928110797835629
0.223929069349171
-0.84182340958071
0.554739554253819
-0.466954955870414
0.466559889139912
0.837105870327038
-0.151207004552108
0.447475816508749
-0.18508725691884
0.583215780487399
-1.00284327157405
0.731342114196828
-0.577219798969876
0.127315057524398
0.372667373331236
-0.604387123290381
-0.0526042239690919
0.0834600053547771
-0.52163181851349
0.827540423691955
0.109138901178248
-0.551901179381959
-0.457541416931146
-0.632500069419214
-0.864818698980224
0.834405834597947
-1.02873285873498
-0.379785355165663
0.918212706355533
0.297077290765199
0.269883314960771
-0.473392270467391
0.166764468955706
0.483468605777218
0.138370519130821
-0.546245324339909
-0.375690462155102
-0.898672338484403
0.440812830439023
0.888222038730758
-0.13751380899839
-0.483118513426644
0.415256388220454
-0.36186593439404
-0.666145413871989
0.21528191851256
-0.762002070063333
-0.278909317208973
-0.285327599318496
-0.962324815987174
0.988740285389554
0.728901290804443
0.39518253027708
0.759028121131427
-0.378511402989068
0.671754572217191
0.504754562238468
-0.871692115603917
0.168945794664321
-0.888599288669902
0.20012991169478
0.727335873907012
0.318887351570389
0.876679699173942
-0.188143008566322
-0.907574760826257
-0.952985533604113
0.872069872050377
0.326863862871224
0.376032296660188
-0.028531355428193
0.644129048774441
-0.739815716006293
0.772087629249028
0.215317484256289
-0.823774622420939
-0.189555915561657
0.00391002102024287
-0.968321463377695
0.101270625043955
-0.72093928354733
-0.85814846751711
0.872543562822085
0.194487070988649
-0.03412946728488
-0.60956261282259
0.966268128056863
0.595306117623969
-0.814346837701774
-0.227920732940514
0.767163174523564
0.195106773852673
0.294962155481324
0.11073074063805
-0.374591391493346
-0.0640115436326505
-0.617384307435842
-0.022817353945108
0.544955252638635
0.475603869648753
0.645649625534715
0.285494403803645
-0.158119031767202
0.580874971938329
0.374375949215036
-0.326887400957272
-0.953294438623728
0.208011977845886
-0.863359723804795
0.0659547272965435
0.744605899072491
0.00104683262206215
0.58217693362899
0.222133216279984
-0.177835583286055
0.281767123604592
-0.955898738589776
-0.787398752083744
0.787476627729659
0.120866870538046
0.789582692724856
-0.597990958061321
-0.100224331864371
0.0683548493476082
0.754886038790938
0.782762453976948
-0.597092908826807
0.311177594608863
0.619610296761253
-0.515606205875192
-0.085002325130834
0.372276810529025
-0.0619148390305663
-0.318203468975148
-0.423601619521105
0.877034375755672
-0.193543705350966
0.613466767132777
-0.385238203176136
-0.292394028686368
0.555413747542062
-0.493400672460508
0.195158732537289
0.872378821657135
0.746184583327534
0.784064272223631
0.0806436721628644
-0.747389006571963
-1.00608394395761
0.00240470891360542
0.742675335853934
0.503573753843398
-0.88621245674538
-0.916134315825497
-0.380767453206851
0.744875804326625
-0.8602272022841
-0.765845208250642
-0.642115514781023
0.266398245205032
0.174465075642511
0.708727251832414
0.352326847730251
-0.80237870020513
0.20098934242028
-1.01807608511698
-0.634773444665506
0.568442238565872
0.787454508372116
0.982749544165953
-0.328378034430814
0.533365069570341
0.72305387907555
-0.926137560739757
0.863084234427222
-0.175211242244052
-0.35710287728582
-0.945499975175041
0.105432910767636
0.0110540507291332
-0.282383327293724
0.682667679783401
0.0605162413868394
0.733274934614315
-0.446434704710092
-0.226929870371396
-0.466618540386767
0.854851287677706
-0.362076034295015
0.490115974966509
-0.192139151924059
0.539525884698965
-0.158833435436429
0.335459344267026
-0.722756184820179
-0.0326568287972241
0.132145956797401
0.0375322870604435
0.417731696022547
0.187402192423057
0.175211633205334
0.888268000440076
-0.352220278699413
0.554204522051609
0.0888202440703236
0.838212052744692
0.855158122330736
0.219400823906851
0.579668690662017
0.661469639854257
-0.700277892996069
-0.458798036234439
-0.832620559458609
-0.03527516718133
0.123959080602813
0.559354575688938
