-0.77119475556471
0.353129468981017
0.527058235021855
0.722245768987935
0.852542436478715
0.541094974601933
-0.12691242520102
-0.202066029943137
-0.606241419045611
-0.342770252703477
-0.940608502183474
-0.206133464600814
-0.930790381710072
0.43001985285391
-0.62161187498813
-0.94054955874902
0.359555820581746
-0.0533507040290141
-0.829126836012127
0.474500524835535
0.234075847481442
0.913399565161244
-0.594130261088112
-0.277658377913393
-0.106822183951291
-0.699807212199514
0.554036972261736
-0.707937573739679
-0.0482680133356869
0.398019266135173
-0.731961197991803
-0.669420242627915
-1.00405004546853
-0.272375903561373
0.876113301379496
-0.153807806802267
-0.494070434717994
0.198888035841976
-0.0658908595192525
-0.12522099264193
-0.599785414585474
-0.0247515949319301
-0.721928559843009
-0.013931213075381
0.556374294849752
-0.0645036743312016
-0.537841167983948
-0.432543725057647
-0.96988140732802
-0.564617854187063
0.69753561726079
0.821149253088649
-0.142896555875871
-0.079859214762537
0.62818578360085
-0.0374536999993016
0.13604562542206
-0.607679144941205
-0.72688496567086
-0.932544169133866
-0.105661821334826
0.789732228525274
-0.221918561037694
-0.210616742232268
0.134035307250468
0.786178458329474
0.757094113893546
-0.512965909205766
0.958681969463847
0.759748013433079
0.958336957697856
-0.523759280809829
0.892539758009218
-0.756469627801916
0.632359828799148
0.01510152823418
0.217775138258412
0.317496581809136
0.0927132830300168
0.322651512164166
0.994159248952593
-0.0565602578974314
0.301597972953144
0.819949272346066
-0.448138281589508
0.849832598198218
0.773997629740027
-0.284511599429335
-0.943921539939569
-0.85922481565831
-0.614675932675415
-0.19715896099845
-0.92629911469825
0.818468031197415
-0.677022364679765
-0.838584217646663
-0.881854538801707
-0.725322537143667
0.225029583353322
-0.564328193853312
-0.558932504648898
-0.287368984862912
0.333909244895316
0.684512139711067
-0.663150039017122
0.933988334613221
-0.977650939403338
-0.592190457752004
-0.391824670870083
-0.593087316056665
-0.854123883200079
0.937692151036681
-0.449864055449411
0.577297362084209
0.98984149953162
0.293618710170046
0.571803482591625
0.9890614192107
-0.756000208759163
-0.564967555489018
0.585665031662182
-0.192117818206543
-0.526829484701792
0.718533226503362
0.842502344985932
-0.123875043799302
-0.913953840905647
0.112200048177356
-0.890982968787879
0.3710502307379
-0.80667213302979
0.492040936974467
-0.607443010115391
0.328666885594824
-0.196769642489657
0.516777530137603
0.190439530284227
-0.138274894844799
-0.751704646030724
-0.401804603548095
0.836337048982073
-0.31133536966284
-0.75154940197902
0.675982744994078
-0.88512184251945
-0.29226244449147
0.782353394928805
-0.00913228484705994
0.69871250790078
0.566096846031731
-0.100965389776509
-0.757452317084363
-0.363922918316885
-0.683454653666312
-0.276202148268217
0.535397864177996
-0.202992344792661
0.576911780372768
-0.696027996425649
0.385529729006148
-0.0213071047501465
0.796479723042148
-0.835232514329694
-0.0445688387680006
-0.440338026554466
0.760903071401176
-0.614521612226269
-0.248363429632321
-0.711188170795622
-0.347646959504042
-0.595501623765612
0.422001384945919
-0.925103916708338
-0.901763987450705
-0.217309167561984
-0.755363844544082
-0.932408627129967
0.404774716676549
-0.267948776505189
0.540703128923822
0.490193733581796
0.428689735316477
0.459862159134672
-0.420135700636051
-0.407599001118746
-0.180635472734695
-0.365009249551399
0.84835774433513
-0.496911857380295
-0.744890327309965
0.215594591450791
0.227217193799922
-0.99431545983002
-0.823215134133034
-0.746336671127139
-0.79723267973243
0.132633079496551
-0.587518186231887
-0.0128196822028404
0.0237612625510666
-0.63380828659007
-0.64285897524051
-0.93529585120667
-0.28211345774452
0.912901384910335
-0.556546017255871
0.0570128134177256
-0.0337657339506954
0.894676877701674
0.737014223548162
-0.854682843288473
0.88772996329953
0.817524220511786
-0.0344436308690993
-0.42656023198059
0.408106568237524
-0.829910866448211
-0.973656824852952
0.292124516884842
0.573052789174247
-0.292135036739621
-0.0483986201227621
0.741207535441615
0.153471545889549
0.635591626793219
0.741044912123277
0.945168353066617
0.477834621021662
0.287881544126331
0.179518598091177
-0.272867711595676
0.0823729705850103
-0.682324245020328
0.932017014341146
0.337139454445926
0.0225828837637899
0.0693306162402338
0.820234396587128
-0.52474487759943
0.854236800501246
-0.170584943801846
0.0500499470682094
-0.713373945154004
0.556223177936864
-0.332413319580751
-0.405625848045524
0.444940066386971
0.784073783449065
-0.385613556131093
0.666903131072367
0.630688786417488
-0.291972099099122
0.965725110282859
-0.0173082881152347
0.0857084869709724
-0.0231989660200875
