-0.785511348466322
0.833960478305261
-0.694329495601697
-0.25287137565507
-0.0692411372730247
0.0727168549395408
0.788867936867959
0.972581381144757
0.789812746014835
-0.780113623498587
-0.511507372151488
0.767730297229211
-0.61059267897718
0.322667991950354
0.79029773998256
-0.100805535647423
-0.325169632566385
0.133323215493074
0.105967671439245
-0.925420462636904
0.112829102197376
0.245172636320274
0.0286012498133661
0.107511458814402
-0.416705528717561
-0.800073656188041
0.87103612006255
-0.958201232273145
-0.406233178263646
0.911410033217655
-1.00033747561859
-0.239774005058098
0.404143073448392
-0.137192601352466
0.331747656991699
-0.344977738102861
-0.802073108950925
-0.970087205738606
0.32964188158511
-0.658665978495776
-0.960676206596748
-1.04204208244853
0.811057524580205
0.106154782407106
0.97476131299894
0.366583880752402
-0.0600906668588664
-0.292873869622404
-0.14809765739489
0.422872871235758
-0.934377311446842
0.711418561527574
-0.248029243966219
0.303185389619356
0.531000863219534
-0.534585366406158
-0.155787191394205
0.616740768860841
-0.578385326272806
0.869214333590859
-0.266635677718017
0.585940157035736
0.100149210712089
0.856776008257644
0.358920265895747
-0.334750192897291
0.0166358300208436
-0.549433337654799
0.543864618061054
0.128715253888919
0.202957588198675
-0.479342950958486
-0.181184652939367
-0.414769083269173
0.339883421571909
-0.693433360202925
0.802164236719318
-0.125146954432483
-0.582960571490392
-0.284880849230115
-0.233469763624806
-0.236789905737091
0.919350830399084
0.583670681471413
0.947414364683098
0.413583577857066
0.884185153315687
-0.91038381163407
0.728878476023871
-0.968925816203909
-0.916376693352091
0.0167775569104894
-0.290149893650976
-0.422402163603408
0.283651755130484
-0.111001871294838
0.700658401375528
-0.270717054653817
-0.676732304646365
-0.263234330434595
0.342467557087591
0.468379575425683
0.192903660129121
0.103862503743763
0.650452049747793
-0.709190187709351
-0.622485186843006
-0.142721006145509
0.86023601633699
-0.400511494285138
0.210234916319513
0.0780601219386716
-0.612091676763582
0.318514702330437
0.644795525613494
-0.533276254837071
-0.218902614777417
0.0827367518005656
0.733207667744238
-0.946619597967762
-0.158969831786037
-0.154467622220887
0.0535907978695316
0.307714941315116
0.561922842021495
0.965178428772298
-0.570372981253361
-0.604536418726702
-0.183662959293
-0.342238598488998
-0.0179394046786872
0.384849730706404
0.371580720309226
-0.82302040287408
-0.679208714135618
-0.357691626833419
-0.531254896246452
-0.854783631609469
0.860314784633893
-0.194244762838004
-0.417978475585395
-0.677458616944221
0.339627840653084
0.460422868621012
0.132134253705169
0.334014449744146
0.528413376473751
-0.670541700620785
0.754809882948832
-0.542640091132573
-0.213568137637628
0.927224385673058
-0.107633364655074
0.260795005585687
0.689255892191309
0.600031197238681
-0.251516934942443
0.925607498891212
-0.226313741487179
0.916177936536693
0.406744787231761
0.47597535341171
-0.212350645944897
0.528782405918961
-0.121126034782491
0.453171476049276
-0.0828152038839666
0.769670843261164
0.342541045730267
-0.96490631492973
-0.560761996158085
0.984385526124585
0.773298338937108
0.699288686186444
-0.899026497190333
-0.548128441583799
-0.515142888491565
0.15133968392314
-0.229686950596191
-0.0659501927678717
0.412609523975829
-0.161692781345014
-0.0780853692703496
0.6374843111243
-0.0525785485227355
-0.826233077698605
-0.76120570835253
-0.318874088313777
-0.61405525262264
-0.98457915355922
0.16692363630134
0.850935124098066
-0.661519563862632
-0.144530650464475
-0.418218038008262
0.98045966214089
0.294193863610621
0.802173319546692
-0.206050740897167
-0.348603140852617
-0.179396558714519
0.673811107646309
-0.0568348540234809
0.796911577315256
0.727502676116591
0.918622212752098
-0.860466688494721
0.28362467555684
0.783290046880982
0.305082978612457
-0.761603060413921
-0.595030906158735
-0.510986592626211
0.465069383952009
0.971265367430034
0.829213064429557
0.113561464160042
-0.906322322322188
0.45328293483457
-0.341858084263522
-0.0727435194646344
-0.385013000523248
0.859245653160383
0.534996783528728
-0.279051124918757
-0.343521200031145
0.218194849319543
-0.335302179368722
-0.714047489523987
-0.249662631215571
-0.98063901410201
-0.872808622770977
0.117095085920749
-0.448147410330607
-0.00405901225595168
0.869575803207959
0.70804157358175
0.0135372116057996
-0.804209637433152
0.496644727724298
-0.131772199340873
-0.960964891789772
0.929675789681027
-0.907944874107173
0.536115213108008
-0.422895527251101
0.421349642033241
-0.99097753660522
-0.632227894109409
-0.862468862313966
-0.394362056411861
0.902345603101292
-0.458481458295874
0.410460213549959
-0.084654440156425
0.0361760474193145
