-0.56255529407648
0.818448644436435
0.136682155383123
0.268133355636248
0.51928883399458
-0.00463890827982908
-0.116138904886088
0.368051977109072
0.8912664917083
-0.446115781619149
0.768464069182308
0.195259558441028
0.623603179375622
-0.461149038481223
-0.190169801471951
-0.11174414374238
0.692149570459783
0.797203066804288
0.769305786876652
-0.0258464732051576
0.57502423925336
-0.500288309387494
0.461915583281232
0.0400843377823063
-0.615852368752768
0.605632600197631
-0.540369955604031
-0.605696936562988
0.607202893913953
-0.86380982153187
0.935123961867211
0.450424944782647
-0.771891255573594
-0.0494422659436509
0.155536279384982
-0.549615785070674
-0.557127376636328
-0.450130829658929
-0.29659061442871
0.947943915207096
0.0980086610250713
0.134565752014568
-0.9371412450872
-0.592784702581788
-0.142254331110068
-0.237717768036791
0.861074879642902
0.438982474858814
-0.0265331293975307
0.69799694005476
0.159806653431101
-0.664768943345619
-0.417203674929936
0.655569000786053
-0.802008287168632
-0.281155787826584
-0.549733187822473
-0.691297433607651
-0.123513136114179
0.224551114704141
-0.365080241176617
0.709774034528616
-0.479687930667334
-0.245833306494734
0.785673292540738
0.181597814722845
-0.286446497981491
-0.700150716971713
-0.124165551855539
-0.518501094275716
-0.583745816222424
-0.599977523686348
-0.523542496452851
0.322382844389583
0.249163093178132
-0.569787121594713
-0.115988872118283
-0.300463554029
-0.0739669685154208
-0.61251682613535
-0.148851182773018
0.0815671581788199
-0.247166184115759
0.477797513737528
-0.448343380451799
0.0642591133277574
-0.503889666348982
-0.59555793385106
0.878158598140942
0.604002776872201
0.237460910733607
-0.132693176109322
0.702599373159979
-0.380371863850641
0.636981511414684
-0.649161736987355
0.177159959775314
-0.79237065984398
-0.273021461025771
-0.407735671066776
-0.473521119516118
-0.119540281493927
-0.540490789699759
-0.716637278506565
0.613657109534815
0.254382175085817
0.966220516587864
0.466231430521421
-0.0980515299421538
0.917704157839325
0.887166567735695
-0.382689607336615
0.059331037550891
0.342061687965674
0.879600255374171
0.0881538007510502
-0.460545055599595
-0.419795976931005
-0.502266060077323
-0.710879662389094
-0.248602118523766
0.411742294579372
-0.336490147296251
0.265054644178728
0.260040954455958
0.67685785175961
-0.988132200050279
-0.873229585066935
0.436503399955874
0.983233689657777
0.427613719896759
-0.778405860203458
0.680497835926833
-0.248884118181371
-0.673805752859424
-0.0071756171384567
-0.212948682581498
-0.854943111280682
-0.602001347122876
0.801574074466829
0.136698286706328
0.287260631417531
-0.839765065291229
-0.676474136238184
0.671110300546691
0.629191978935985
0.53716558596349
0.549891603118819
0.928425629422891
0.897833824182077
-0.436577717258862
0.0504466892407741
0.746570698173471
0.400855764626751
0.558931500938146
-0.141197931085169
0.565759507853835
0.255707932120927
-0.832833949053778
-0.371442634389463
0.870465484009507
-0.122437811067692
0.121993310688512
-0.299733200397592
0.773226589969634
-0.848954933207493
-0.599327478031555
-0.559723905045731
-0.573548231849527
0.373036047666142
0.390649339416049
-0.415968705313206
0.357877564307445
-0.847886591118111
0.205909059076397
0.677175365482221
0.23438501910226
0.410467058773387
-0.67308853377269
0.452114276202891
-0.481342993374822
0.461990699082986
0.856264301433888
-0.614731362572354
-0.219176989206947
0.598851080424293
0.64927515693894
-0.291973969531968
0.252762797604043
0.170061616550496
0.401414472173592
0.429547247376288
-0.811602043342758
-0.162061893815753
-0.957033541219021
-0.764533663091715
-0.511704707348446
0.222393381001975
0.382959480954241
0.107899990427868
0.593750359736008
0.317177862051033
-0.656440076324169
-0.817008397267345
-0.558514630387973
0.438736748606466
-0.852801502088006
-0.124748764280703
0.566487511268109
0.297735027686826
-0.183737819855061
0.320227123873351
0.00693832861171738
0.187778283460916
-0.650024767080181
-0.524360279453061
0.541201040409733
0.754310771089185
-0.605700698215772
0.593446394064885
0.757872027964603
-0.0522333064488496
0.290978015042618
0.785568843669394
0.0117229943549458
0.612469944940507
0.719638999158521
-0.42089306167626
0.103133380702557
0.977362272006192
0.401431742731498
-0.518466329895351
0.073944469355282
0.587273903700328
-0.22698615553507
0.916792012861723
-0.4918561246979
-0.908834777246201
-0.825421233404656
-0.787803712508075
0.531638086423656
0.15067644755225
-0.099254445093968
-0.713256225126925
0.877252711146239
0.95148437278599
-0.659890031799747
0.169941506145061
0.554397360474807
-0.596983916901435
0.00678592425097046
0.297327097409537
0.117089256746159
-0.974866601428406
0.681045986060654
-0.707539591087749
