0.75487669592979
-0.24550671257486
-0.142067049698674
0.244102708620836
-0.837904726496054
0.854490437930091
0.184830879593829
-0.494303103595622
-0.174383332724248
-0.488179397385582
0.30746521711498
-0.576528461639171
0.792997832208698
-0.528497287549475
-0.130058286818907
0.357195279006898
0.325339548606086
-0.340331380058045
-0.334378038037993
-0.219057112692477
-0.0239926591517975
-0.324981570997244
-1.01303135815295
0.038897425320751
0.214705756444067
-0.171696731313261
0.600828388456135
0.313126506538941
-0.532292292009099
-0.295474946449246
0.820925778807873
-0.839562841426643
0.37080482882864
0.271976912680112
0.937149841207223
0.33561762010764
-0.89947996586306
-0.323387551537342
0.217680143375022
0.638805413250591
0.799550815944984
0.389718558349955
-0.814390537592972
0.783604514139614
-0.555927348125498
-0.992729317084214
0.47529695461063
0.259119728221099
0.356922205057216
-0.197005271524839
0.857902526066346
-0.803386263143304
-0.393948513921455
-0.209314857661627
0.0410166979495183
-0.315043471713372
-0.373227146401922
-0.99399935022813
0.504301830574211
-0.104336599806519
0.444509447807437
-0.308775514948075
0.180277984909146
0.785966770780271
0.300536181945774
0.230129983815596
-1.06523929337351
0.529745604645089
0.276934548430408
0.522317049983315
-0.524551632726394
-0.285520674857482
-0.71239821086758
-0.344315747083408
0.460704879133823
-0.747847499014885
0.79088623236346
0.300719230703746
-0.203059857574508
0.352127636823778
-0.943690422324709
-0.0882365180330735
-0.561712965440658
0.578720661560269
-1.02592668075178
-0.610243740827804
-0.993969466296526
0.15415761248423
0.172414742539141
-0.782881317054415
0.745514965105205
0.703327547449105
0.236542479995802
-0.627674903882187
-0.43549173155244
-0.24038438929622
0.55459815908945
-0.28343760600454
0.506559447672403
-0.870310217151023
0.572897629579715
-0.719381420194354
0.112182746342723
-0.0865545397927349
-0.535860964172273
-0.598386122479989
-0.0468102972677108
0.121429089679372
0.0551650835414017
-0.429479335904673
0.482264478833694
0.568700805903885
-0.577562705034286
-0.215565002679736
0.100503090306834
0.53914981821147
0.1439212044636
-0.24728352786741
0.913307846261583
-0.60635494598683
0.734415369207102
-0.760536459365804
-0.959117827034743
-0.19270887411754
0.60226342850405
-0.931634712316277
-0.518318084717666
0.37366212319308
0.187598903901006
0.0691230816428918
-0.000767767580958306
-0.304488226850708
-0.920414409189412
0.78100372575418
-0.789930846870417
-0.816056674329404
0.882341126562632
0.50741933063183
0.717536020394656
0.589100588383223
-0.579213100371232
0.933861465132346
-0.893725608229065
-0.550552936261905
-0.902303290754813
0.76734660987145
0.183111353027161
-0.432293578301579
0.196006104494909
0.226349038560315
-0.135010087406247
-0.66682948514202
-0.874414831081798
0.382643313099242
-0.557676339207994
0.437561946041131
0.772161162192114
-0.91228267891297
0.415875518645063
-0.907694355095541
-0.930424288793596
-0.251148955803161
-0.457821257547838
0.259060555251298
-0.563413286773029
0.237562205384659
0.354488095963053
-0.216489183606312
-0.428304471988084
-0.756187113125438
0.697676669687601
-0.471323774795043
0.152198485907273
0.932486563375523
-0.737212396513119
0.789967556527345
-0.663948191699523
-0.0193895774452079
-0.966715080640808
0.230082749119494
0.474914410991787
-0.635515596018733
0.416702236290569
0.929235193768714
-0.812872643057445
0.816371404698235
0.0729402687244537
-0.793349052097643
0.592586590951466
-0.11409785854562
0.267196277769403
-0.806891666557238
0.920419251611861
0.390619672906255
-0.274149059248457
-0.35793108673648
0.785371770684632
0.985291378785419
-0.0728655440521604
0.179129912965314
-0.66860765035216
0.905118235369619
-0.8031979111672
-0.727285415618428
-1.05768700570085
0.37966008886609
-0.899702461248889
-0.988333543994561
0.67307253141273
-0.651766181283254
0.200058992099782
0.0827961411233454
0.912718149995245
-0.392162678591648
0.809052248994842
0.386772328405109
0.166951804963471
-0.568322242668085
0.46477484400653
0.866108614454899
-0.546808628867476
0.136939878054789
0.459831878279301
0.618264793306598
-0.417328559329653
0.876562236609305
-0.888014508309773
0.515367436827452
-0.32174131232158
0.964010113123572
-0.947388434563159
-0.997091529952286
0.769647730483426
-0.963789275379362
-0.229029810455014
0.0259901888494665
0.696904322666672
0.391014344109851
-0.964907095449186
0.855232840879896
-0.215998672379705
-0.860964832150851
-0.114784189701919
-0.463131067927739
0.134836208919735
-0.520705144879408
0.634415507385857
-0.819510423302988
0.408126460392557
0.361786887376522
-0.90709119696261
0.964685127883005
0.69857490436258
0.802987507960079
0.818091504055236
-0.489092075402675
