-0.423277167699128
0.832273225748172
-0.925619678504287
0.125525861575773
-0.73442968633137
-0.812142594669678
0.454662783608399
0.162482025706526
-0.707262523959331
-0.614618466046812
0.744989139807511
-0.964774623852596
0.875883906321049
0.660134800344439
-0.296142372931632
0.721745187185511
-0.916216899225066
0.169321303086843
-0.816521585670365
-0.157407472142154
0.0536896074984915
0.40948076487163
-0.389554066373351
0.280681982787341
-0.0301412736907113
-0.85360233121891
-0.774033369498744
0.407346926311435
-0.825831643280838
-0.617443468082506
-0.1493534498642
0.636955634258532
-0.213648237380772
-0.286333119389132
0.913119862347602
-0.356069195285545
-0.348616654411472
0.167611684601921
-0.893086124190946
-0.876814364495629
-0.824548773001536
0.883327821306254
0.918255262023128
0.000660721208456928
0.839668858264532
-0.443448753318377
0.290093175789505
0.281486646467555
0.650481097672191
-0.0106533914671896
-0.715448681958892
0.281494200615852
-0.399314143697387
-0.745840897725451
0.385058814242449
0.0520496155796637
-0.533994243122794
0.304296104697905
-0.109647787729055
-0.0187731330796606
0.804406243886124
0.153332929906204
0.2140106577585
-0.479672338468453
-0.878732758811732
-0.523922126995714
0.743450971878556
0.813269137128651
-0.0821241049364802
0.598663287595149
-0.688005257409992
-0.608211338248587
-0.8290305543227
-0.0133912173425707
-0.567031608250847
0.847702471157757
-0.743928031920745
0.644890906005137
0.886593575892622
0.0267060696921368
0.074263338634296
0.332128749103252
-0.256818441605342
0.759880271331326
-0.14423674869999
-0.824235734676287
-0.320259282316599
0.654559345340338
-0.889072812239006
0.614726365850063
0.438672584659725
-0.0796600010754924
0.767192838480576
-0.0934524852704429
0.913949123975725
0.551411030749662
-0.312665030983566
-0.678788797708975
0.651513079740999
0.729382351237514
-0.297754054045614
0.976383848455454
-0.485814337421089
0.33113586176331
0.0654030426232286
-0.120020570336659
-0.863532501019479
0.852870098568634
-0.399185517023107
-0.117580010447514
-0.0374785651010282
0.235709514520221
-0.828122638316668
-0.737437420644704
0.355900338253972
0.100661929285807
-0.4392315669091
0.186797245770747
0.361296262381633
0.477783062939561
-0.867124963138533
-0.99062173391858
0.393283542042782
-0.476076064065967
0.64455843740929
-0.780216284379164
0.639138213600221
0.78747854265112
