-0.508314406292807
0.666900159088554
-0.228654487683637
0.77020743436816
-0.225428600038223
-0.866666649853054
0.118791552793859
0.98595021302349
-0.739450648044471
-0.701482078568325
0.854726538599131
-0.821640631603128
0.684251907229965
0.380315448536226
-0.339167314642292
0.808904341178723
0.707386607900512
0.104732413327979
-0.608543009223751
-0.630154614661785
0.941285141201914
-0.468178541582235
-0.516434827903707
-0.274252998506581
0.427295626002958
-0.542881010400115
-0.296923954944834
-0.697635474286882
-0.216046112630358
-0.546353492105887
-0.00376413859763734
0.328643853888042
0.515264637233462
-0.838801900209103
0.537726113925566
-0.729531676750796
0.201188302527368
0.402367542708658
0.323880858711216
0.718551610189588
-0.948425607500457
0.18859039304534
0.109354999603683
-0.3322133571228
0.593538606940551
0.64948497520941
-0.939190979031267
0.591956004802755
0.840332604803853
0.0935604707639526
-0.834998827665457
-0.198512539038243
-0.068874279115082
0.716673323384982
0.963927686262616
0.194600266163981
0.181192516814496
0.410526179354645
0.203858987766998
-0.193231897304431
-0.933871931815207
0.477020531521602
-0.469091593343564
0.057221640373011
-0.377622910100502
0.0904515560734628
0.0380229524645813
0.469449195563613
-0.29885420179812
0.783203879558639
0.272037340847016
0.388091966212683
-0.837777043902742
-0.396155976303253
0.436284469990806
-0.832504727185819
-0.41248193522532
-0.0241222505767294
0.529390010842938
-0.876637758797105
0.0153839240419936
0.342538298852278
0.837910181733341
0.524500992943622
0.94000668826621
-0.284353990732743
0.560582030657449
-0.380002731517732
-0.407739626769887
0.684282402820318
0.129082891382634
0.994827927340556
0.626040234087506
-0.491434046227443
0.0274646837647313
-0.588022752770111
0.283406629185956
-0.500885212092091
0.31128049251501
0.193790856416029
0.465083004901409
-0.762319918101902
0.0340688013093601
0.640330443924978
-0.777925271964263
0.709806324939267
-0.980525651229621
0.558434739049996
-0.0845210846957038
-0.0174779817193398
-0.168251592106911
-0.222340342522334
0.225463252822811
-0.630373896461889
0.389227566674599
0.118018632089833
-0.369585164148076
0.895336989121498
0.147659195730688
-0.184782587148757
0.680692731989042
-0.552756847381195
0.462756139842862
0.697955289257129
0.684741773415536
-0.975651320110032
-0.0444955186501311
0.411435031990204
0.300110844215694
-0.0423692788670409
-0.807275227031222
-0.520134151537798
-0.266429168201761
-0.475680555262484
-0.662288496145113
-0.864004367914153
-0.281580748436989
-0.337563335053479
0.849439818248113
-0.676476973658608
-0.326656577951409
0.801912590457624
-0.0647438190779936
0.671062217554717
-0.497278405268071
-0.220629860798261
-0.835981260542347
-0.791229615686693
-0.242475810227141
-0.830973835045889
0.0494601494862432
0.534780159110143
-0.194906077900547
0.483792283155246
-0.713812598313789
0.633059748891725
-0.196868041671484
0.433035632732956
0.998540310649043
-0.963412333794616
-0.900361915438964
-0.689952060681483
-0.354793065433232
-0.195740681972031
0.792645316952488
0.526414041028971
-0.602847965695015
-0.314631950051365
-0.131635172912034
-0.700407014547022
-0.949342115003356
0.97950942878487
0.524014407862558
0.886856375430736
-0.772946652191796
0.180276187437453
0.0785782521573187
-0.277406831499371
-0.770235034531022
0.427225441091357
-0.472923862742748
0.454690225656488
0.673926498212446
0.907045409659305
-0.170327561842022
0.54442034938
0.101709929073967
0.675519954647023
-0.930401148040509
0.749325586514625
-0.676984392608938
0.174042253610572
0.746542982377239
-0.0759088217971409
0.422742464000179
0.495693630046406
-0.385254044290835
-0.621978751409317
-0.229212136050673
0.00342552658055608
0.682724985899653
0.910734921194968
-0.346726260478345
-0.519015448929442
0.463506690972085
-0.373244937000949
-0.876205449707605
-0.321062104420532
0.918971735890216
-0.509249169430757
0.51350239156033
-0.864167853613249
-0.0673092297620423
-0.0728576795151925
-0.119598070616755
-0.608218309509017
0.0590857975181609
0.127857845583043
-0.194683529467998
0.110246280664545
0.47552407106541
-0.659800831270096
-0.422151367316247
-0.110774701472571
-0.917999746769682
0.481586651007606
0.123852361094247
0.921237463766808
-0.353174003112463
0.795615227390458
-0.214961617903592
0.643074372119386
-0.955501880336613
0.468140584694333
-0.62857476813174
-0.53334977556287
-0.84993428347617
-0.687103901132651
0.581327722791621
0.407961596687043
0.649959300786663
-0.0609830338378675
0.863262975204797
0.401258559464817
0.333181223890327
0.761353199277491
0.309290410573588
0.0683000402234524
0.017160476120034
-0.348940782356136
-0.104696319448253
-0.828615107735917
0.133656446533762
0.680081426805107
-0.850238664921162
0.367123628709205
