-0.154477110006975
-0.203841776834984
0.813117446805038
0.523473638210374
0.0723220624147183
-0.00471844561042705
-0.876104734932803
0.856753913251432
0.489059964665393
-0.699326172216374
-0.314291271029382
-0.0027232511169244
0.584619368530279
-0.894242754154098
0.684790693740131
-0.672952394039029
-0.242065783185063
0.849575395906913
0.482615278168093
-0.680517673659038
-0.316754909861293
0.772741639136353
0.084700394892168
-0.897369178211726
-0.574638273295577
-0.768657144263257
-0.934689862881081
-0.393013963515713
-0.37534329268386
0.00678990219210886
-0.397386058843082
0.239314598587436
-0.837114430380786
0.679026105260098
-0.697921830925497
-0.41421455494124
0.314842780723129
-0.495405564620523
-0.25683496734932
-0.181438802224754
-0.0410429735145704
-0.0063846377334154
0.413892010475456
0.206744180997655
0.361013366747085
-0.386845222888723
0.993394612192556
-0.315598860896733
-0.277371607733557
0.049330014920857
-0.54397337879149
0.201385482413689
-0.526054234426346
0.875653226588738
0.513369834297368
-0.127474815329996
0.986401519573345
-0.00682995181041386
-0.256403970889386
0.376027222255306
-0.100934501878375
0.383792398881156
-0.602180182161547
0.569270473040495
0.39453828299909
-0.188765367107491
0.102237143308696
-0.198963530638639
0.556867302798682
0.686594786324823
0.603597280728816
-0.231353089764106
0.590719696955151
0.632887485913111
0.345616777132913
-0.0996435249349785
-0.941011629715375
0.771444595687894
0.511358101137169
0.0449550478414106
0.903083059203806
-0.0752848020930324
-0.335929655361409
0.198659879495291
-0.0183701368017984
-0.021157368796912
0.39279238900067
-0.770305735241103
0.742120074592245
0.952021037851004
-0.269292468857594
0.826340786370109
-0.704278959367833
0.201428834785351
0.39930832636959
0.714007235353462
-0.609285082450856
-0.178632554014201
0.277703358729645
-0.7382702800679
-0.439264103812574
0.0896872483547471
0.774768791788953
-0.859282747784934
0.328376473944017
-0.526849052144095
0.950037371928325
-0.584041453483246
-0.916045798630899
0.582396360945654
0.376291971176126
-0.856328006234672
0.330530757555147
-0.512618265966323
0.841494320731519
0.336498894164373
0.213317686660992
0.859142522120586
-0.823148601862486
0.247456217898661
-0.401582494896502
-0.435810873039639
0.544063121067841
-0.0339801040371452
0.245918653926856
0.121275990040091
-0.218186624097924
-0.604444725888344
0.467520494103496
-0.152464124126485
-0.444449556354227
0.665662580704395
-0.535174304879415
-0.266175819364047
0.955884699605299
-0.10641450834378
-0.191804428661634
-0.246121654952696
-0.612003022662413
-0.885645712147825
-0.0214694610899404
-0.0632051547893553
0.282360611117071
-0.895004362687992
0.493761643959887
0.211654920538682
-0.828597476575069
-0.537567943575057
0.955986260830015
-0.299033825356618
-0.615567173667067
-0.148296105156653
0.794477323868097
-0.813239906253162
-0.584200218762581
-0.287143951493427
0.796628311387041
-0.592017803695594
-0.819875989718988
0.936450735893889
-0.626678140796601
0.883416408313194
-9.92774465960401e-05
-0.514182096051129
0.818076401197627
-0.810386132486774
0.915189125657968
0.331672962474972
0.035947739401114
0.684779679372392
0.34952048061361
-0.7722375109973
-0.584688356643066
-0.786824742376426
-0.068631674896837
-0.536979301348475
-0.444650165726427
-0.432336899656399
0.798614366450423
-0.0341792626836896
0.163959746165458
0.123945556996543
-0.393079138813956
-0.829987762400384
0.133951076165034
0.488688046449469
-0.527187438539248
0.392607317722521
-0.623413453592195
0.653727834068044
-0.490367358042626
-0.169897204446012
0.596642355333542
0.280858270164125
0.264894868760483
-0.455196856908434
-0.38630935835302
0.342868521086251
0.587749378098359
-0.265654957793705
0.636055802685492
0.144741984655438
0.954036836003844
-0.0392229069374975
-0.690720057189892
0.924363165415591
-0.0438108253653739
-0.0218994522036275
-0.797920572671054
-0.41221037133265
0.36873798619069
-0.00567029312614758
0.175838121775846
0.452415094009745
-0.782691067097574
-0.427824309191045
0.371460835723119
-0.011507502984562
0.540587120680234
-0.801592285218555
0.751053739264166
-0.49660162478315
0.0288132263394893
0.498734381614658
0.713487559537104
0.515205518446263
0.85945571667467
0.156170740612512
0.871174320850775
-0.426196584353025
-0.475153916577028
-0.797351345881683
-0.688182627284188
-0.632979394636183
0.0046411398989924
-0.405908070415366
0.651400533095788
-0.128265824207729
-0.218128963103144
0.262347578667062
0.828582830530638
0.640929233926597
0.3726277080804
0.158598865953639
0.744666011826846
0.553690727798381
0.516072852645623
0.370042331510551
-0.90463182219433
-0.127860277123423
0.0925061687916965
0.924951361342725
-0.764686131104902
-0.915719347653557
-0.482569624502511
-0.222688500111171
