-0.982540239000979
-0.267380469618069
0.893422082759538
-0.261143289883359
0.112238792626027
-0.304276558530095
-0.0616511788972653
-0.181889465127383
-0.483979353891738
-0.26101743951672
-0.0333280503815508
-0.697144101507404
-0.972335841792136
0.340868760179095
0.999220558613776
-0.980869461884308
-0.877627884906052
-0.626040221889866
0.17336458445653
0.166681590000768
0.453374509406441
0.241552986875105
0.852998156963435
0.501950687639326
0.320053495590195
0.948875935915884
-0.567951476822775
-0.654594116290028
0.327308001625697
-0.614767387238138
-0.134360039761235
0.775058207896523
0.495238342838756
0.285956658123208
-0.612845827529919
0.407507586469071
0.107633515338505
0.194920806340899
-0.440449435058134
-0.228637195241552
0.393400428324916
1.05511994872392
-0.760678233624041
-0.713802305914328
-0.00398543684684421
0.372830416836732
0.604428076390729
-0.588450447242856
-0.871410857909896
-0.741036463847805
0.82697046707384
0.796155418798154
0.783899479888903
0.62098400910287
0.118008329186038
0.254930224559671
-0.439026948056367
0.713731732147232
-0.233496684942461
0.768665864778194
0.970702161451861
-0.455477384044324
-0.895606243507031
-0.688711040480707
0.192737766061531
0.0713130184182484
0.863201088475673
0.15097083018157
-0.715905760247187
0.792087522265734
-0.611997437740702
-0.378889965685278
-0.918298707876463
-0.924444744586111
0.0686777635797091
0.253226418194474
0.77429990041986
-0.0825294497496668
-0.914757022003831
-0.551637055997982
-0.519512051867684
-0.270277047719702
0.405527826846205
-0.14084637793078
-0.737425057232562
0.148546924186003
-0.497580885341533
-0.579572988168521
-0.837818046946537
0.852057608830318
-0.12558365892481
-0.531151362306922
0.0522062613785004
0.309818602578798
0.595786660890079
0.688986159701019
0.191672239431641
-0.261369684529069
-0.709552500004805
0.319615194757491
0.187291728664433
0.599270103179808
-0.684833823129417
0.394856890189937
-0.528842587361356
0.260380106451788
-0.429477541636288
0.769067241714892
-0.146542508799886
0.803564407894933
0.534176991451946
0.952293176209834
0.94307464798116
0.392339023755276
0.312905396946872
0.166504700683214
0.957140871205864
-0.634222099708477
-0.24988528544533
-0.310265188673157
-0.331327474867883
0.922571695119881
0.896653002089691
-0.0177749879252455
-0.949600057595434
-0.119270372288097
0.827946444025521
0.651215758705301
-0.717905197635812
-0.276941886380416
-0.190921357145939
-0.286310345912114
-0.00216188970471073
-9.92636019395855e-06
-0.819262482007135
0.934529556265635
0.726363413735794
-0.144197031408213
-0.986267705301655
0.343529747763749
0.533484214641314
-0.110056538223236
-0.860944019692335
0.662007909647486
0.290164406562274
-0.265755792150237
0.821113175899197
0.937534050674605
-0.751669269292124
0.141565063972878
-0.922047354780577
-0.578828194394501
-0.554337441045704
0.471783880909416
-0.576420752972464
0.732817336283167
0.679428930507062
0.931753206146276
0.755268881981646
0.40579988266204
-0.584084790024851
-0.621134000228441
-0.403497769236379
-0.386486570655916
-0.667107588471132
-0.835910064541203
-0.483624265001899
0.813324622169354
-0.681398244475426
-0.305754845810988
0.784838098167903
0.307616637205415
-0.0146410822955371
-0.852431286055509
0.281809900559097
-0.841285038195536
-0.710072722037923
0.704703463055307
-0.268322148352088
-0.368686288499109
-0.90043606785438
0.580100063835248
0.802937178035807
-0.461538189731813
0.368557326988643
-0.630070532260615
0.485422726190196
0.825439824283626
-0.549024141036345
0.00425619101554738
0.52018139877636
0.876464664878894
-0.624737032580089
-0.455580345511736
0.707957584210872
-0.621665603842255
0.721956712448197
0.0879867017803894
-0.279256076954985
0.63426944683479
-0.934865645267742
-0.0431079077106911
-0.213494361340586
0.779635613158528
-0.181916118091254
0.640990828642654
-0.661194186346779
0.813271517595693
0.938967061180747
0.229851356220169
0.344148990345519
0.980565569995434
-0.243431148604633
0.960151819875457
0.520144024440729
0.332263564237566
0.372077508385346
0.493699625356146
0.716023614909444
-0.324584144686358
-0.152114072625611
-0.35362457750579
0.657323450393099
-0.982136297619356
0.398849913632914
0.964973299246312
-0.303777427228881
0.867306720234818
0.841727564435367
0.478812780210491
0.169999850365091
0.826536828972473
-0.186124223652163
0.249409501700819
0.465593053828471
0.143215390078305
0.708635469449873
-0.958855862079035
0.787951924966678
-0.225375619498343
0.224033907657956
0.542496304579759
0.925472225091265
0.825213234026178
-0.35725636898395
-0.174072723990894
-0.225046362521944
0.559202385442977
0.356579683569094
-0.780071964040084
0.0994027108443708
0.287157329211653
-0.3211365447776
-0.976512862256071
0.918948531233843
-0.000658685460981049
