-0.882443712453337
-0.530884717196857
0.582810419003882
0.558828871742031
-0.483462344705054
-0.961398367969576
-0.647032084659588
-0.774365013345826
-0.684249604629217
0.494999519596862
-0.165855562682964
-0.808530441841674
-0.331751566255946
0.387478520662169
0.200806598634164
-0.153831295232415
-0.339058283448502
-0.845935966369952
-0.999455130874554
-0.783900243651608
0.596338922781575
-0.607866934232146
0.239313960437034
0.116882000293153
-0.675118205804906
0.994475757835401
-0.0609850275758324
-0.747710939194699
0.277944605657669
-0.447283393661806
-0.892853600277235
-0.110669740063046
0.292678430333942
0.0825886283601314
0.175664436276716
-0.788247221876887
-0.680016072990489
-0.403826106147868
-0.781628947252767
0.855232162378237
0.768404115594803
-0.0832694376349355
0.600943861798721
-0.389559938434322
-0.390878828477663
-0.909272268331974
-0.460103464030583
0.965337104176693
0.786616411244044
-0.17541200282894
-0.574947209723245
-0.59707703994471
0.525977389116312
-0.892151392137847
0.120546733763165
-0.703491732577742
-0.790545321418023
0.132109250669902
0.397198369133666
-0.66098038522665
-0.40526074414821
0.492185323422483
-0.30812224169973
0.0670340983482897
0.924333578629889
-0.471403504937514
0.0949333594283779
0.580151613238505
-0.176016698167879
0.198484537426038
-0.53718393519994
-0.920104565405185
0.259459783137378
0.28228257577528
0.168654380539111
-0.276255692558096
0.364736248890508
0.546705881821312
0.873593134557252
-0.334144788597101
0.190005604721436
-0.246626768861359
-0.916187576745056
-0.151675153617054
-0.745051145247169
0.763887208520356
-0.642019187344793
0.604682280119666
0.530846882322827
0.901076392823613
-0.152214429126078
-0.770567688419687
-0.578771888709526
-0.206082014468399
-0.00642243484007757
0.399501945702108
-0.358200086296732
0.180486825610645
-0.114767829635224
0.04564713115872
-0.0352066002976705
-0.190261432168627
0.0589338774723161
0.197569315687496
-0.223447133857212
-0.316886687321693
0.699361538810633
0.430448485050088
-0.713569481158536
0.484772009215892
-0.826738642566091
-0.628715921996373
0.376738608708668
-0.0734051983213068
-0.663117527702625
-0.398038797032634
-0.54342307761251
-0.442621128807532
0.278902456140237
0.528637454418195
-0.294709203671543
-0.163342399560723
0.197671225567501
-0.443853220193211
0.40597115829679
0.856516932824891
0.797128390302813
0.629187410042679
0.193637671042799
0.966699574949998
0.216400146842914
0.996942843727253
0.782425151812589
-0.184859783282232
0.736135063191958
-0.579071519338987
-0.375648498412619
0.972277757456534
0.713419431765742
0.392040417500266
0.298191236379198
-0.134055816178567
0.818232162890748
-0.0243611566132647
0.127819394590309
-0.670007571171745
0.259151998004568
-0.235650864505248
-0.373842102727443
0.534146020837428
0.579150326428103
0.546525757999637
0.175331241491238
0.848534959390153
0.881314855416509
0.579087515801872
-0.679862629654234
0.642415034480114
-0.694963407865567
0.039924775193679
-0.239610226792849
-0.510405259856982
0.462440254101366
0.189202968753829
-0.919860642059442
-0.632333355167855
-0.0594899039667783
-0.235388887666346
-0.516637564017344
0.179383892267494
0.502208693598633
-0.296417842628115
0.0929655453298931
-0.91860357953241
-0.993968523356338
0.577186895635866
-0.653233180598948
-0.939567641074178
0.620919665072376
-0.601752065551422
-0.245367566688147
-0.30698955118025
-0.0111352265946641
-0.728606888824454
0.851747055198672
-0.254897339497723
-0.260482453934002
-0.830025318209593
-0.147623066843714
0.46470872177393
-0.773177692224366
0.0849236177371541
-0.962061748426067
0.910474962771934
0.853585534614671
-0.905916616537569
-0.176345201281962
0.739391382688226
-0.0725243696558657
-0.45190850850985
0.988031330932943
-0.656167850276874
0.514375257075743
-0.190020517916209
-0.614390215664962
-0.597222893121185
0.0827718140413841
-0.164148320137313
-0.3170655705124
0.287960543473864
-0.723124027704377
0.542715738761669
-0.570611114209041
-0.408667996798182
-0.0015109254264573
0.959363715454945
-0.355517000696687
0.0448031275874523
-0.792397173231354
0.452347729495292
0.182512156502303
0.0658828264616139
0.82363166172766
0.527370956825657
-0.944798497597342
-0.452652784877012
0.444854336397166
0.452891199594022
0.29015950647865
0.30546115376329
0.913255334710123
0.525346698736625
-0.00272605999894308
-0.176242661284935
-0.47547730757616
0.597137848063283
0.977937159778154
0.0624509055473481
-0.144395663672964
0.199792513405104
0.442557107383685
0.107532983082295
-0.541511563126668
-0.95049832094718
-0.655361702211122
-0.865216426501953
-0.648134653966079
0.582789627491752
-0.0204372780880098
-0.796818541502461
-0.0134731316389494
-0.895717236393922
0.35499565809462
-0.202977106052983
-0.919338248216088
-0.180019382296202
