0.347239359407552
-0.463147369870213
-0.293848750308652
-0.856174842307147
0.907072882625703
0.686196399620796
-0.529409127407409
-0.499731004615662
-0.63558190892884
-0.704500961895113
0.442227948164197
0.363058807150916
0.407506089674797
0.0615279789773029
-0.22037444390866
-0.861901794099179
0.756793328621153
0.713289479364436
-1.00986545717736
0.73437011674442
0.197406429846766
-0.903236300531396
-0.0487722031446025
0.860351970756534
-0.827008266929404
0.168531236795098
0.707522540932598
0.916874900985318
-0.162001608053669
-0.931688622232387
0.0887027564592628
-0.290858202096679
0.868407571567982
-0.422698190799705
0.534040367323549
0.800416143593177
-0.0990687550621939
0.523312547044439
-0.508621900267478
-0.475078260479162
0.257609588698
0.961405194014491
0.302417753959279
0.65801331993037
0.865370995756348
-0.850218404591169
0.416072571897507
0.873584038776318
-0.0132871524135263
0.88751554055427
-0.238967685188908
-0.770068791484186
0.769168006249259
-0.31767630735523
0.0894945850253964
0.688828161339339
0.850174093738255
0.721967396229553
-0.909515100691181
-0.37803079373672
-0.495569414241968
0.246129195362422
-0.742359566922689
0.0288584616648582
-0.600202782712551
0.838719361792783
-0.309472556442514
0.38590997545147
-0.248976869674321
-0.186393615479154
-0.907759457162105
0.457654059943412
0.756815122594399
0.334462678558574
-0.461121551727191
-0.657004631232568
-0.334588609844581
-1.00889570273211
0.477720017324632
-0.507120501574162
0.135186977873769
0.14213149918425
-0.0945616384063468
0.415243364856397
0.546955432991888
-0.987784267736248
-0.54361391252207
-0.703890475715449
-0.751896867935267
0.207522576914353
0.245830599868328
0.789423926625073
0.775684072366917
0.761360274963941
0.456466853894725
-0.329792570064499
-0.928918943529422
-0.335569506816018
-0.188192771114848
0.823171210096823
0.739940810724355
0.690786747182254
-0.0152902934377282
0.90727790561049
0.219032768033819
0.0422218963126235
-0.406912992445343
0.920915101043753
-1.01374623161663
0.316393414600371
0.463132570414215
-0.364436267922087
0.218946796497617
0.268532405235417
0.304017937967555
0.035394348912798
0.491141818653787
-0.922574628186114
0.617527321674339
0.774624115430553
0.385550265684645
0.246074644878851
0.469328513720707
-0.684060299230575
0.943488370378388
0.192374673440241
0.856394081193396
0.604226834575198
-0.694009559155932
0.046809765147926
-0.177069983177701
0.436292151398825
0.0376826649194349
0.962372904525108
0.321874217990589
-0.00288026343469616
-0.0798158898153676
-0.777295300026038
0.886144237053734
-0.49148156541119
-0.446985885900057
-0.268172482598239
0.251109088079888
-0.936800518420678
-0.794251173012843
-0.108477297602466
0.0662069181925059
0.590258167653626
-0.513320431542805
-0.299634899113146
0.525242995075986
0.192756153536172
0.878858543497162
-0.910252874607235
0.602720092657247
-0.324271603158734
-0.203295467858424
-0.11444929493756
0.797558705532584
0.935115779049948
-1.01118488336005
-0.769997827099744
-0.983024300235747
0.963768019545957
0.860125607555041
-1.01526148726126
0.924583400418601
0.159165700151193
0.285086337088799
-0.822164153886847
-0.626042578835325
-0.565222590269466
0.430827025737066
-0.288293476583448
0.239116544002699
0.789382605988818
-0.315368426399725
0.957569026042779
0.168758335337575
-0.351060515540053
0.971923727555963
0.752324146521013
0.31008844920297
-0.792612854616462
0.881086391409888
0.486379329785211
-0.62563118002632
0.912718298985458
0.636545991560655
-0.248260581046129
0.0926220550499368
0.308964150839055
-0.107567072687771
-0.00207061974051707
-0.0509851830776222
-0.955750421864072
0.664199844231892
0.0367660689562335
0.784506396159043
-0.10945512303181
0.908058234741965
-0.337600910849468
-0.0651883977910545
-0.845598825779244
-0.720522965668968
0.454893197754944
0.642689058576105
-0.341223439267826
0.803015593426809
-0.350094055494918
0.866228629971855
-0.188419567728528
-0.644208217661167
0.0603631528765169
0.274371196787863
0.693572033785111
-0.386463417638908
0.477273533243634
-0.530649729485698
-0.920198513001247
0.195938039591135
-0.325205328673796
-0.643183395774915
-0.104768793490363
0.483684092080677
0.642785285443298
0.537700425613044
0.262593513982951
0.73296498819059
-0.712996489390467
0.164872476350798
0.232630753289204
0.573042909589237
-0.635599229920663
0.960025704068015
0.81137228090338
0.00338164836374042
0.262052688011604
-0.987212641258144
0.965688210770254
0.401943741507145
0.499932485738106
-0.362078968911661
-0.113141257680273
-0.138490621291677
-0.700484723444581
0.437388054769711
-0.667935021348429
-0.759199194129561
0.84206757107897
0.0899738254494873
-0.188931601168058
0.500905457729413
-0.589199731299811
-0.0528592018298499
-0.558443765462463
