0.765056546645629
0.777244512625095
0.436587846956531
0.910542399582036
-0.46197315856172
0.186320346898033
-0.924527645474232
-0.71648226107294
-0.173232797232333
0.369387544599305
-0.250382577105864
0.865098454881127
0.05498062419588
0.569079302507282
-0.762209030553607
-0.423329445662094
0.425558331827555
0.843850680820524
0.420383892444322
0.0205481119370522
0.134342768348533
-0.42787196605934
0.842863847084965
-0.695899694732541
-0.931712345485255
0.487862986933334
-0.0743031015667159
-0.0447099686624911
-0.410930932004282
-0.0889030970496307
-0.428995940178362
0.0298343817167713
-0.799598544819376
0.411198951303222
0.49798504800672
0.851341290703819
0.762140433104897
-0.635717547555542
-0.772761978128725
-0.374280405734902
-0.789702560490605
0.288763623347997
-0.674132277967307
0.688266110491889
0.937186050877391
0.184076485457985
-0.862466890698006
0.37571963796616
0.897193858219582
0.0717984529529449
0.9049541390155
-0.854324786492993
0.711879977089535
0.0994909878334926
0.985423288306233
-0.397590821638854
-0.0592283183037689
-0.30631764307355
-0.103026788432052
0.717071566877095
0.668822938322115
0.496280934873284
0.198179255842145
0.678939148860681
0.985936698423312
-0.569270545700625
0.339381259029037
0.21470061131953
0.0945451297533544
-0.919533751920139
-0.960675128431106
0.104443122506774
-0.558495320419536
0.908323003030025
0.376974577192966
-0.670303885227343
-0.525694328694046
0.93135310183413
0.118326190902892
0.260090993123023
-0.0730411427497635
0.434466737067034
0.157317102729927
-0.581963544655058
-0.40602233620129
-0.973585550795418
-0.430742546915713
0.758665679670822
0.503402243167804
-0.643428397880855
-0.144475186445559
0.918805323995611
-0.0790099942212586
0.77747030468806
-0.920274126586282
0.825697700470652
-0.455990329432351
-0.859729103807814
0.266034391589299
-0.924817363401365
-0.835332311278371
-0.469437706262888
-0.990674107103904
-0.284596337278827
-0.0405633439260293
-0.543188604827691
0.61729279729616
-0.08217796310375
0.190187104183355
-0.223860647854123
-0.391336197000361
-0.0599327405194787
-0.184533825353743
-0.288203540578607
-0.403801860676028
0.218294063110963
0.952453531397297
0.250450611971344
0.0522479666128925
-0.331175037534935
0.479739413138792
-0.0101530896036035
-0.735399698090124
0.285687202904973
-0.482820099230676
0.00743583587031612
0.946952289071994
0.770680672295716
