0.651079369719293
0.984125904302601
-0.128886689789484
-0.793245643474886
0.578642797642043
0.0108732492681294
-0.471493509945745
-0.764309830000074
0.537841688020662
0.719313892033162
-0.894414306890579
-0.5245516266548
0.20050884080686
0.173422771441694
0.47686513460581
-0.877181668029002
0.314448324327317
-0.892297171588655
0.745740849515405
0.321036773893307
-0.104561652782953
-0.149079934968211
0.143341392501745
0.686863624552043
0.654389651121032
0.420592900180396
0.002894782570052
0.481511482520158
-0.178796396178202
0.866985947998966
-0.0827538852405445
-0.900520985246563
-0.720060392468933
0.262661036108799
0.572865335572428
-0.0745738116170595
0.0682647479236683
0.0275981069348753
0.714194211645571
-0.975658224828288
-0.896936587930214
0.0616118269893445
-0.532548297981643
-0.67782477732222
0.634485854928095
-1.00013905004148
0.734565377484094
-0.275977216204236
-0.450785136431287
-0.899230919768711
-0.338731270812894
-0.21762773318012
-0.968982409304907
-0.886957245507132
-0.080353673669
0.319837814740666
-0.724646631479318
0.142724354938991
0.752967615780935
-0.749739887409771
0.57805562707345
-0.0855690242142798
0.601708828719909
-1.0405822778446
0.859407231174775
-0.273583859202374
-0.613111731572081
0.244684424099972
0.313756913134815
0.623690210596858
-0.653339525853421
0.3719776521603
0.373869745704935
-0.77956251515957
-0.517602521265834
-0.842206380053308
0.516753696089535
0.774045240976478
0.383569628790884
0.579135083046845
0.897778925711371
0.585232489230843
-0.969693093893549
0.273449217136065
0.588810543797752
-0.0446994855428303
-0.330007751137009
0.487740661724047
0.355476322822417
0.789257134141259
0.807760493229487
-0.34759228742169
-0.0542444081464228
0.432935833944395
0.253752283756876
-0.417568200572836
0.0790736510331305
0.235751363071258
-0.63455273099347
-0.24930317738912
0.82842779136617
-0.768356841958082
0.412433740424133
0.897081264670181
-0.437750118654607
0.563352067770551
-0.875589459696282
0.143720535429135
0.725411369473417
0.232179597750345
0.162147760215726
-0.0798054573873283
-0.413762487999041
-0.0703894969740172
-0.812400078400217
0.979396848575325
0.677372128974632
0.885163448151708
0.395043689101136
0.36446832233394
0.191717527670583
0.975224245498838
-0.346223571266631
-0.837809521843893
0.218105446232741
-0.453388997229913
0.456325574124882
-0.0666949267768782
