-0.177589673124371
0.849078662618866
-0.328248551431575
0.715970924812439
0.217217944688222
0.765214912968822
-0.644815301887523
-0.113529815437334
0.670412630463099
0.288366662769089
-0.196410028239909
0.0729857673025128
0.123455076078572
-0.968412351268669
0.386759494738351
-0.222219240755761
0.930067668939591
-0.129988387124601
0.737327954442967
0.463894103755796
0.404772891142588
-0.696911443628526
0.864858387739635
0.209706624178437
-0.55413600190978
0.692785080900695
0.786142603437464
0.0396419185810616
-0.40361541644241
-0.589137946326566
0.820452829450262
-0.232825553752073
-0.164237274682311
-0.98932294764882
0.76716325847655
0.887503885731655
-0.623062397726677
0.151781566142338
-0.274536240077592
-0.0587010260180529
0.279920311698255
0.400858014579847
0.568268715430584
-0.964106798626035
0.587293961139688
0.939166853306607
-0.494912419994014
-0.862356903945015
-0.185283098183478
-0.19277128788199
0.749196850585614
0.183470990425683
-0.0969818548468721
-0.24269917167763
0.543976221872372
-0.0884392297448039
0.470172067166169
-0.394611033272409
0.239748940342612
-0.911097434809734
0.892592203215919
-0.0931869192397174
0.251490754546562
0.654130658299467
-0.803171391801042
0.994674044392266
-0.553308693549377
0.196521730220701
0.0422719857676969
-0.161736497734385
0.85524778957237
0.123792076401046
-0.766903976492327
0.733421346463109
-0.254124704586769
0.396607751556613
0.0935461827252233
0.489940409674439
-0.625272744216107
-0.668831219916444
-0.607920398090874
0.484345648557503
-0.71772939767194
0.439429867186456
0.126876870279463
0.0646696456474218
0.888332052555389
-0.972376926519252
0.0682243621649022
-0.142256109689487
-0.260650054885906
0.0833425157924388
0.335906155560911
-0.988293180818789
-0.173200986708598
-0.0660147802315846
-0.653489656755214
-0.970334482589714
-0.630934753939119
0.699907020774212
-0.560914507803914
0.590298390619582
0.0278451506072239
-0.860895058806814
0.368056834414197
-0.648944484105085
0.438115030447414
-0.902821740441602
-0.380980015498099
-0.110116739064015
0.626550734338573
-0.556543148193087
-0.579923274675637
0.0417644903969752
0.0325934844879816
0.00626015899187179
0.185928634041304
-0.144694043022993
-0.642373024112412
0.41575354469699
-0.528800171440404
0.834693415889926
0.525783050592884
0.122405022208875
-0.803393514543687
0.607493432789829
0.64837730438193
-0.292856064434156
0.809592828218968
0.556464028755307
-0.623794819987482
-0.558072143906723
-0.778521434847788
0.790099243859828
0.401506378169733
0.208211399178284
-0.731334243557693
0.360576415677733
0.327584446451316
-0.835940076106693
0.0578974092057074
0.285326537169795
0.23464629534592
0.880419859509371
0.324182155663521
0.912682650094658
-0.49777877800009
-0.0727488355037004
0.968910673764685
0.51739948769996
-0.289895620099822
-0.819285075347582
-0.616959852133054
-0.727761991811142
0.985182801186089
0.367391546932175
0.800091978669118
-0.791993580398495
0.0420738618717436
-0.305183868535781
0.478482081150584
-0.74534207843664
0.157247745664711
0.957999375099082
-0.427297638619105
0.469423864135061
0.669927432545234
-0.826777565691725
-0.637168714517849
0.837204849275806
0.426167748563772
0.905655718446234
-0.492773456559981
-0.390959183138336
0.806127471377968
-0.685228590691561
-0.383847407306101
0.0920919874180553
-0.708008686357743
0.537385820198078
0.16129725475028
0.647479692852779
-0.879649795552891
-0.320093225128376
-0.744222743234841
0.0842671363311422
0.450008188753511
0.432554238039875
-0.398698233335637
0.712863074567046
0.042051222154097
0.96124937332179
-0.200587376686167
-0.867917248573863
0.567352099254401
-0.0197538417799722
-0.937409407071831
-0.523664334319121
-0.0695827391616736
0.338927460956411
-0.088303665620261
-0.434530795503445
-0.840418729217038
0.792825414551992
0.432078796646845
0.841028266851981
-0.848520494065243
-0.00655650188108294
0.690372650024829
0.185453207281034
-0.463896646495399
0.414504583339273
-0.347699675886256
0.586408541230951
-0.579520890377265
-0.620482789149921
0.884468309355678
-0.618648374324508
-0.138462116221099
-0.810369940554471
0.871268781726919
0.588454603657914
0.154865910101222
0.887152583610227
-0.128977248472501
0.349522089135651
-0.929150380908043
0.834439674224093
-0.317326852836878
-0.401262117037299
-0.0632820733952235
-0.390790617586237
0.407622713191281
0.938237114272783
-0.655162925960879
0.273563547235881
-0.829888507762034
0.222615578126866
0.82739638996802
-0.106666494456268
-0.884503996712344
-0.302951988620162
0.162254852756631
0.214112286176274
0.0902296902484623
-0.973128792783804
-0.113212094182476
-0.197177247064781
0.220998396546769
-0.548364462285141
0.512448346413302
0.258616791997366
-0.420731958250906
0.309949673460926
0.606221728306694
0.303706917460781
