-0.915949528414878
0.608915873380281
0.877116830953848
-0.77406120074265
-0.287544684728514
-0.167620545744644
0.0546320327634673
0.719526176232108
-0.593285159836231
0.362047588304086
-0.171383036381418
-0.522695773006209
0.0607325090026299
0.819850692633426
-0.113137426597229
-0.18734424144654
-0.509217175908551
-0.545827759535994
0.922152061229072
0.864592257006978
-0.530975716028776
0.454211857580856
0.980181660330139
0.71684246257958
-0.292937147432895
-0.560144069281346
-0.861923992446929
0.556780488297502
0.917917026035035
0.706744091106046
-0.646676079758147
0.00432798323982199
0.24627772482765
0.867899170215644
0.795108728282537
-0.664517567966352
-0.675155233340232
0.586314763770268
0.552322000825667
-0.145503505535496
-0.0535475913321604
-0.962665817458
-0.20974521967053
0.902970355706903
-0.771221921397346
-0.177944603070215
0.0297453205267093
0.202847204975779
0.507548482551264
0.914485293888482
-0.777922624245937
-0.47646766044494
0.657208407990468
-0.309842673301634
-0.378870234249741
-0.359460992544992
0.0741527435470628
-0.845168766540328
-0.255996800228756
-0.148001782559114
0.835930618165486
-0.354813506112585
0.422493224701072
-0.795608267920289
0.356462563485694
-0.867452040179446
0.501844457198817
-0.0295529940342204
0.343760451031939
0.714233474510656
0.641420540271963
0.242579362009792
0.0167978958268009
-0.469724178082314
0.88808655601347
0.959215510307392
0.757094178461334
-0.974856501057238
-0.633133090691696
0.466972996951193
-0.052532384475157
0.496053309083244
-0.834293470406292
0.780152908196802
-0.510486151468667
0.823182070584952
-0.837081234231948
-0.275985592251352
0.0784576889978918
0.539753404534734
0.562250978307213
0.13787859556125
-0.263134276059283
-0.227145353751021
0.805246463867729
0.582036591039411
-0.137630755824292
0.418853674246884
0.659029002379507
0.769557671233369
-0.838394039846731
0.140778331413193
0.439916926520305
-0.274367266216014
0.908027622204865
0.620273666827592
0.61458788146195
-0.203727141988198
-0.869002974360194
-0.499525527812531
0.338014739572405
-0.856169602177968
0.89892636760808
0.145578539478606
-0.45306193302374
0.803360027854338
-0.831797594132028
-0.575281903208096
-0.197081954876094
-0.986000187481661
0.561147094594742
-0.814782691598398
-0.601719024210283
-0.827513011517664
-0.434108849747684
0.669796490243568
0.634721208301912
0.0192716338030625
