-0.664153822984998
-0.457793976298553
0.142242035694921
0.258945831107513
0.866014368678396
-0.438042663457425
-0.514558545503316
0.311304176699688
-0.49753198619757
-0.020197373104902
0.983014101740364
-0.203002951894854
0.0944013322531039
-0.608229246886873
-0.62430017385015
0.225373902775264
0.951823877445865
-0.451191895341754
-0.203906521939887
0.219296728587977
0.222731439314235
0.246666887043013
-0.8263273197177
0.806482473311077
0.87768041950686
-0.14825308146491
0.111607740770523
0.473119847158595
0.618026309433568
-0.852455613879617
0.295381904148465
-0.804386557032999
-0.771133430914039
0.332892751611794
-0.215896262744853
-0.102757532759159
0.524269777421883
-0.590434267086581
-0.348435188442274
0.994357614288282
0.0443164871454791
0.905155779679915
-0.872888624501094
-0.666368218295534
-0.102560630483469
-0.97761280237777
0.776635369928165
0.909944152085251
0.505983378854509
-0.745887347094306
-0.480896283659856
0.217797592545741
-0.413698769302576
-0.122787077456603
-0.755377814267163
0.30216059399595
0.129401031336734
-0.806778487527192
0.941270948258267
0.874569665779134
0.624594491525663
-0.265599030668675
0.573990024506228
-0.467882425256933
0.446289987719388
-0.527128967950743
-0.250746295534678
-0.107679519802224
0.543465948427528
0.333381365080414
0.648206886263821
-0.771350289682251
-0.333548570080153
0.71084428989148
-0.514824704426681
0.793618828320474
0.882968138091109
0.759365555522096
-0.0673780045764529
0.746606902162318
0.343022216897126
-0.808727657619857
-0.577797673098928
-0.442760305394845
-0.107493975731132
-0.878501838119142
-0.735914594597639
-0.327208540697615
0.323755191158911
0.0531404439293677
-0.444500276445672
-0.718393840313962
-0.186718565855653
-0.0997903399493606
0.869311336588192
-0.234302677694359
0.430718776319476
0.552231455120874
0.877558254373466
-0.304507782852949
-0.365087747759239
-0.549947205524216
0.210255414813907
0.61996457481875
-0.0562212402840878
-0.327682631037715
0.271240825377731
-0.629416762986201
0.887706960748245
-0.191382328325158
-0.758525256863411
-0.00342010880557489
-0.0775208529891161
0.872559331259756
-0.645238392385513
0.813544955490295
0.0911615144112201
0.338715994252754
-0.227284559584652
0.164978655035122
0.365655641676457
0.236610988571478
-0.485861755899678
0.756618859128352
0.729438467889889
0.564828550590732
-0.00770017063287051
0.0340473910774734
