0.351372162095184
-0.728587910035922
0.429905755017969
0.245469100186802
-0.750309661634232
0.86924546672107
0.854459599604313
-0.761784627697001
0.0212679068880051
0.716711244914517
0.172100100005936
0.332215358076382
0.0271427939452578
0.93460937833744
-0.884525697321466
-0.542497905920625
0.334461203226947
-0.656974629022768
-0.937959845297883
0.579714758368018
-0.790098068578384
0.469324537980436
0.848285090427274
-0.121829620374102
-0.176974982296881
0.407970836086914
0.548881662952511
0.244864181276379
0.697332129138786
0.446198380323926
0.993287100760966
-0.632713200712149
0.111947087362491
0.158557344336399
-0.157529251290357
-0.712762879797523
-0.202956603869515
-0.792634810637753
0.839769047555432
0.0594296673034546
-0.522590571346086
-0.918712102931382
0.853629809910456
-0.117688147700649
0.517549418165787
0.369056347796929
0.889617269946293
0.634481866035642
0.386118671666208
0.334905873236266
0.727641711125228
-0.659736404034024
-0.415951210921919
-0.539172363506598
-0.517662473244326
0.144360622557286
0.235221232534818
0.947622003127225
-0.48241086023041
-0.161828244874602
0.760329794548356
-0.355193150320641
0.525601236573687
0.725128756566497
0.608055934025538
0.491284174531665
0.655550411194636
0.567991723929838
-0.114762901292262
0.910167079199237
-0.43448686007152
0.881969138499424
0.223526959650933
-0.815282471315096
-0.472389138693553
0.535297630433025
0.680860485350654
-0.0813365744794071
-0.834058229519626
0.580237588296888
-0.0145059196710333
0.0699247635145211
-0.552824020654582
0.960986127521492
0.442944618594053
0.0781692260116476
0.916036590009036
-0.509880406328041
-0.0814427077626103
0.543530120182994
0.154779344954245
-0.460992133026468
0.557746545025465
0.285483221758917
0.915104080793143
0.437252801178305
0.0750680894420537
-0.0983792035467742
-0.101913498673576
0.481108492009796
0.259198992458239
-0.913773068583555
-0.28577820655891
0.200246288721932
0.46263240097821
-0.249913318541895
-0.171558841388905
-0.325551250546973
-0.730616368002968
0.761665071827988
0.87361568023987
-0.427666694237612
-0.514911522546748
0.966358373497255
0.897011101487667
-0.0688876095784305
0.969766355809654
-0.485265805221196
-0.65894630418315
0.0940833464524386
0.0801244595395424
-0.959998453942809
0.873926357345194
-0.525340424183437
0.529596369295213
-0.0814874818843384
0.699650038500376
-0.548736254149571
0.976514473795656
0.441826868661559
-0.0954804569353187
0.415195675703993
0.892068474649925
-0.06892891951034
0.546855147673461
0.785161940653685
0.347646873305874
-0.0983028407129517
0.65326127164467
-0.826179085122319
0.253673090091052
0.606418555740347
-0.0527058807350002
0.60846413526287
0.994092413206517
-0.451137036986843
-0.633379666579187
0.761517128968837
0.747592783567796
-0.496935522966161
-0.833915943956194
-0.950067396798071
-0.676664017250144
-0.0515179845648959
-0.422820599629877
-0.170061256628281
0.863929732512749
-0.860594569161873
-0.858823821678185
-0.468042712515593
-0.968484974131445
-0.172089608128614
0.431607160745034
-0.12327272090458
0.488175920508717
-0.506301156271336
-0.306569785957949
-0.249585556337241
-0.620877140332156
-0.747047957343915
-0.677390107561269
-0.479332264415068
-0.366410319036657
0.132604080683948
0.824318993420949
-0.692347124672524
-0.893465133633829
-0.513091307185183
0.402545043976143
-0.474301049469605
-0.154288745873921
0.591169085765509
-0.414630678695931
0.387705661854549
0.440197512701472
-0.931322739524327
0.0529679809097862
0.944980798941148
0.808633917832177
0.643512453073017
-0.0229169877022691
0.43749268082069
-0.879020489950552
-0.893041033995307
-0.0612715285383737
0.255038731943064
-0.429654412452259
0.0251059308718801
0.950635537559992
0.794848974089284
0.94139606069229
-0.530734651823989
-0.54013064316901
0.330859098353526
0.457742733368873
-0.243588325444075
0.820431303864752
-0.889512435138051
-0.467299712507296
-0.171295580478765
0.0565603294374121
0.528087951039489
0.34423825762152
0.0745194643248534
0.544922894139812
0.762974957343581
-0.90013036309218
-0.430921801878812
-0.878942797655257
-0.571611403562365
-0.414162093714012
0.373716273089938
-0.506524943032608
-0.211647750331918
0.84740242779529
0.921131617900821
0.853607605738963
-0.617484001327014
0.687440666623099
-0.903020705264521
0.886874054826582
-0.300526874294594
0.696877272372784
0.0867302035813659
0.0783429405667978
0.395559493303559
0.548963003620591
-0.661860934932931
0.659980689742498
0.96365151750993
-0.955533132386131
0.708825405706306
-0.06559161946633
-0.538157281608452
0.477309774337425
-0.875931179761299
0.98100551985813
-0.577478873095867
-0.667137841577004
-0.711062442806133
-0.097174462012654
0.18680845302736
-0.323206760536899
0.102290932620186
0.415580886092817
-0.652139160534366
