0.692518491042888
-0.463971932802602
0.851386446543169
0.386570924131305
-0.0622317818778655
0.251895478662436
-0.971802404587838
-0.427749867944016
0.798919361336772
-0.576476416099091
0.507424266754351
-0.397395438949318
0.0302820921308169
0.79886546684248
0.98604201570824
0.493609912384629
0.642697636236213
-0.616058993693052
0.705794183743021
0.360310987507275
0.104240010996068
-0.981713194695291
-0.096484694883758
0.105545217178184
0.87060668477732
-0.459779152779389
0.575914400666372
-0.875238770960121
0.647473370607937
-0.464091941582482
-0.722308658040968
-0.155446348097824
-0.200245279357688
0.315023718131409
-0.791476431632967
0.566367512730061
0.319888295984981
0.275198673715357
-0.688366123200973
-0.443503929846743
0.823663211972968
-0.134832776399121
-0.809597107199187
0.443873280440439
-0.983279023876867
-0.392867886650076
-0.624953873147997
0.619829312600218
0.721272405362994
-0.353172828626764
0.442306209067666
-0.983185886867694
-0.306409290078346
-0.975337657042519
-0.200695959597966
0.24722866179845
0.358699507360653
-0.138961538482329
-0.166348290682254
-0.129617130455908
-0.142593161102773
-0.269783447798529
-0.217732091974585
-0.644610253113557
-0.00529538386382929
-0.295601124186557
0.855090783234765
-0.322668183079662
-0.530545571254642
0.186531637129481
0.769852311525098
-0.314786363917903
-0.396830201632572
0.180037695201081
0.918051486336165
-0.914695156614235
-0.421891416046522
0.794602967630518
-0.792874505555233
-0.619588453621895
0.270868434111765
-0.929195286029959
-0.467235085381994
0.826310177476704
0.0732679753885679
-0.496936941065079
0.583299243119815
0.819450805700078
0.379875953409162
-0.173240876402445
0.242269273768857
0.0569752958323809
-0.574198735336567
-0.304594457176042
-0.609959774452558
-0.838899072666026
0.803617556766882
-0.748040720709738
0.914718445120048
0.385788035553638
0.435375758556634
0.754315567394351
-0.519488103540289
-0.556884391312097
0.856114597282477
-0.0511040892851704
0.825358147174162
-0.193303894065058
0.956002344633141
-0.572344093231322
-0.614206051277101
-0.0398474896549557
-0.145227014229152
-0.382139408688673
-0.811322393996427
0.497204241863568
0.90959124764345
0.752380491779135
0.751334303565676
-0.0670944595165806
0.466510152007557
-0.767876483971595
0.455667808557936
0.189818674778513
0.498889971485517
-0.580484774291445
-0.194066036584389
-0.044017103269245
-0.160836927460207
0.994501571684957
0.395015644936174
-0.142077039925218
0.719125508191746
-0.667538323595473
-0.344582374658297
-0.20066401877557
0.780203909954086
-0.611196697518473
0.493938760576132
0.59311586043537
0.577073016730299
-0.19642109625995
-0.845140910208331
0.801710627164193
0.89152975283385
0.683839080836991
0.354467903981008
-0.689144291104255
0.475058716049503
0.634083517351997
0.614469495817685
-0.656518043406034
-0.49624025765137
-0.920472510061218
0.886447868750327
-0.36890231223813
-0.957983965535821
0.109391511243881
0.852279294613817
0.269792630275996
0.869062241521346
0.547759228442032
0.414578696596314
0.538728048738463
-0.39427258137848
0.195522924578529
-0.564592974484623
-0.439261370252314
-0.486291837609485
0.552857639528667
-0.0221123676698141
-0.816428014616931
0.822248872310881
-0.358205455366595
-0.0368938268790988
-0.997417630068444
-0.171332904276179
-0.359495402563618
-0.172434950422203
-0.317661953210301
0.116163136985011
-0.704220499416093
0.202965858597747
-0.652384443312901
-0.409397778350803
0.374042151755923
-0.151178618347176
0.479160726036817
-0.0911674230878755
-0.253919871948157
-0.175197459561035
0.498805096278792
-0.545273386948209
-0.420239868456436
0.28624237828283
0.841004686889539
-0.570919181162305
0.433065839776427
-0.654823222901779
-0.828857467149574
0.833136680454886
0.169613590061101
-0.470957080203205
-0.246959405613465
-0.399548943333789
-0.365016119472182
-0.649057802375113
0.825019213346316
0.704619754412708
0.0510081738938592
-0.967190771775802
0.644254456349584
-0.996104608457421
-0.654500540737371
-0.0566268555811335
0.899180633267029
0.512863808933733
0.620814560583055
-0.655807077509682
0.855738250216687
0.360122349264948
-0.738542175846535
-0.919630694000321
0.44410968958803
0.74474031062966
-0.317758640051213
-0.88351295631005
0.358804152832158
0.0600681741406248
-0.877803005017293
0.076751789185006
-0.732801598161391
0.803587510684233
-0.471192941787117
0.653578337622734
0.356442365726644
-0.816100174785061
-0.547640863622326
-0.335357509223086
-0.519377133239109
0.946395767402616
0.473102355356532
0.569800615632443
0.978214445612379
0.480796934352189
0.353042135172681
-0.868112255777667
-1.09747784366028
0.955876752077699
-0.183960513591933
0.150401483455522
0.837368495945921
-0.325818310522512
0.721008937676225
0.177225072652466
-0.463973092414228
