-0.791464664806988
-0.142718763187135
0.604678510943633
0.221144372140381
-0.402834769432438
-0.402612041198474
-0.856120380523681
0.104072707507249
-0.443449620395419
0.686923988043908
0.324369985623407
0.102281150102452
-0.163139571220216
0.916140388771642
-0.262980100736496
-0.40905089514173
0.415338207867605
0.807304240257978
0.896698295426403
0.233502377205467
-0.349953284283958
-0.280417582549251
-0.306571032186093
0.677220380408433
0.0382794928094786
0.638009661140811
-0.138689853237949
-0.666063278963136
-0.562572620620286
0.506470747451395
-0.776195350650035
0.781110824957987
-0.624211481362323
0.197635428413295
-0.388258686032711
-0.352493260461604
0.967293225713718
0.82759521669032
0.215908693204769
-0.314839155787262
0.470155287070119
-0.411132023387999
0.899783539967329
0.0144869323077407
-0.409632866546714
-0.389744582588939
-0.188783017722882
0.773257682004471
0.759585523048724
-0.0331139834661589
-0.0211067280798693
0.623889867967628
0.684400977627675
0.307006019216015
0.305803692664804
0.235857170771714
-0.692821527497822
-0.35850552487733
-0.280797403843892
-0.414364556666367
-0.00649253092043445
0.579125628908328
-0.0146299044940299
-0.678275586786366
0.942193431560955
0.466572825333794
-0.930312538017314
-0.248563141660984
-0.68738840176679
0.83096187440165
0.701042284192574
-0.832600393822454
-0.282233861402895
0.45455226918624
0.998426965480285
0.237960761824411
0.257045772112341
0.0965636834607269
-0.0656544633749659
0.722651371581699
-0.0214834216339281
-0.526346463408607
0.987267143416003
0.924549782331587
-0.293921490010278
-0.862438357271788
-0.464188223205651
0.199495827144224
0.896385227564143
-0.695987529317355
0.131277880466626
0.773186342016581
-0.826928015271785
0.816632340656996
-0.48674545130272
-0.176372405326362
0.602792985875569
0.369682299649185
-0.582407074125808
-0.558346590825395
0.414448118824825
0.399502911296224
-0.937801353504485
0.0803971792022397
0.71426371110348
0.44412250106555
-0.0257923642275856
0.515377171338398
0.789787478488159
-0.170355553314708
0.742218727383809
-0.169897879706707
0.0155022341216121
0.722269584468597
-0.68310256717923
-0.141559141418315
-0.292857543684579
-0.540617581334343
-0.317280187831607
-0.561223740484668
0.0982571839083875
-0.716562589904211
-0.187274344713321
0.239371462215245
0.890755282790194
-0.0147532219089
-0.784639388538259
0.308737781906765
