0.550320756260132
-0.217905544245568
-0.481244582690948
-0.00383685820667245
0.467312281105445
0.555433129175497
0.18355151337475
-0.823806210368548
0.313192212597906
0.669711284420977
0.0524408699072643
-0.130184580344219
0.0923701078016778
-0.82583166130376
0.13820495273569
0.00935017955581615
-0.734553695294899
-0.0659673859706351
-0.0804152840632548
-0.0379709518841234
0.610296643005171
0.449558753504612
0.591877480102057
-0.822405113183908
-0.941734050664951
0.024992457306009
-0.766425847385226
-0.401573517377063
0.488123929241239
-0.76012301085967
-0.995031185034513
0.105989765549282
-0.605685296325803
-0.262431419754144
0.00526653292020455
-0.383459771696431
0.232341071793667
-0.770568247728898
-0.890267463954274
0.532260911973639
0.749815428611664
-0.976069812524262
0.13834704003543
-0.0064556737361383
0.585871864348291
-0.222036498055517
-0.609139754421921
0.201977151781005
-0.218879335218759
-0.908058882161862
-0.597281986352911
0.317922366671983
0.371769880960775
0.902358330481923
-0.420539065463147
-0.308219590066308
0.463833037358282
0.059160030811675
-0.323385508985615
-0.914219625939666
-0.0333663726822625
0.21176634510084
-0.206629575678741
0.686430969066746
-0.250064957225399
-0.400322421696857
-0.885961978687867
-0.522780272109304
0.569201546155513
-0.0812702193940517
-0.776394941677042
0.313335834584319
-0.429179889322723
-0.193445571095973
-0.542801637858151
-0.792232859872608
-0.505378457708296
-0.0448019172202976
-0.543578717390154
-0.161921484491548
0.480651803231425
-0.538200686022903
0.935925218463535
-0.323237190169182
-0.464315841663612
-0.250451264163345
0.732870914278883
0.906079668673449
-0.109709982975083
0.830583540845943
-0.369217555836538
0.138946389233843
0.992211093451781
0.358636031648449
0.129157122922209
-0.447549167111966
-0.384833532150152
0.822720902346957
-0.516129935264412
-0.069771964164724
0.134408150707866
0.507865871196319
-0.418505965360953
-0.415800915692759
0.898182648132425
0.447914938806897
-0.927354875441583
0.0189558729847312
-0.168926502028148
-0.584337896768147
-0.0378613755170147
-0.378716000247577
0.683611411052942
-0.435224702571297
-0.145851402981639
0.595652371855039
0.991532790287713
-0.0660442159934891
-0.831564663487556
-0.882910058105379
-0.426288796318175
-0.798059568434019
-0.547706358454581
-0.514679033505586
-0.932378555724212
0.45013667064168
0.663212476318499
0.60383449666874
