0.365482254384038
0.634688132266665
-0.778920568230818
0.626970777974696
-0.64467669429328
0.179384676825582
-0.857513606258452
0.633825997768416
-0.19514813325695
0.0986565668591382
0.0593334763452155
-0.546216907744722
-0.280651324058153
0.364992460801783
-0.814129863562978
-0.324752244653437
-0.188174807801644
0.100993571463982
-0.504051955540493
-0.317841147219845
-0.847521683857013
0.0383500514914119
-0.417802792311404
0.636008341621007
-0.496684078441919
-0.0479243185402652
0.419909798543837
-0.0274908425326913
-0.444255009188143
0.485859343572235
-0.916913410094907
0.125006487433375
-0.834885501999466
-0.54874177190694
0.0628856112357273
-0.536548557884286
0.830975687547632
-0.581370079377255
-0.700874931245896
0.857294279983281
0.565267984819483
-0.398810623471147
0.677962757936939
0.772778602366885
-0.108978765512482
0.631582061348937
0.378024399805023
-0.510925910621869
-0.704558443818257
0.662748026058921
-0.0273066734962221
-0.749858743838488
0.576555319254958
-0.656984326312992
-0.472911996738025
0.56203455684397
0.553199992757824
-0.978135390257615
-0.0221361697899965
0.259967728319028
0.201406077931477
0.361989175148186
0.763664293819214
-0.876301925321573
0.438823099184209
-0.406445414162341
0.387994747587877
-0.989898685183463
-0.514605725832268
0.732171035339372
0.567956270416761
-0.0766443238018344
0.959272454506341
-0.684151013704558
-0.473018245009358
-0.791909329192522
0.405262583118665
0.863267994867406
-0.502353828560223
0.86528527383107
-0.350459094683398
-0.169476166621203
0.480681378524588
0.894378195979045
0.342195035059666
0.173457209312331
-0.315528155634285
-0.828516240820361
0.403946113117625
0.361346065472933
-0.111729774066815
-0.159271213422787
0.386810294770004
0.767125501582304
0.639862545857625
-0.531534527949388
-0.124761334942458
-0.3390547463524
-0.533881001630833
-0.824831245535101
-0.972044497747531
-0.621675652545353
-0.334495267486918
-0.0365530956045505
0.115628661615806
-0.573493126517391
0.400087023012265
0.663215627011421
0.471794732896498
0.505449190359053
0.696871606308295
0.437999952119143
0.567718525134163
0.655935862237756
0.404710671754347
-0.227401764051606
0.970050004452725
-0.59131668089162
0.770542307981645
-0.730684936105646
0.52591488274165
-0.109220377831795
0.770599560617149
-0.78290966211891
0.7916499857021
0.226083979435667
-0.47096510803402
0.71442178617282
0.485699714619004
-0.823652005527958
0.238638519079568
0.649625714290435
-0.362280556147955
0.265833540020784
0.223931226031562
-0.941605024442469
-0.607963296955668
-0.126289101769907
0.801601115866255
-0.083686339940443
0.0697425234173526
0.0602211002691952
0.749500170945271
-0.0716244346189715
-0.309125399068552
0.280783722660893
0.957147423311501
0.925345431862788
0.684149076217023
0.552016932002767
0.694188415050719
0.00706107633736737
0.297685738466816
-0.608407425525717
-0.505335484908671
-0.537175716296819
-0.196381599384819
-0.821917380737674
0.116727165295778
-0.192127854926401
0.3477747935543
-0.594821306139987
-0.211264117472492
0.0481897745626147
0.905730121912261
-0.422075456657233
-0.955693465051797
-0.131733511614872
-0.437160172793446
-0.601840976446761
-0.974878697609516
0.817090769450378
0.798752209099601
0.91992859062261
-0.458768050305999
-0.151666330315252
0.966385754370567
-0.650203509810766
-0.00668527972911478
-0.33411797975825
0.00108720810657723
-0.953373098026131
-0.272324549653236
0.645365458612962
-0.970269898578834
-0.619122501740143
-0.681255844428958
0.251986245357975
-0.781003617866053
0.160270511782663
-0.315726347177877
0.685897991054309
0.775206717155303
0.216366593780077
0.246591266518636
-0.638413128668031
0.517791777266425
0.955077162423315
-0.992244049400188
-0.614739026679419
-0.106876010306071
0.414315612474643
0.259438335650153
0.515463101209716
-0.594054046965416
0.432112156692975
-0.0491397715072925
-0.229677534505002
-0.513036158639599
-0.220255881064931
0.617194185931115
-0.205391713064356
0.747034715200233
0.888760326419881
0.329806231557266
0.528278545373345
-0.679904124197534
-0.722754227164461
-0.418714247957169
0.725180163982254
-0.0750274901813529
0.258972543726161
-0.771823636812244
0.615382379468528
0.753303986406926
0.765434883296015
-0.931009201154369
0.381524929082651
0.253507537265624
0.797859431855137
-0.851762204426324
0.317229613492555
-0.240242271051537
-0.807417243987377
-0.670402989843322
0.812728322149655
0.309152649340742
0.420544662997993
-0.244845623927262
-0.0869962735976395
0.174067170892649
0.478168200926696
-0.453058334730664
0.294113941297456
-0.0959526449469146
-0.280468946984314
-0.659526112280046
0.203140218611229
-0.884325629913235
0.644165858993682
-0.653461791032516
-0.846959092135235
-0.900703537157719
0.920329394129833
0.379289043161614
0.0349225666079036
