0.571212024382591
0.0722163265878421
0.381419531328112
-0.298575781011532
0.380491054086368
-0.28032183946539
-0.30938216050355
0.128812566589239
-0.985591533797086
0.104673550196924
-0.461288679770958
0.963545267004419
0.733295529618528
0.485133283347702
0.250151795091466
0.875717958206087
0.8018330137176
0.334771199274478
0.84633930188865
-0.319864145740512
0.891712379626286
0.271829985631819
0.499117883836853
-0.903103653643327
-0.233734181802925
-0.58048150598724
0.0867120159986349
-0.85329315340098
-0.230861533724958
-0.721291309306911
0.0878798493211159
-0.936955887316597
0.732522118305048
0.214296114338688
-0.476646765736198
0.282581704995816
-0.992899548471272
0.154615716046938
0.833672764331822
-0.726152739003346
0.911851869600467
-0.73127017764984
-0.733466224304695
-0.482242530146012
0.780590188241413
-0.228587794455313
0.575428154521276
-1.01020101402833
0.45173721672549
-0.12183381356539
0.205351785199748
0.457000611546558
0.169310699540218
-0.243329505789042
0.256387102925406
-0.72920847584219
-0.429082820102143
0.611252366860491
0.00448194265399183
0.783464282344731
-0.270884347286143
-0.758377600641463
0.759166176119548
0.013393149574049
-0.449879061964511
0.60152923568701
-0.252113380078731
-0.235131472117522
-0.0272515187361659
0.146480133507291
-0.862671521490202
-0.0661597075314495
-0.48317983259256
-0.455392093736317
0.895553640724819
-0.638627082156892
0.266763216092161
-0.775265170662519
0.361645757837481
-0.368859897208268
0.865918461520162
-0.758091263716058
0.454679481391541
-0.475326032173798
0.275039000178795
-0.977890592280379
-0.578621664775502
-0.38881663929081
0.91733477546986
0.899145635141366
0.428686612234135
-0.829562662358857
-0.483543496133061
-0.509046423331163
0.788524735119528
-0.511817897715181
0.798981966455024
0.880479984838669
0.81548330015516
-0.0177198281562072
-0.880859099749185
0.301267810079719
0.566024160829421
0.815263658919273
0.660479720384483
-0.599555668003912
0.438364771424406
-0.53223766932763
0.00902532036898676
0.320715079917535
-0.0709934161609491
0.395048856772083
-0.575339706166414
-0.441286748445569
0.69566465254466
-0.919058027282187
-0.569882350820088
0.833214620068213
0.968106585373116
0.394405258528174
-0.682411692074459
0.59164068298998
-0.412644286263849
-0.222270778700479
-0.888726939745022
0.393105970431406
-0.99499711089004
0.219412314531092
-0.957117560574356
-0.507503464917791
-0.584455136650094
0.62072834577277
0.749408675987782
0.0285698142090654
0.567995479326814
-0.500767492531092
-0.14235593868586
0.17452262028833
0.356685732001806
0.327177086872404
-0.773499480972062
-0.596665086728593
-0.825561028607757
-0.915564525593389
-0.52751482898871
-0.150674512654756
-0.102077749316968
0.605128448344058
-0.0828844325003746
0.454400696238889
0.319531437858097
0.520915499467542
-0.72315403527564
0.49674558343433
-0.909501599560174
-0.495250988530614
0.307906272589198
-0.927455003850643
-0.714449253455991
-0.42561706682665
0.0162392797826234
0.992032298064594
0.0286243066680072
0.645597103608763
-0.913959498828647
0.0631302842531288
0.46297652679837
-0.550409939695715
-0.985520661840483
-0.966915504994244
0.340548641905588
0.215846432420105
0.845978978030707
0.850521805728578
0.0253234514024174
-0.262283417263721
0.761803937685495
0.354537414938633
-0.143408172265863
-0.141684449463946
-0.117134960963547
-0.91180608953591
0.195906422619625
-0.312570603822689
-0.690521921073416
0.229610896645299
0.986661469288596
0.972745817620544
-0.20213309712383
0.600785747304091
-0.187839649139021
0.696206219086359
-0.0686841802103833
-0.0348083441472874
0.766603918922531
0.806516394515104
0.3679256136982
0.20747924083694
-0.898170014561615
0.777041826026345
-0.370620369018192
-0.204276567526747
-0.776135365355787
-0.57503145305467
-0.0495660708766358
0.862794537028802
-0.467844979939582
0.60283348808599
0.276288551774699
-0.190545439359218
-0.552937998313274
-0.253649543113135
-0.990680529629797
-0.508173344565743
-0.195196066341494
0.951207556874652
0.890542177078705
-0.339846053809061
-0.508216644456046
0.221016760975258
0.813379419434298
-0.794054728025868
0.221458982717946
0.903205029799952
0.30229446342494
-0.984191608516781
0.0478772806602817
-0.0631489394927297
-0.320234842961107
-0.337720956914411
-0.44915639406082
-0.727988889226061
-0.457291246348583
-0.101331034737461
0.682351881837864
-0.308507878553476
0.848701826832709
-0.878161181930056
-0.614300042276978
-0.7126341769552
-0.00482181574337465
-0.387951859655341
0.626282121058023
-0.883538844294053
-0.46215633151823
-0.297645980693781
-0.901791976379744
0.493462790345036
-0.0379603917086169
-0.881671417026775
0.470865644538566
-0.441070894165679
-0.805071077636002
0.658784144640608
-0.183473695150582
-0.813140331946752
