0.531578167298046
-0.131563165107515
0.265168886910417
-0.911860949675402
-0.823450877511973
-0.249320797924484
-0.904289526804629
0.064003329638674
0.163883193893124
-0.478171277242806
0.350516034515443
0.0736078602556301
-0.674879517107617
0.575477668978645
0.753780242363798
0.189241209276844
-0.702777778934695
-0.238807240023114
-0.152166123429857
0.245244930644088
0.00696442288663175
-0.10074674141209
0.354386332761038
0.744511279501815
-0.152421727084691
0.929135010423629
0.866832583446579
-0.00679794235418583
-0.161692465720277
-0.220507867867329
0.645004727607793
0.522826568013439
0.585142272798417
-0.341213111805323
0.560871986307397
0.886543493232521
-0.464525403012174
-0.753849403293174
-0.74724731537424
0.29080554958534
-0.836573014564803
0.381168771113066
0.58175922086802
0.199217305492035
-0.436810620102244
0.677213919706199
0.284315065248151
-1.01564981429206
-0.316882158387051
0.493682994970553
0.513764940549345
0.202894789502533
-0.557178198465239
-0.82537251338681
0.967554896010802
-0.0186124379456552
0.0106947253839339
-0.433855248149496
-0.737161332334556
0.073946960863151
0.197214545615256
-0.184124070698862
-0.766373788118459
-0.797180621528557
-0.437399303464867
0.540615518636657
0.0561076894980163
-0.729575489971228
-0.948445801283767
0.614928028909668
-0.556704081380412
0.585672954881008
0.807450528728219
-0.490825781558502
-0.363861630665296
0.339706041874047
0.862914841793269
0.39650706749906
-0.865134114163269
0.341746058163599
-0.860646871891266
0.86625199590099
0.504768269821782
0.746855601795589
-0.72271385953852
0.734151039233594
-0.0617226672075944
0.15863305351387
-0.581263872550612
-0.665412211027385
0.260389593360262
0.522423206670525
0.692000454970073
0.682663213383166
0.288641736758423
-0.946168839487628
-0.0826384604062149
0.490532568460448
-0.5401395283949
-0.685532166193532
-0.725198621649739
0.256418699934399
-0.200002129392607
-0.0870272714585573
-0.859903322502202
0.445119495946057
-0.00875268829772307
0.621787158068104
0.0921485217462048
0.981210245009576
-0.350156246310328
-0.620983373330762
0.274208080246203
0.471981853855534
-0.156690406827713
-0.809327536988881
-0.108542424042738
0.960583768829888
0.78581594583318
0.100817879532485
0.488664199115148
0.185222860371176
0.636867042556212
0.270764956741322
-0.31347856317001
-0.92798810623162
-0.61322978515602
0.928797554012994
0.243606702039751
-0.8395219122267
-0.352221788677872
-0.336178108675455
-0.987088048065175
-0.934653608175714
0.281226891339471
-0.124383582428547
0.360457205605729
0.690517348207812
-0.15042275352043
0.222814654858732
-0.929518994717912
-0.61771647407788
0.678050958768899
-0.512645410267276
-0.920417822747037
-0.467512284096365
0.851568181338652
0.445151101030531
-0.539919137356081
0.514164732179024
-0.705891103020163
0.0742984124216151
0.192645130410793
0.556348694370254
-0.381208212366159
-0.698343991443257
0.326805658582866
-0.927701501733905
-0.528992986544176
0.105004701874733
0.0529145155802429
-0.661244970119594
-0.402336890087984
0.810773726241444
0.723435798379544
-0.467622774152588
0.441267248326101
0.744233474836524
-0.518987169272553
0.462570274246883
-0.466486312480265
0.922657683039054
-0.0410170346121634
-0.391635144648043
-0.876502621860499
0.250305035395011
0.953948327076524
-0.202220162762483
-0.780812331817424
0.671812754944995
-0.257246330718924
-0.0719873005299855
0.913724730568186
0.847407375524844
-0.290182781285529
-0.959295684816596
-0.0556329467850837
0.572573221615646
-0.782311807258971
-0.969322195663085
-0.544995713198161
0.755111896171817
0.852155383277272
-0.125754828623224
0.550468560434487
-0.393400222082177
-0.945192098689457
-0.500836051793462
0.592637399232622
-0.120332928252677
0.0774149017770287
-0.269047168919426
0.407996377866595
0.426518126877439
-0.205456393122771
0.152988175068838
-0.926825337076292
0.345998741446103
-0.718982222657552
0.5912786221142
0.106263049159979
0.098896442631618
0.169206665251062
0.106675804260839
0.839624935343529
-0.564795107756489
0.0483022375860414
-0.103034380149812
0.72277358678235
0.214502509710531
-0.993121522986584
-0.0664162307001785
-0.000147925208106816
-0.70001478413349
0.249674924341328
0.977640119114847
-0.362300939510004
0.946414346668192
0.0197262773904003
-0.869261209681496
0.912915788550876
-0.140890459575829
0.57459315053455
0.563353278633941
0.072558280603192
0.939883967873264
0.784836141216392
0.0782081123908571
-0.166731790650997
-0.0616313872458449
0.0655303333820213
0.321663493830122
0.00765807442909732
0.339759444995545
0.33505415224374
-0.420807164567028
-0.778198933039801
-0.076261561055151
-0.213904266079687
0.364067462078573
-0.763032015419948
-0.937194908191459
0.443316128834916
-0.472109918146342
-0.172211361973394
0.976735229698016
