-0.0546023300792225
-0.172126673704453
-0.767780215993542
-0.193924063156761
-0.959091011965866
-0.599413166157788
0.41124333797258
0.908746659164464
-0.0992814038650486
-0.252629926076694
-0.0203243397848844
0.465187232120765
0.256003893004248
0.278661797578252
-0.83657602127569
0.935169204270886
0.539223356455858
-0.167110554048533
-0.285644175216282
0.257009268118044
-0.758721131688125
-0.358648906411271
-0.720234234640971
-0.518594238224425
0.871476725078301
0.0309733276912861
0.170629691379205
-0.746534005542133
-0.639717427806701
0.389978920542647
-0.135904948576889
0.39670457427404
0.297952652746912
-0.600512397694597
0.435425733059806
-0.0117973446551525
-0.373764816235228
-0.940596370683061
-0.510350198352647
-0.215742014561126
0.882974838784722
0.581624292628481
-0.408517021107252
-0.0105707771066372
0.24428422222481
-0.431616381822041
-0.764222482763238
-0.0533890728391345
0.799081843845638
0.424673378793852
-0.342002465986205
0.110878057076562
0.832838467165327
0.647240595146418
-0.386134388666205
0.575367731303715
-0.645157849495503
-0.00425051522742457
0.882880546204396
0.434725970718682
-0.0640990839233544
-0.723578234062178
-0.353893616234877
-0.324120514406267
-0.0858473353744231
0.296103939249216
-0.202520191643182
-0.117648317585597
-0.716603745485477
-0.923572714671204
-0.525253351009483
0.24451009992332
-0.232374846320943
0.45600132458196
0.297998571059712
-0.605049128195384
0.478086236515795
0.0193691255628738
-0.191163533265607
0.717075656650892
-0.692227432527002
-0.0621557095148795
0.00224593718534463
0.135564823550701
-0.538924080943175
-0.498964335644946
0.678234959070584
-0.416889263882401
0.860675211405616
-0.766965672325083
0.626599777068694
0.072128622400996
0.497265976268119
0.758992755624484
0.12687183706755
-0.954623908098107
-0.830255178047555
-0.188228818357139
-0.375889981795837
-0.754821386878817
0.127667915913836
-0.384928968165751
-0.373382524119099
-0.612274746931149
-0.201731724570767
0.0454425534678753
-0.426111591644532
0.450624671839661
-0.725389359974278
0.331618159270636
0.0749815585835319
0.162186052115458
0.907057789251398
-0.646198891061626
0.477290952530861
-0.107343510947004
0.222274879083751
-0.350172963260464
-0.354619545636573
0.238240410428253
0.604991042139642
0.857407931386597
0.0540365809393565
-0.443016924200603
0.670051651527273
0.838734438437942
0.400632891909263
0.410399340393639
