0.507904460799301
0.91126053668175
-0.356499791687349
-0.508914818545873
0.194328910994851
0.635954617389383
-0.546350158141755
0.761881652488905
0.615306349797959
0.890891793684625
-0.753629694612814
-0.0904447678864954
0.014389962636654
0.805216261534052
-0.0456489901079957
0.195242335998169
-0.823285864776408
-0.415963645643666
0.926450772728133
-0.336539753993614
0.873989553283938
-0.377126955282019
-0.234567705338652
0.205436511330904
-0.0293787983126329
-0.614278454717193
-0.22142183762776
-0.0798971044251247
0.0459364897221068
-0.442403480167947
0.151081786112284
0.0997577773210895
0.631898652975485
-0.33207233895483
0.787976073364633
0.18409319975033
-0.0412828973302706
-0.856401538345276
-0.439738297668772
0.501290729166734
0.23876584367811
0.181606113125927
-0.0747703550313548
0.640859791578872
0.0187571262744112
0.036147004874
-0.279515482560119
-0.339921571753124
0.591909302362204
-0.364855099779721
0.512824864502987
-0.916830609872637
0.668312381166252
0.494435231419489
0.0679211773208974
0.981417059281426
-0.115368354196783
-0.19247871829874
0.695901061551232
0.487411816041978
0.890392623654309
0.082760039945031
0.781352167040424
0.490678316475755
0.768482311004225
-0.191983584970021
-0.34061260442074
0.993865351721686
-0.970699014978149
0.100473842588577
-0.365515302761996
-0.0465523921932425
-0.242006988480547
0.189448294126736
0.521745765416194
0.530748373195146
-0.58303869222186
-0.613523222710686
-0.150880161649858
0.995137693597104
-0.0488324638325782
-0.517517062721747
-0.135544340667781
-0.992503768756225
0.351466483720487
-0.303290779617301
-0.12009088045299
-0.228168993736996
0.892729357206746
-0.875441909078601
0.0063559016464482
-0.491353846433012
-0.227014142063999
0.999091676907511
-0.818814360147625
-0.56438916896926
-0.958697435339604
-0.840050169511926
-0.904718549051166
0.890945833406654
0.587291036611991
-0.495722663470283
0.435679533024387
0.976771432907178
0.272530374214394
0.60281565802768
-0.828706424216892
0.383546527662495
0.00164249720248741
-0.343853332319701
-0.248725076526606
0.397154254307944
0.617653966412818
0.0226592103846134
-0.0940544048336433
0.699532478589012
-0.347254724047067
-0.579205399904354
0.209946012860779
-0.59377440519243
0.767457758011035
-0.345735371087102
0.835229497264464
0.202134747557377
0.233751403725942
0.650216153269435
0.414657102108397
0.0595009691366441
