-0.663795146814248
-0.983777476180663
-0.645973114349926
0.686982527465588
0.601879115838775
0.810862327086624
-0.953929264532215
0.948169302447557
0.0309273272495401
-0.739666799316106
0.413747959800562
0.652432479963889
0.473932985889765
0.501372466664305
0.0102468934309259
0.252752691155166
-0.911437228766294
0.680795928623915
-0.786130869162132
-0.81928430467563
0.252395416701756
-0.388824924076925
-0.720393424804133
0.0807437243091853
0.0457894652803825
-0.619305387607029
0.154333756641839
0.6812085083826
-0.819117975532451
0.767271996062607
-0.763706414837573
-0.983573135141172
0.158014199355199
0.0393262630138405
0.5100542118524
0.205530183663091
-0.180961896716521
-0.989151004370445
-0.147190603271498
0.0309545472946846
0.468451083477601
0.259985225490647
-0.379709031351518
0.658727511138396
-0.26858461720092
-0.497934414667347
0.767077757724634
0.353286271881997
-0.412366501014603
0.881952015097652
0.764937838602264
-0.536172063438966
-0.870420635720937
0.983120141151587
0.640428916634948
-0.274144557899461
0.164646460507462
-0.952516434271458
-0.00664892227519598
0.122509741610188
-0.705375985850896
0.904335721698832
-0.497034107079165
-0.859884085788587
-0.254453201217374
0.345024960667834
0.553300370287769
-0.611057042345712
0.473260796363066
0.045827528101448
-0.0550043944737852
0.84176758790988
-0.836258743190277
-0.787717822488674
-0.469942683522527
0.947564105010116
-0.389089033159079
-0.773548523869705
-0.380089782839236
-0.202082454742913
0.753372491288478
-0.748366179981717
0.247016217601143
0.428788487080799
-0.389526668421889
-0.0532901367972034
-0.0174275008727836
0.64839829800497
-0.311661417942676
0.905129979198879
-0.12946765686205
-0.980049640687313
-0.232020494073157
-0.99425923097077
-0.286769837362614
-0.562756127406598
0.443038932460795
0.18103820028023
0.463236015877687
0.246433324250545
0.0805856565821692
0.0770805703102391
-0.947152936141032
0.255463235780659
-0.818778619393416
-0.373481692935779
-0.537859121129269
-0.259994219284794
-0.316485935816121
-0.336107101629295
0.319716251070541
-0.16854316371851
-0.855941636836133
0.380632764606855
-0.751902412269873
0.108353659292397
0.138621106212464
-0.997769332132761
-0.367777440890724
-0.965682349214479
-0.280493036198838
-0.167975915977576
0.0670060691349892
0.0680995477664434
-0.362848408791947
-0.573137018929281
-0.0392818322788422
-0.205525136808917
