0.683284133533564
0.714648401350986
-0.881148376031519
0.0252087037420558
0.28966525393229
-0.840243011747824
-0.399035722231497
0.540264633817406
0.997882756138342
-0.715877904192464
0.875642293933598
0.4514956276474
0.043151665308196
-0.719120686079516
0.582360889429155
0.65547668964696
-0.452273730482723
0.885617993534703
0.25378344837077
0.0564132952627412
-0.958719674361291
-0.227932535941059
0.868222329284383
0.783556926206012
-0.579055739273646
-0.95753487730271
-0.0608144915520521
0.215001872707999
-0.490323873822675
0.663389670231713
-0.146113591426327
0.245146960196038
-0.356102347860068
-0.707933825333436
0.566908176000652
0.456240083910348
-0.0979969934285625
0.8233068400759
0.383791576927447
-0.133517258170414
-0.132479946508262
0.111754399694292
0.0539611943657997
-0.689058612052752
-0.785897337823474
-0.632104748795072
0.274379773209649
-0.577740641686658
-0.235027382346342
0.446908181200035
0.753795860713194
-0.393089905750231
0.624636184369521
-0.772674459518268
0.580365730502468
-0.793999342482322
0.58707797898752
-0.343206797802294
0.20002349525297
0.43537908998427
-0.362939097730455
-0.272483447220976
-0.336775656424764
-0.352909387062249
0.416637676358127
-0.218445499442077
0.512889392953291
0.726238061615501
-0.629272503448377
0.656064781262943
0.514224601197158
0.695619018501635
-0.534565602075694
0.809037496061916
0.494850903333286
-0.1589507630369
0.581358094585924
-0.576912707022558
0.510124831140228
-0.0566168305209279
0.777201083422079
0.155466690082535
-0.0698163894564344
0.317123493320335
-0.0597998111747449
0.281463826793664
-0.162735016498521
0.358459442373138
0.713251229061922
0.245233007931751
-0.953972953584858
0.181804899058419
-0.596308230796398
0.195650760213506
-0.191537260074278
-0.753080444699078
-0.397028819732054
-0.676508334865973
-0.361591937714788
0.0585955565563703
0.858848279569791
-0.732685261551241
0.551685477170967
0.896517640902093
0.0470039559426161
0.798340121996042
0.923305366108368
0.352568467917373
-0.481411139484449
-0.728399106482055
-0.869720235836213
-0.985168428043976
-0.799086849081684
0.451152649173105
0.920874879298594
-0.124166678685115
-0.773379974149552
0.231796009628028
0.46355717804794
-0.0151542071015594
0.449686856756073
0.320690882082315
-0.238394346855154
0.115559694713158
-0.00878881150044959
-0.537483665515133
-0.297526034233609
-0.276338182680382
0.175364442195632
0.6989900804892
0.501894660442429
0.864521759668043
-0.521378074564201
-0.626162887054002
-0.539532010466209
-0.604264386774368
0.26596722850134
-0.542347994631797
-0.833431790233905
0.242496590259842
0.254071113595946
0.0345445839596885
-0.0487088628053478
0.75178896699514
0.661309865963127
0.828068034459503
-0.639868575957231
0.451077478681403
0.93234844161341
-0.156419061217764
-0.351011934205594
0.926281283321749
0.17555457417544
-0.936275765626531
-0.131694020354439
0.777574450421848
-0.710033949906573
-0.167609031800285
-0.34342789867917
-0.791374081142956
0.117360785099963
0.314680290109485
-0.144174334103598
0.849409331008679
-0.00541626267762709
-0.500273785447162
0.696233908618771
0.601020289604755
0.249217060345369
0.763208408462302
-0.866435087863507
-0.572488514133777
0.310014868872421
0.87983356902996
-0.0720287176241877
-0.815031705265516
0.710397224509305
-0.139113310413125
0.928304674393279
0.0182941773484963
0.487093423499505
0.851972497754197
-0.401018395363628
-0.259269575612411
-0.0915167660347211
0.572840353570159
0.982758011081227
0.282341282831186
0.282158444408992
0.853244975592927
0.911791294781492
-0.752819859348317
0.410001923263471
0.603655104516362
0.0924305043355632
0.734881949921105
0.833448469202313
-0.857159548632686
-0.926187332696735
0.485902500802537
-0.534439412967469
0.918744916427017
0.371790419581955
-0.303784001685371
-0.785534840572295
0.118555023233453
-0.375895505290751
-0.634444060566542
0.858745604692265
-0.862452591433387
-0.0492797533872932
0.56734436042066
0.864071122320076
-0.605080767134542
0.216545390278539
0.944050607743922
-0.754697291612087
0.0704374333182978
0.183968236733161
0.408618674638179
-0.239397309306647
0.68492582858621
0.974243891715963
0.659447391144426
0.443747002730846
0.942601139665086
-0.49486718343918
0.864811110024924
0.46097851157579
-0.601507283882155
-0.579834747458997
0.203435260717638
0.856161314994714
-0.592900836478234
-0.505764678514173
0.7104788042291
-0.603776923099082
0.468772658443631
-0.519431910941229
0.294500118178059
0.270126989097631
-0.258401184446677
-0.913063338952266
-0.345259696096961
-0.52452164305131
0.131250740480229
-0.291025398789737
0.440994644103761
-0.100241958208984
-0.200346021007245
0.598535658867275
0.175905668009885
0.276639658429546
0.581555686956865
-0.728702740874407
0.662326120806891
