-0.729734421808034
0.304504539460624
0.641294035222328
0.284580440614855
-0.0922337898132063
-0.387708433094007
0.868666763582163
-0.817545622144785
-0.164745167639507
0.942886119319114
0.463461929257794
0.394553006343935
-0.0923964995186826
0.861087644176337
-0.192521392658216
-0.138380756326545
-0.816080990765566
-0.821610270399565
0.681881105302843
0.719301648443499
-0.849201226095425
-0.217604923673756
-0.517238958274998
0.0937302343379395
-0.736157002046049
-0.125224120716665
0.917651107372076
-0.0967464267777986
0.0171059928975066
0.798914108309591
0.146540608639189
-0.566627588919395
-0.519028474150538
-0.210987687377526
-0.0361982929528124
0.024857930002603
-0.0858167101532862
-0.392927934650753
0.882278333755948
0.197228136582523
-0.211253604814042
-0.455747706430361
0.861545495676847
-0.822611737407226
-0.317576701441466
-0.869410547046668
0.503134446339892
-0.95244395057204
-0.567197278600887
0.749143982151336
-0.129270550510096
-0.761403071828077
0.0482054121929385
-0.230160693046432
-0.275053709771515
0.555874618354838
0.882910247650925
-0.582402574748119
-0.327707851933436
0.345144787064295
-0.719760815023584
-0.289133214734711
0.628005575440748
-0.0764802709983533
0.265673892583553
-0.450399710468599
0.827730433172557
0.544803125461861
-0.287999249323479
0.0848601162579884
0.0768583302548855
-0.296364569302127
0.955284850064323
0.174333194613065
0.076326850453616
-0.46560069713167
0.890854853025949
-0.471404069877479
-0.357599571221784
-0.246889706827717
-0.481402712061818
0.807041182680082
-0.842679867780938
-0.469370652914479
0.599975991303228
0.103823245359221
0.35900190178184
0.152342644815171
0.302638026608274
0.620938155219753
0.540388321417663
-0.231104483294632
-0.991354854236768
-0.686438575790414
-0.768512838302562
0.0462931648268236
-0.435553181653176
0.863071382448346
0.837099741412131
-0.825236399793196
-0.378971548404852
-0.0895408287931677
-0.149847553949132
-0.71449811099378
0.33387031587083
0.210231496853407
0.58196848842313
-0.889584538645418
-0.740525998475534
0.86034622210534
0.690553522907791
-0.459315170489417
0.2296403556471
-0.360490983449304
-0.379054474996128
-0.439261728150768
-0.943748228626015
0.759716125760123
0.210115223226921
0.113581833085383
-0.869326109884943
-0.791964301453702
-0.595209120558437
-0.679443900324836
-0.23157512182794
0.78508363094477
-0.570143699562935
-0.314172157047088
-0.416641974569922
0.998344976625434
0.0958949779802021
-0.271391342077861
-0.732459992322598
-0.766924396426271
0.880768665670139
0.317170731168429
-0.312616124588234
0.238481168295072
-0.289458678794813
-0.45019618577124
0.226836130612759
-0.719386410053206
-0.783828618432012
-0.596409206352258
-0.903468839591128
-0.363813625415189
0.834228678950655
0.96208543542213
0.0846261622272013
-0.479799364974343
0.468137346533179
-0.851825706880723
0.758047884640784
-0.383073051082518
0.620371612893198
-0.0109321021076596
-0.340520243264101
0.615723993424017
0.828331423494063
-0.2944595412114
-0.842742024553958
0.697747007585081
0.836514991125132
0.0193845676671151
-0.0387517427562677
-0.84219315937227
0.797248106490121
0.736654075404518
0.783870872672381
-0.882194241784404
-0.00080662324360877
-0.990131666482812
0.523281811519853
0.325822556721124
0.687069150678441
-0.696957779957832
-0.65586669605496
-0.970510599639964
0.824138666509059
-0.603342675438106
-0.859431190560298
0.661847689832251
-0.384402576771393
0.255873504045319
-0.134745985358433
0.609461150922273
0.622307595863197
0.238577726433423
-0.419612114601479
0.670334318197596
0.337923592311045
0.215341797324398
0.297369104941303
-0.018018662220552
0.500795822293691
-0.544585699630249
-0.837522582542034
0.236552182272841
-0.075145404204792
0.732190340899563
0.694521413678754
0.696053286474317
-0.514210492377525
-0.662179188919884
-0.940108765663209
-0.221002738164289
-0.391977125459328
-0.11612841614837
-0.870723458851345
0.952088445817243
0.872850374225348
0.60129774099854
-0.104469361518881
0.289893556255651
-0.335144650498134
0.405319601283846
0.678234768159858
0.0326896650914995
0.370713879384163
0.224787784445238
-0.69999703524433
-0.04936836060851
-0.286729842020017
0.391441184326454
0.00171776184084537
0.980436092038136
0.955907527348836
-0.398441697696605
-0.69938906020757
0.163638774607896
-0.819841131809481
-0.743496437314381
-0.287476361311944
-0.445446703596286
0.698676775319393
0.0829778324829444
-0.898685150453907
-0.203212130507968
0.624627509965509
-0.0224314387877424
0.767175948498768
0.861324865997599
0.488778473274926
-0.563152382073256
-0.513832475753911
0.835857377620783
0.769489722464202
-0.976912241767289
0.182333436358547
0.195763789651937
0.828428516222628
0.459171197288534
-0.876760509998747
-0.292496832871067
0.840881446631938
0.699686169652275
