0.921941165406367
-0.755404411033773
0.811677789366666
-0.701782543792112
0.736980809719883
0.510293317347697
0.434700377153556
0.444430103293797
-0.160040752138191
0.144312076830697
0.179644402192206
-0.95329750305697
-0.784236452183983
-0.174607581481505
0.980864563871239
0.153731709628484
0.75200032653659
0.672832776112522
0.732304039477255
-0.455080545831863
0.943610742957596
0.693193620697379
0.761614545393903
1.02936645937279
0.50854969633283
0.50715442103221
-0.597571264266011
0.378437488152658
-0.459815931754979
0.102393274876561
-0.117586288473487
0.290679338055012
0.93403902259568
0.425414178099964
0.397185849533484
-0.204562802414537
-0.233128622223668
0.88241863072984
-0.472913398311424
0.875748651253265
0.0840047761007353
-0.215067535099339
0.780336882410749
0.706069602595976
-0.51657627719204
0.772225914014052
-0.678525296548344
-0.971699401668762
0.364848782996712
0.0739901902759638
-0.191807786723012
0.699999269285507
-0.849198114415571
-0.549309018165481
-0.435191791484829
0.0134668567240284
-0.201954580874864
-0.78746213176413
-0.0135888842446139
0.980024354105082
0.846397887201701
-0.393560699784963
-0.131570398569952
0.499498821177044
-0.787428031617844
-0.611251977191213
-0.920437443902028
-0.809506885600769
0.658757861453451
-0.626018599861917
-0.17102031253473
0.898100563471698
0.0683440181152513
-0.382382854635252
0.225218000686044
0.472898562825667
0.895088445941457
0.923769768799219
-0.794996757839408
0.350096527660371
-0.554624188070569
0.793598162366956
0.518027716986687
-0.762258747593777
0.548611173809331
0.841042720554601
-0.874753986731528
0.911896281943983
-0.201559939274568
-0.431536116247332
-0.698402010888264
0.224156706080838
-0.0276489083790457
-0.467653419008837
-0.361538631317006
-0.727685338741433
-0.636905729666435
0.472707535699186
0.00070242528885416
-0.660131255425161
-0.738022562099836
0.991159737589377
-0.126920455250738
0.143018226063137
0.754352247638563
0.698617896301985
-0.28156005230962
0.140215314573566
-0.377698127108119
0.141730588709445
0.750433062776888
-0.947708464904502
-0.169071274882246
-0.46639534094365
-0.823736202481959
0.389545198609775
0.24978351978509
-0.378345210368423
0.639474829601707
-0.0526363739855043
0.0852991977775817
0.0852589513997949
0.33306878520001
0.466791146434013
-0.240996881466172
0.139798724879934
0.664870225752595
-0.688966215959917
0.611029427348698
-0.00321419096737901
0.224208248132894
0.511721382550737
0.189377661626194
-0.916791121261916
-0.667733856779762
-0.662054797375675
0.294164560029385
0.712429331973018
0.250374177272666
0.740104516446312
-0.129583070322762
-0.772361938452435
0.60862194837295
-0.86464700411268
-0.983697781897864
0.144488262428478
-0.44106658634135
0.485614203288716
-0.446251945965291
0.439190603628893
-0.0880054150904212
-0.0283877392184868
-0.824227552191824
0.224519699380162
0.668699470824634
-0.43305529665621
-0.21720623405937
0.33022928532128
0.685017757493649
-0.1617578235019
0.588359573412303
-0.175980618650306
-0.44961725580654
0.461010018553693
0.206432664783354
-0.153276643925469
-0.556464980537318
-0.521201246830552
-0.672585913005287
0.693417551575712
0.0169703897984695
0.726232350982479
-0.641955540432656
-0.614291872479755
0.392085404384675
0.569514618609851
-0.82030634061338
0.244375546083535
-0.946665332537462
-0.891028207861731
-0.468668307577356
0.142012761924085
-0.466862810147375
0.44749235020554
0.492134830892438
0.205097391500682
-0.930420430299181
0.79668290231963
-0.102000242083208
0.193955725866135
0.640410932112756
-0.728201587915379
0.458087754423694
-0.59681139028174
-0.950359060267081
0.547452613504017
-0.463169247728636
-0.93568407460002
0.570498203477516
0.334607223296667
-0.125959477498339
0.0839621459189908
0.848321439356628
0.635115586743689
0.45901947979617
1.01239834215273
0.663905079314901
0.40105640648221
0.469290961969862
0.0741616102524635
0.0568603017801978
-0.781510300219184
0.447104351844496
-0.487683951116056
-0.863525383602287
-0.519248433278624
0.613474920170254
-0.752812520524261
-0.474055743855012
-0.829792351896794
-0.98425542031608
-0.564460699933941
-0.513776510324394
-0.57775116194631
-0.659027267936959
-0.272432204327554
-0.951574520584761
0.240931824391109
0.200461145047828
0.385013376213002
-0.626295442431895
0.396903880949132
0.98042839224949
-0.337681624911648
0.808045020731439
-0.236247461320501
-0.154472883741841
0.739240375360981
-0.10346727377755
-0.834572937364925
1.00836606376319
-0.405749363520112
0.935104027187956
-0.408590635079218
-0.383430096329011
0.40728878026915
-0.780829126440482
0.815311206729439
0.450413536968712
0.622804744282867
-0.726928203412526
0.503544911682284
-0.0723870997449633
-0.893788237931753
0.168501818045712
0.141630913721045
