-0.812545669568578
0.908679118285949
-0.904949388405429
0.0276685130202021
-0.818113046661513
0.384000430125517
0.513424528970532
-0.54471122724121
0.0160958551084574
-0.168245375425631
0.9882900590423
-0.574180347241729
0.872662306053879
-0.351400570360835
0.210375917663475
-0.415570799506164
0.444585087199419
-0.908040351563218
0.633179396034111
0.0190815579821611
0.61106726710935
0.448956643922931
0.651821815088462
0.0746052637040618
0.410452793759364
-0.305922071264058
0.445693326466643
0.573047012191353
-0.768786222989965
-0.415359635531874
0.401201339731036
0.925706519373636
0.469192035605245
0.6147677739119
0.895480842884104
-0.23887326090203
0.719077075674106
0.206001352355483
-0.512521287945928
-0.484799403341448
0.983764560938254
-0.0926551228751632
-0.00106952251088699
-0.316605528266012
0.882930809213501
0.354680860174142
0.336103831768588
0.216456553766883
0.289647199071248
-0.213777625980973
0.767829577878035
-0.710727623047515
0.539640203106626
-0.303411493784906
0.237976697092823
0.620403997863508
0.459514940352034
0.849539891937365
0.998763229546316
0.803736197862252
-0.223974280442269
0.111232248565877
0.755647135297959
0.831234799842659
-0.288267242939257
-0.548690687293882
-0.126706562401184
-0.0666100073617
0.245843872083611
0.123180731540537
-0.557264617730853
0.277678609490404
0.139900220839267
-0.440059027938572
0.425091425658979
0.864632223450411
0.780525833712858
0.416575277761464
-0.711981218636282
0.832537765482906
-0.106624531387891
0.50815082326436
-0.411820033953789
0.427624412315125
0.790128439687697
0.896552534440922
0.48743974754034
-0.980082257723276
0.561924785018751
-0.00439784048713929
0.33098141398191
-0.754913804069077
-0.715469593171224
0.921580215047685
0.531210356954873
0.337439666289578
0.104927845139795
0.238397288286677
-0.126037836818475
0.501600699710379
0.564996677286183
0.858106446313518
0.132793563764478
0.22775269973726
-0.771505072279002
0.439997372204447
-0.0416672300388499
-0.560323435578117
-0.0772256885084586
0.258466371899921
0.0698671057005605
-0.459190316532024
-0.644192147789871
-0.427742508408516
-0.297373513779866
0.661272067411492
0.879383278244622
0.0372347679818382
-0.57455552444827
-0.161660811625982
0.259115504568574
-0.753710403581952
-0.773079712262195
0.22944811878128
0.747892015755289
0.186888789384198
-0.452572234896324
-0.134365671933594
