-0.920685088851912
0.781161783285056
-0.469928705567171
0.358151472188425
-0.17285743373995
-0.564132967545544
0.555771518327053
-0.892303628520571
-0.755375805294363
0.342148613446775
0.626365814174973
-0.942452868193032
0.32252459129335
-0.374066009182712
-0.653411142096633
0.198102756746208
0.631550997332297
-0.738276820889696
0.859566032383907
0.553012696239158
0.500679106777553
0.956770608493656
-0.792150907394059
-0.927673549945757
-0.241129113618747
0.210781567871182
-0.783918411827685
-0.39648565815548
0.010986923494763
0.609562948367391
0.351870440458613
-0.401006954976141
0.961244258936481
0.848387426906634
-0.198870296016374
-0.658978185848978
0.670050693995818
-0.704327591868955
0.555800836387469
0.259747353356497
-0.846211360137094
-0.523161429936537
0.604763086497436
0.836682765485625
-0.913893232035019
-0.855838831039912
-0.313972332725673
0.14633802236492
-0.589585982107532
-0.450375766577751
0.777440522981932
0.486920482056444
-0.153784567167282
0.451946481270074
-0.748440508222161
-0.729215697832662
-0.53352062086301
0.89619292467539
-0.953506926820435
-0.457585916012168
0.810897936758772
-0.827511810131018
-0.53339258864656
0.849349474355952
0.967357816720141
-0.562232754783587
-0.375921788444499
0.811064894428512
-0.0138827268868477
0.720839178239127
0.783247771976296
-0.62654754785078
-0.846304328890199
-0.645735860745895
0.307965923274269
-0.536951521531016
0.761171124346027
0.776744791106003
0.851979287928805
-0.105364792882008
-0.52634854145269
-0.458130094282237
0.200094698439355
0.895070604968786
0.0694190911589112
-0.0280731866824416
0.639311836607256
-0.309788469427606
-0.387341253690348
0.544513677022349
-0.273469313393353
0.596660654897517
-0.876070436183382
0.293073292599097
-0.987777068825679
-0.617522690027903
0.714502747312741
-0.544713924747081
0.150831954777424
0.621106176630811
0.442137882980992
-0.258541916550985
-0.122724070364374
-0.855262209923472
0.353577732042035
-0.462825312813429
0.527788445465982
-0.435526446935413
-0.489074698935935
0.942825268857076
0.148385052249488
0.653966070792787
-0.309658371719549
-0.408225074300765
0.0395102900532226
0.392868419711211
0.640534550024799
0.0598004817189414
0.190009979298525
0.943244736164533
0.31074895843795
-0.774876650437058
0.122126422547026
-0.755577110127553
0.138821207537362
-0.516989550456377
0.700574012884485
0.789671797795717
-0.399700071001403
-0.598035240783425
0.526183036709157
-0.0341554248647938
-0.673176715135528
-0.267157154837834
-0.393974819792503
0.516444823064032
-0.320511522837351
0.313936110040294
0.306703667889753
0.0146530681926856
0.568435746432511
0.0531618772056801
-0.294089703082942
-0.0215729193505606
0.869333916321514
0.0705354311150077
0.552777428015023
0.718974570018751
-0.209047686124659
-0.771631413039663
-0.529248654084845
-0.446130978540114
0.833656750289563
-0.685546991677033
0.163075490090726
-0.12559372087775
0.0514778569833204
0.214843942878784
0.504350579958159
0.9640812725326
-0.593237036979231
0.377147681423955
-0.574843601245527
-0.430293362560469
0.212229726753122
-0.323778689624099
0.958149799410277
-0.597185017329539
-0.860915795017666
-0.269003464448673
-0.851203117673097
0.741186197548366
0.758260254315226
0.316195572932726
0.761698092440817
-0.874865337514348
-0.850932069989797
0.133358106256328
-0.231342180033056
-0.0398213826562538
0.310848970236986
0.602163021802244
-0.810171290225101
0.828976083502397
-0.0491207250053397
-0.4378076370607
0.409029704191545
-0.466069570109131
-0.528496374785339
-0.372243401834724
0.454738955067625
0.430484147449588
0.369255352860009
-0.686149976418105
0.059173855647938
-0.0997649637274462
0.236555554277459
-0.626979330573494
0.259982444648041
-0.489380137166056
-0.92228240342466
0.515850996859686
0.341795256611121
0.312629468136117
-0.114148585102296
-0.649022322310047
0.283534176524584
0.533820648804992
0.480665541418595
-0.891059443689716
-0.160654160195786
0.290737969700714
-0.378145630108754
0.026253964008165
-0.115314789880027
0.520087996754446
-0.294933896901537
-0.897021978319988
0.386413969621379
-0.263462555027375
0.973666880369805
-0.365742063596448
0.439296881641435
0.163653545282724
-0.700285978000626
-0.700190657603161
-0.33125524715782
-0.944496867750771
-0.134802763144374
-0.837278783574341
0.173638022274636
0.173438058615158
0.665038068218263
0.987068078652464
0.866316633292021
-0.890382663074736
0.155105971159266
-0.352501916614099
-0.986058568835586
0.568398362582133
0.353810291986546
-0.469794086042062
-0.217800984789765
0.32340176080638
-0.696466762710813
0.154358461329982
-0.448645674169429
-0.647643050253505
0.732315706052298
-0.18629620198124
0.500094150534004
0.383562087620227
0.522251240499725
-0.7483341664962
0.385870921783383
0.806772197686184
