0.416935749995994
-0.935382209779116
0.27314821548347
-0.230291305503296
0.148482996682059
-0.313151473707154
0.0857609623884898
-0.809958462654448
-0.178034100016556
-0.811886818957345
0.229921005422464
0.297976931793307
-0.156172148018712
-0.00627024808057455
-0.0922516425299797
0.467470485573354
-0.786946694161227
-0.553880714703109
-0.0430298719453824
0.344155732745651
0.385028773115388
-0.789313922735305
0.163261845513197
-0.0667895029418622
-0.23238386163697
-0.599623510021289
-0.617483831028019
0.251974757044991
0.286892338075427
-0.528702313390968
-0.635251510926758
-0.569685187653635
-0.0502575886516982
-0.681781633379902
0.124222689280745
0.706889236978877
0.500620774091871
0.807015847711723
0.733060820325748
-0.553032170732714
-0.434486706713416
0.71799840445399
-0.269414127721717
-0.34416481712228
-0.269678058421094
0.854892769657897
0.745452959053121
0.196367741080012
-0.489147667979406
0.15014617934281
0.731429492284582
-0.562519891954546
-0.947949466620357
-0.811079117755444
0.954684339080545
-0.514482705132331
0.826510778339729
0.788703358259226
-0.510850199682258
-0.200468412238018
-0.800709213174944
-0.0908079059600054
0.72040712483516
-0.838464963555367
0.93792056625498
-0.339169137968934
0.694236549940763
-0.884689993264514
0.49037196836249
0.100778763261641
-0.728952438869423
-0.113100038639334
-0.183685503134976
0.897592457097632
-0.0610658543430708
-0.306056502886766
0.00327572772241607
0.63430985118657
-0.592292217467563
-0.655337416364732
0.465647082815618
-0.638549892852569
0.211037808062965
-0.0647239599848339
-0.30139650801313
-0.206077929792811
-0.511551238041968
0.997426564516161
0.865806928286002
0.576407571310436
0.677354343669892
0.129659819295092
-0.196677360379604
0.151815392704949
-0.740043743850859
0.682728093319773
0.259786323553742
-0.968569487934318
-0.265984404562667
-0.827540526037549
0.287951389027055
-0.0211580295334662
-0.331606701393952
0.886586902993309
-0.872914602755325
-0.548908402487308
-0.720825175853153
0.638168707348558
0.127644927406363
0.825961279842164
-0.757573867977611
-0.980542765371841
-0.711550222112738
-0.985239896829333
0.828840158228515
-0.626920188176112
0.25305565291656
0.439556122321687
-0.135829531934003
0.912635017868603
-0.77960308425944
-0.154274535478824
-0.906771469366784
-0.300330533372233
-0.426743907655501
-0.934627360344751
-0.75221329813549
0.404681166351271
