-0.265778452605513
0.581854422870678
-0.403236417573646
-0.900577214679319
0.131349117267049
0.678200644513096
-0.797539110920779
-0.978695193177859
0.381540340138212
0.244527657787485
-0.413682262506128
-0.533544421257371
-0.704792637663231
-0.0136544541292922
-0.86469660122669
0.179782966815712
0.055344405735364
-0.465087668653715
-0.232775206932827
-0.671142576979004
-0.636469566435008
0.635988807708177
0.009724188348237
-0.658495121699647
0.686273966002258
0.266019108403182
-0.704159724965865
0.780222613245507
0.890660780546016
-0.945638970926866
-0.511242041307228
-0.979439289723879
0.324049077754285
0.154298046417558
0.526628022694123
0.89684163533576
0.227028862228108
-0.80796722449593
0.153678293866706
-0.80364453939139
0.565465719134515
-0.443253139361016
-0.217689631661305
0.238157006969553
-0.650252886267001
-0.766011594885975
0.664629985873622
0.794580504984335
0.164618506543278
0.101558765868063
0.630585470805383
0.288208421058445
-0.520717975153292
0.795803024812422
-0.301823763099945
-0.662732211380514
-0.827746447043705
0.904045124569383
0.490196570478986
-0.31607276226764
0.320666404362736
0.17637444971621
-0.94975650552906
0.924871412777972
0.727769015230078
0.517515269676451
0.469880355721367
0.518657658754159
-0.878666528936056
-0.899621826246629
-0.00763262307114245
-0.966619666882758
-0.886234568483164
0.250154979845849
0.178462792944926
0.95114854753628
-0.883426035722923
-0.931041088067172
0.989948260212582
0.490383659603753
-0.61146877940268
0.251604418124301
-0.797995246513969
-0.380265495656802
0.219204125801269
0.470636712591302
-0.164728296328168
-0.508249039578234
0.943858199610859
0.461168840925902
0.864890079064396
0.644773028527957
0.797695051791719
-0.145011961542049
0.253091554077623
-0.569178056083913
0.260828233832444
0.55395940537989
-0.921406620171071
0.408661920978444
-0.625267035020315
-0.191619061282406
0.499360190363531
-0.561943202868243
-0.770631163113946
0.951154964729577
0.393073245718507
0.80950995620671
-0.645896853739661
-0.491706916378551
-0.0440829820284434
0.555490993716329
0.0284672334659216
0.909498133322039
-0.538273544887778
0.813666169070692
-0.375474528161958
-0.28425754288939
-0.295753970495981
0.355344183746166
0.828226183115394
-0.546186809946645
0.530882759288564
0.0453343731241241
-0.997455326281168
0.179499937295719
-0.732966572110621
0.971865133432018
0.401645015271987
0.460231269916545
0.828687281989814
0.572735548574211
-0.0932150461732859
-0.916312337359454
-0.219313099396821
-0.864108191036848
-0.236372034202789
0.0628806121239785
0.744577128558907
0.701812847835463
-0.641312452445574
-0.488951244424749
-0.317295099520425
0.913348559637322
-0.0261605501492749
0.0629062686452199
0.771997061637796
0.324714113478155
0.830256973451181
0.0154006370772878
0.622856317843213
0.340445453305184
-0.178832728728864
-0.315443257648031
0.828564996724147
-0.990715878016898
0.278738216604206
-0.811463596427259
-0.431191134078221
0.51067999055922
0.747971765267893
0.00339891080079323
0.36975294469755
0.0217950761005952
-0.45209382429685
-0.610012394270261
-0.427124055360091
0.36095887880875
-0.0193954108064876
-0.42193821357513
-0.772327188395223
-0.0320390211241027
-0.0163403828437034
-0.546203495720743
-0.505648268070856
0.517771232117738
0.723866232344183
0.844800510553858
-0.0539311702922567
0.324153817527399
-0.647238984681141
-0.189001484026405
0.846904734192594
0.2920724988297
0.603749793904655
-0.798123163322491
-0.350160705673667
-0.0797641082959028
0.0424280987773942
-0.381349386705159
-0.400054744186177
0.735765912813406
-0.789893466213958
-0.397205098778359
-0.882926566803096
0.355183419546454
0.339592375922933
0.733442633066898
-0.576905038231364
0.380773320077244
0.913282441673979
0.850365725397167
0.65262442387632
0.645896222503319
-0.67122899951652
-0.940034623341207
-0.572434951988307
-0.0832371523823195
-0.403665494818648
0.938594453195326
-0.228593121433032
-0.532244381950047
0.602361924412825
0.0831716307247969
0.548240621173323
0.770458028447294
-0.640705873621481
0.136479893409711
-0.667678347660676
-0.808948177465045
0.7477466412939
0.475515211154152
0.775354033313422
-0.269749210493247
-0.385118778582707
0.373707553430936
-0.326666499501568
-0.0891565065938631
0.357569527472458
0.654714984198651
-0.62142553299695
-0.0845973597147846
0.258337985794261
-0.316103704413231
0.756274685121557
-0.609982287422506
-0.301963022803388
-0.32031859526044
0.404492879906434
-0.698065700665393
0.543704038236272
0.670893054433689
0.685082007948119
-0.93809319936424
-0.62295629494425
0.528752238084744
-0.241896092852777
0.463544940769574
-0.447538138220638
0.0381006687289464
0.498664456652933
0.569736268700636
-0.329169692906896
0.114230002586871
-0.639036286237375
-0.269729815414485
