-0.697084865408577
0.523330078458725
-0.498154758980871
-0.652664413932728
0.247526903000555
-0.480975955257609
0.293655704755346
-0.811205980847497
-0.281582049659029
-0.0402374341074452
0.632966943167474
-0.731945259480329
-0.615432261361491
-0.760787078572898
-0.455047882505872
0.199618687393537
0.531555532655968
0.626212623521037
0.598542749487272
-0.626626111711065
-0.621147548790373
-0.367143060097434
0.598415369859289
-0.678269049122307
0.778870730160436
0.77097026250153
-0.0593820828310208
-0.438813467880908
0.0887729994159053
-0.831375969536205
-0.105755212165345
0.0979705318571441
-0.912302512110282
-0.945964069131442
-0.74921540181232
-0.487320754211777
-0.97081377387099
-0.472091543234347
0.283820818406704
0.552868808027855
0.533265817988992
-0.821541455608502
-0.0446481653561801
0.490725736447483
0.300965117076663
-0.110351425885096
0.532607333898554
0.741992996514242
0.23822078255841
0.199660431777773
-0.539627439089577
-0.416649966459275
-0.00612221261260071
-0.0986433948292926
-0.88942092528075
0.518508156719766
0.862728669236588
0.832044551502759
-0.721205431040576
-0.0438302095962705
-0.592872862092355
-0.214856259496476
-0.742671544529676
0.0703226392118084
-0.283237342586409
-0.495814281475549
0.129767413499671
0.125288176544822
-0.34410874054583
0.871679772422194
-0.118655048550125
0.802646249995005
0.223432016598764
-0.262125062960079
-0.335852998212362
-0.470603139779608
-0.782680211384716
0.0557644688765775
-0.658517706208117
0.839161042371167
0.428032005779162
-0.122825512496582
0.633739841287622
-0.630856269367486
-0.404749099696405
-0.84734863608781
0.548870496126026
0.685047866734656
-0.367665381810278
-0.602194016664493
0.951725272291069
-0.954564004116766
0.887881211460347
0.851778422417745
-0.564362886216986
0.933582726008801
0.938045562146364
-0.821765517336429
0.0400206331364249
-0.914365115721204
0.472917288484619
0.751777817928682
-0.173835905388511
0.663449306691794
-0.407047070152949
-0.63999011884847
-0.0600368720266502
0.594784634554475
0.120242586102756
0.619514605606846
-0.0581429867924069
-0.734503265348022
0.445310096336602
0.477441005716041
0.0526830033296582
0.091276943279136
-0.650976180677028
-0.450546321700056
0.457307508370606
-0.877780796648816
-0.716459608600111
0.539303492588987
-0.325425622079714
0.774015220656082
0.583912964226147
-0.375067725809441
0.523040305682453
0.768177843640691
0.489573999724411
-0.618815907475081
-0.319096879033981
0.998266067457346
-0.0726064047002446
-0.128828085154079
-0.165129914905691
0.691306283681741
-0.622941944415508
0.175006398421901
-0.18580664353303
-0.707888683126989
-0.705830778258068
-0.982089829607399
-0.652914139310558
-0.120706552053174
0.762999520262849
0.381083986203342
0.565456458806667
-0.621303961348673
0.0381135163325613
-0.254127954712213
0.79346816554101
0.903490165788458
-0.820163236185078
0.13826847396655
-0.87429907132985
0.929208479431858
-0.862402653060459
0.510713414450572
0.837623824354896
0.079786495205292
0.21104102056486
0.927355005457969
-0.413237150081162
-0.822825316678538
0.0835655739137622
-0.401694140317478
-0.180755861049305
0.705394016664905
-0.160528378625236
0.982595591674991
-0.985843304271812
0.155964811924582
-0.893757555478599
-0.805619562119946
-0.0514016901585441
0.383309073608882
-0.00971153063771555
-0.184370868832602
0.456868723507797
-0.442234261096214
-0.226601411763461
0.616990078711903
-0.356995185594395
-0.156352713491046
-0.775983741165218
-0.537035240714335
-0.237560149261688
0.479675845650111
0.180987569949995
0.989660302707487
0.349712505708205
-0.673089648682189
0.326379680097601
-0.0375022921296498
-0.582200646204638
-0.0173848194823119
-0.35840380877331
0.560133756417346
0.152640576014302
0.195357325654969
-0.63803322613734
0.654743449296509
-0.0436550204189394
0.876049205091199
-0.485141651312274
-0.0266275731221676
0.319000692221477
-0.268461998871135
-0.707503977581816
0.130807105288117
0.667125826384497
0.956838529798046
0.843694850335937
-0.0617596437468245
-0.371094534311027
0.869034950377658
-0.497489421518819
-0.0226747240360894
-0.117045584990843
-0.139937539653252
0.470027367501538
0.859534706506778
0.928092805002035
-0.0558896109739259
-0.989378136637284
0.00831686655776977
0.557609527625198
-0.518824907259837
0.702658411323934
0.0389535291935514
0.425408796809835
0.0284777149603931
-0.576515099503108
0.454942854506421
0.342372520052572
-0.26962010880552
-0.371159256323721
-0.0063033776056069
-0.525530112683195
0.445203169813061
0.00820372206316167
0.189391312382177
-0.0801268914201397
0.362891960771259
0.116171793697222
0.50322156797994
0.0303474724065713
-0.314071460676335
0.214263273892436
-0.57552205581327
-0.348527418584041
-0.973758413407231
0.848384371500764
0.818589698168317
-0.190347666755387
-0.616690473646479
