0.434265736819997
0.759401773449405
-0.295200612029802
0.643083478990027
-0.0231415824707912
0.0559523953376736
0.679884663434152
-0.628161404534331
-0.127109955803971
0.546659454383707
0.794172160723485
-0.613163278712742
-0.554278678337813
0.999893208040354
0.72627272726522
-0.0322569550742711
-0.833869388715353
0.862014650388018
-0.938355757409438
-0.37106428868179
0.656723771004284
0.72783131971132
0.200636659448507
-0.557890955499287
0.786267456431883
0.577373730870564
-0.235812818174837
0.265537385901117
-0.566023379162885
-0.92398965684066
-0.60154154009171
-0.236992189264106
0.864974510842466
-0.67849416138227
-0.301139541130772
-0.222526130030552
0.989171622080751
-0.636140850596231
0.7288016283165
0.026090691241965
0.00556688095121505
0.966936655208332
-0.814363371648396
-0.842794320763199
-0.275618337526485
-0.89404922165615
-0.734642433569485
-0.695060088955904
0.357696264071355
0.0564964763693171
0.0969537461071993
-0.374242783252356
-0.174445211999178
-0.86487764747311
0.428011413112084
0.214716056638454
-0.973923807148073
-0.714756601078786
-0.983923677328988
-0.990360472091524
0.811172783489408
0.327067283853382
-0.568203240805645
0.553151162716322
0.450787362499546
-0.166160264620513
-0.621188137314114
0.758416154267593
-0.776709791778538
0.278491668813186
0.275678068089047
-0.0445305078702283
-0.68250576462298
0.88973190512698
0.178707562770769
0.94283970308843
-1.01536771276803
0.506988732440917
-0.923813076649271
0.706016249182997
0.0508465668202963
-0.807352732167014
0.0582386394660713
-0.774127632430575
0.467482921679943
-0.57440689262959
-0.547268184340772
0.254990294062524
0.828523174588713
0.595222744718483
0.394395966995341
0.95995663431802
-0.879902696691093
0.731490587979363
0.443341890006085
-0.225477876940252
0.404610504090042
0.506725954750501
-0.851856911067749
-0.923804616146336
-0.868031326262358
0.938819793516349
-0.122308532928116
-0.512963631530876
0.485369631237356
0.432834173700961
-0.769084116108919
-0.863189244345453
0.422422652352724
-0.422808570805076
0.261071965877621
-0.48632505449759
0.740223385441246
-0.872823475403999
0.852824314516644
0.410941735684675
-0.646813579775081
0.356089900638849
-0.504236101550363
-0.111739411205701
-0.424981697950842
0.526556418443799
-0.631435417405469
-0.953970797665123
-0.377698069803167
-0.0901970991964027
-0.275794952799926
-0.353092496911335
-0.0973802409938816
0.370139448033214
0.976806395583275
-0.263488107430968
0.121841571264949
0.448207328554427
-0.76066947203674
0.598139532029074
0.898572297968693
-0.0494545527152534
-0.261319038029448
0.377822020531249
-0.305205858907485
0.0398600386550147
0.528077278795951
0.194852327423197
0.280651396491887
-0.50006707589353
0.8663520796169
0.796810612108227
-0.476421741362099
-0.374420491617877
0.602391150972531
0.803398376757507
-0.550558614134288
-0.113154140792048
0.148339396255608
-0.283449356852499
-0.473777756579419
-0.0911223509993811
-0.600693765692728
-0.941392449042509
0.761358126230377
0.853629601029505
-0.434935801049863
-0.946332572457703
0.0806373786293644
0.929583583384195
0.800733133977773
-0.670289824513037
0.0687725592820329
0.0198832740602199
-0.602828142566558
0.993286025144403
-0.700566026648145
0.986390298974826
0.834655327678354
0.0348963753016409
0.837918281852006
0.391729748165647
-0.0148831284440088
0.36302230044863
-0.778596356163335
-0.350590763127552
-0.585442524705805
-0.685125610515056
0.589381537902531
-0.16916961332074
-0.349771396476644
0.937065172559977
0.243800932899729
0.335360139471737
-0.129266021802025
0.660547555049132
-0.0734401549625756
-0.115983115128637
-0.121686873271187
0.0286612085452419
0.240641362332037
-0.014224258246058
-0.876919498416508
-0.858035645167874
0.344547803588684
0.254758765418491
0.443721424129734
-0.395874336490367
-0.181223674202261
0.890892633440498
-0.210556002616279
0.586996756562779
0.600409084329625
0.588874815844674
0.961059885390424
0.0702875001408228
-0.173966951528321
0.908723876376213
-0.829265704532824
-0.943667908333614
-0.967929802589903
-0.412625693195934
0.0749344386304652
-0.580578478908427
-0.0756055051096132
0.522352220368872
0.810432899456887
-0.102254065731623
-0.0835907236702753
0.919598842611866
-0.12979661417607
0.219051906986592
0.226979637006144
0.019360023764207
-0.850492462719192
0.422811381226111
0.875254696485759
0.0161154800903412
0.395752520428983
-0.37529401841051
0.133610713416327
0.974410665908342
-0.823053263443214
0.622696509304605
-0.350612098664309
-0.672183237664436
-0.886180605184899
-0.266717434100626
-0.46807563075797
0.105643149488148
-0.652375905569531
-0.0658160324873951
0.778016223439977
-0.393744030095971
-0.146424391601819
-0.00027520241815641
0.508872171793405
0.503241296374581
-0.245902253026911
0.245382569855697
