0.447312229741632
-0.288698037348358
-0.549082230525147
0.814846741079447
-0.226828456918498
0.787758589798578
-0.148098387935238
0.698968288610573
-0.198892065577169
-0.291265948838627
-0.215965642446918
-0.474470695288528
0.575806837501623
-0.593868058880842
-0.969560080553894
0.694270029787275
0.499177733612512
-0.493550711868226
0.79980555076226
0.567986310658135
0.50547596857512
-0.0803163670957122
0.161999613428366
-0.0593950073841567
0.199121149796152
-0.855895735918084
-0.218934697453303
-0.00139556998356964
0.0230494827247224
-0.799962176071274
0.152298441151342
-0.0999841388890202
-0.928155176956073
-0.126717584902705
0.408077433200342
0.336362630997706
0.136955907493869
0.236075025227917
-0.826538262596138
0.587711416606031
-0.345763311536785
0.375114663754888
-0.161712660155922
-0.671931561223143
-0.310423151948401
0.0383668883273748
-0.229283473601308
-0.275470066455978
-0.00453128512139631
0.702848834558645
-0.873556721329567
0.492289863402208
0.932763532733641
-0.336863531908019
0.970012925681711
0.169381832832676
0.318333746886533
-0.778685025632808
-0.780051165673419
-0.884612022316766
0.672975784564874
0.680573595241685
0.718078749204043
-0.558366930672175
0.943652110572761
-0.0117041320113549
0.221278082094688
0.481287814950972
0.385027854869044
0.0772541558382729
0.917820609469755
-0.317527382048195
0.463601533142198
0.880550788143245
-0.788501751093974
0.522783879579351
0.247370934735649
-0.242415842848831
0.677869394332726
0.651368923777853
0.220391032377491
-0.421404139525624
-0.772427244893161
-0.934045171607974
-0.624914215390786
-0.525472911813117
-0.930205114600268
0.314588903171645
-0.19917630020783
-0.665288688870284
-0.727836508254547
-0.870259737632832
-0.00392511530141551
0.311274599319144
-0.671088027824121
0.101941897135968
0.0736284930958059
-0.239357263636306
-0.329962800124049
0.776257557031767
-0.838448892749128
0.764705277490311
0.622944144619584
0.343847001516272
-0.964130653005954
0.932685653039034
-0.598051107831409
0.762488865056871
-0.566231959854966
-0.813705696751636
-0.476997109538706
0.088561140435505
0.627159241464715
0.146901984259919
0.729152486836341
-0.18794481691125
-0.431541497249105
-0.0103045247510423
-0.216944035857948
-0.987418493079535
0.887607279356877
-0.795044991787926
0.776073758081778
0.848908678223873
0.826742026480743
0.270833627901088
0.230934710633208
0.188844805787046
