0.168390432624607
-0.817488451611116
-0.129146209829101
0.348966773734537
0.508021278450196
0.211421118389539
-0.483953638278071
-0.684192091884398
-0.985302536822641
-0.96842424842103
0.963743834609954
-0.418229948396022
0.191027596077233
-0.0161262133524069
0.580607340595607
0.718064949504851
0.147833223753192
-0.412071561479062
-0.0410531690136505
0.282374347203449
0.71860569905141
-0.852954905436301
0.891861215747044
0.0139996908839948
-0.0836259144573848
-0.287354410056433
-0.0592343510028986
0.773150493133534
-0.536789654759499
0.878001211382135
0.245986472663597
0.181901527846472
0.211328044718846
-0.290690610186871
0.625346873561126
0.0612572308225293
0.792007078756384
-0.791501007507078
0.229526009178272
0.498491734422965
-0.771603417038019
0.118804110537082
-0.172869486179903
-0.431124324174977
0.239101280804539
-0.131785550760789
0.257012503741578
0.588379265399813
0.384699389483058
0.434542717245843
-0.125456632308248
0.880638612599175
-0.967833437786051
-0.368425620111832
-0.856356247093474
-0.922863276606246
0.498123161818118
-0.753765412614022
0.0409149963654839
-0.125054506291937
0.0714530437412963
0.935138953436747
0.698818372841256
-0.194190350662887
0.40707536694492
-0.814627113397498
-0.358208480187947
0.246903290293152
0.0667214094252313
-0.363141727475738
-0.965507619348934
-0.75343795682706
0.832445054081045
-0.198486578150474
-0.795816408293937
-0.394089818339927
-0.994834738963247
-0.797857533885618
0.661239898187744
0.385060759817521
-0.919336081319846
0.711382126974972
0.565249205541
0.857982284977488
0.75100063413824
0.491452141195536
0.620633492280246
0.966764511302368
-0.0113620846752029
0.863690407613791
0.535242452178894
0.360925290092912
0.902982848312851
0.262770610841256
0.509187565839296
-0.149234150903514
-0.488240170981861
-0.995613993072689
0.928542794736454
0.308895521527451
-0.266681946102417
0.0321569082650014
0.609452052012759
-0.986719718307517
-0.770368736722485
-0.924043037102223
-0.387373600451302
-0.554259903215718
-0.495553614212927
0.446075275500732
0.225564330289234
-0.614569950980607
0.935973347057737
-0.637398987873562
-0.919606990782708
0.923623526600719
0.381193048360213
-0.713120849808812
-0.0127810871296946
-0.150727786808037
0.952826388516727
0.28937454565844
-0.74598075555097
-0.318256373565993
-0.381620343406008
-0.345265767750911
0.565628852174659
0.672510383623221
0.350518977529167
0.825157255463649
0.174366511358693
-0.855532450051174
0.240143846352177
0.929648606554404
0.657638449560037
0.0658591775743473
0.0942432378006958
0.130368872732582
-0.661913674481432
-0.0373102356022999
-0.264821763282013
0.612102327161639
-0.205693019143444
-0.841095713719212
0.219170231246108
0.02396789237387
0.897128555284032
-0.802379679943766
0.136376032990384
0.606538891273607
0.462714138356995
0.804513279702957
0.173693655781417
0.178093920195035
-0.271010538452036
-0.10364587400879
0.903121368367666
0.627429208754169
0.779804045031987
0.409332025724471
-0.468651918102315
-0.0637949047223036
0.789620089588527
0.501623800598659
0.214715801923579
0.409457942624197
0.721044641177847
0.629627530450981
-0.860004932059887
0.403920816491534
-0.561931554246193
0.521354038995462
-0.733227720599503
-0.743325836075108
-0.435121007825254
-0.419856837476177
-0.811213476580749
0.0453923304880985
0.272212619293073
-0.725828659321094
-0.228767940780347
0.795027109336111
-0.231610252249422
0.379655074060793
0.884603174996412
0.794455131407454
0.307903198584825
-0.854066877239389
-0.302058053907363
0.229245436227489
0.351308216736337
0.952439688468801
0.377440526360841
0.714035763190156
-0.206018733808163
-0.248947684581521
-0.155726549594477
0.28695426655646
-0.270368778643946
-0.522947405728529
-0.0428732140252263
-0.769218853297426
-0.204478837253869
-0.456352597586752
-0.861221038949753
0.94003764678967
0.0177227829203291
0.129484699907934
-0.33501351623201
0.44687697986642
0.0825422303930508
0.951257182907988
0.95100488641612
-0.455715630287736
-0.412555170696291
-0.486456907868258
0.209017509646431
-0.545940710978078
-0.509589004897908
0.806514439428429
-0.668743475903429
0.988567232353968
0.0161293800236712
-0.63730094847699
0.621642110432299
-0.496742419223579
0.534066192187163
-0.545022501424276
-0.364863272652896
0.146985408761186
0.036234992384269
0.461471214214646
0.73127959803753
0.235895506427101
0.151356064142889
-0.196733483682606
-0.408923544425584
0.576198205033984
0.260599078853326
0.730702314695917
0.158259785990652
-0.35804901803966
-0.307397052546149
-0.91165337092833
-0.585282020721147
-0.891997320876455
0.759665447461338
0.314096507928751
0.0835536540765115
0.68516968019194
0.410736192468186
0.594549700424404
-0.0693648303030397
0.114177770979974
-0.258019085460692
0.469884466024151
