0.541563441273918
-0.640905262304307
0.399160871691374
-0.741955332487193
0.782076083909853
-0.51618153336991
-0.553865900719584
-0.817936920381471
0.841704504254209
0.957760797832598
-0.147851742743539
-0.337527213698163
0.42256127344605
0.815526907034386
0.49722760613047
-0.772065340147305
0.659287619057955
0.819460131829703
-0.431445871256553
-0.113963015280613
0.0777921425948322
-0.389874842074188
-0.639935954252999
-0.449123038422447
-0.0479891882456264
-0.145661882321644
-0.10137503293511
0.751668464058634
-0.118687334716166
-0.719251730570714
0.629682353730979
0.106753471381769
-0.433664386131893
-0.543966204609421
-0.577387861443741
0.646830184422646
-0.0917380160848823
0.415844159422145
-0.498039309209366
0.0733943867913478
0.970707797413807
-0.124093830919926
0.161322781340655
0.0768811971163842
-0.963884989072097
-0.241499171845022
-0.480953634456472
0.805382342175448
-0.308063445215209
-0.276910968816834
0.0745936340490944
-0.84246649228941
-0.308796903504118
0.226359403444142
-0.469803244516201
-0.350296305671158
-0.821732317141102
0.294525931865976
0.912444943708252
0.577730845777171
-0.21578090660726
0.510801559850259
-0.472626924357306
-0.771001280278329
-0.0994280293901059
0.720318507567154
0.71740587629718
0.0917607294115427
0.10321918833643
-0.882544017991003
0.436360295401647
0.529979370915469
-0.421382397189296
0.404021910363726
0.535056618196854
0.141476668631044
-0.934083674988349
-0.934928837987885
0.259165459878972
-0.70846577974797
-0.133873329811157
-0.165305157556638
0.427422224790808
0.39922402067781
0.703506188444798
0.535135978329679
-0.620854883580297
-0.643683992328016
0.00316364504737562
-0.184877193933685
-0.772993801345796
-0.670130069745028
0.377445553680057
0.557456134994765
-0.186214772085495
-0.15066125878416
0.867204148989886
-0.31265856624814
-0.304397086629003
0.620686183149251
-0.156699657825924
0.18002162196006
-0.492157596610578
0.817088943962867
0.384358489500906
0.691103234848762
0.0296625637383488
-0.401434070511708
0.408883823178523
0.486315937946222
0.884802457763169
-0.0387781708223976
0.212630174312833
-0.513092788657041
0.389485470968509
-0.775041176384434
0.43129609824564
0.304310539538717
0.929226821513335
-0.100707064842878
-0.625623729892826
-0.0609506246730093
0.952563962430503
-0.614060558034447
0.471374770809779
-0.780274304545981
0.432062667340343
0.214046455894355
-0.543485948686338
0.275702777856769
0.0200824290891623
0.775892182538989
0.855076595840011
0.664521047229229
0.678734432093836
-0.79750085740718
0.957298334448134
-0.182945813223867
-0.678905318268376
-0.0059988419564624
0.458566321256734
0.464678719527419
-0.927772424570083
0.598907739295066
0.749724031723643
-0.847089960074332
0.829773212992037
0.640723455023801
-0.469723464793988
-0.632559284179872
0.87129134630917
0.494581798445124
-0.757393467990168
-0.170090570138726
0.480562611998093
0.647979751041825
0.787219351012402
-0.165537065077094
0.70589635981284
0.953344259389196
-0.158754093990503
-0.586022157849724
-0.983114006042544
0.0625820795802414
0.912021994029488
-0.752869267551282
-0.198748983711254
0.286216367877523
-0.714869283404834
-0.989837002787978
0.799807467862542
0.78998749518696
-0.931056084097127
-0.929172043803895
-0.866728292774824
0.54740095975239
-0.582870304241844
-0.816534139909985
0.626130652048114
0.790831575871255
0.890271352817317
-0.0687138587146007
0.271607188080168
-0.256998332739216
0.294404341003387
0.294701856110884
-0.4224508479288
-0.0942621608229836
-0.47592991288402
0.480575514644849
0.952382895433932
-0.399515844450161
0.781268542022952
0.153082899904528
0.926518485267619
-0.911073840544517
0.659010696756321
-0.405127208554695
0.91655955064229
0.104520859032401
0.397677013817357
-0.317078418702171
-0.858593827181215
-0.884800167994168
-0.625962853030648
0.496574968384003
0.465653721476645
0.5676365723767
0.134542159430908
0.155132907035478
0.785225113746356
-0.174421101137553
-0.762894667658708
0.245655389830168
-0.817844418604839
-0.606513484010586
-0.152320849980331
-0.897852133930572
-0.909005520070709
-0.116013153443825
0.781531564306164
0.826789164460852
0.5041835905817
0.834239361579307
0.0494492053944971
0.761880202867571
0.545378656911439
0.0727560905408326
0.251979109690218
0.178859007183694
0.373910551601831
0.0458860420027235
-0.89027222929772
0.849344393933517
-0.316082552121572
-0.279091559584175
0.1644907900723
0.644604754556681
-0.871550476904051
0.665305839075785
0.428424152380309
-0.594926830503968
0.846225441653288
-0.802317026908342
0.662952106001793
0.561086123911758
-0.25861421206088
0.414615874141413
0.0664032213538174
0.857643575044056
0.0801034734083617
-0.997253786694242
-0.476599951192117
0.794338169044962
-0.206922851930918
0.675859597040994
