-0.416098227361448
0.79759966079845
-0.626069370861696
-0.53230367181702
0.352346505274165
0.0350052937625594
0.726200371288126
-0.986655577127189
-0.659050870072787
0.138868176083299
0.356628807169549
-0.062538190939993
0.777878038109588
-0.895469148787391
0.910709851605119
0.628431334834422
0.401395266470961
0.200640115002272
-0.701972889914158
0.740268202486489
0.497010922586866
0.371680701717882
-0.978713610669941
-0.739993666028061
0.407868351052865
0.00382772385253262
0.0532235710949393
-0.563081070550692
-0.704125522645821
-0.668595122209154
-0.500896247751203
0.895786984831365
0.565893292044762
-0.211951953319967
-0.740075665383483
-0.488640566399866
-0.445648105669696
-0.979254660400155
0.0654677809404132
-0.699682946322632
0.856287841073635
-0.796945163882391
0.410989873848307
0.150668384470948
-0.447582022116295
0.292536004244465
0.130558109364818
-0.198412168686407
-0.414666615617112
0.242982349588795
0.838857956087987
-0.159452468407427
-0.142430932947615
-0.418947477358031
-0.348257778009445
0.822539844406585
0.33564956870311
0.680236260048866
-0.950206445886471
0.606805194134675
0.950467669661475
0.725469944238296
-0.283991822589799
-0.661624380969477
0.937044566584753
0.0646616493956664
0.572098956830402
-0.824618792948941
-0.674523984595472
0.525471376387667
0.477308122954575
0.214551039145597
0.706104133182704
-0.565236772845296
0.390160561102325
0.749794300338052
0.0516434675576991
0.972859421390645
0.921731324384391
0.111625491734946
-0.926876673786357
0.460195610620654
0.784612749078829
0.7524855154095
-0.110284510938203
-0.34860302293056
0.512748009333038
0.591599887818177
-0.655535167950092
-0.746803369168996
-0.488160544103383
0.468229684734846
0.382393905546682
-0.120375282050916
-0.659554512293124
-0.830764141478242
0.758970808282504
-0.524594954962103
-0.278768014024354
0.622394370070913
0.150475036060616
-0.608133286044129
-0.489229204009436
-0.294271788046871
-0.726535725721177
-0.366658901154708
-0.317077256442325
0.823624500666705
0.0927477732925783
-0.644345001477605
0.32725000017958
-0.616562143584962
-0.153439838079068
-0.331951792748529
0.568202811338315
0.932884006624735
-0.822466632210868
-0.490556965698964
-0.258293249843911
-0.96100249871205
0.352235844770397
0.0974822200597915
0.83955248002889
0.553733889638567
0.780341191923278
-0.888582475063853
0.225680024240536
-0.416413494915434
0.790513789249109
0.1955553718036
0.164550589873756
0.274145328086844
0.880839054427916
-0.799054120113967
-0.251431260812654
-0.647339299990201
0.117530442638657
-0.456343846747265
-0.961976327031112
-0.169132337211587
-0.164135530642579
-0.949549197476449
-0.927191350787551
-0.910489426482779
0.225883102332181
-0.414566530694336
0.143434682546422
-0.764726717878295
-0.4536025564092
0.758893488719063
-0.985163751346454
0.408133673458477
-0.723624010693797
-0.357586004016661
0.984841625470248
-0.518799996322313
0.999944207267196
-0.540139136214483
-0.529489078593923
-0.927750646759257
0.43005605348193
-0.873251239475161
-0.5650959054263
0.155107160177364
-0.0955029406689916
-0.182461318107964
0.769915934409777
-0.551939156577677
-0.649906375358206
0.0601859241056543
0.490981244751391
0.873105795622544
-0.775080540536533
-0.504940261752237
-0.203860095775347
0.909094304731615
0.933116599663391
0.874885121233367
-0.87978301988615
0.705120117371478
-0.474224418970164
0.42569404265663
-0.210757069719932
-0.298782358266936
-1.00818671709838
0.486203962698488
0.950341825348799
0.70280173328045
-0.330864353612357
-0.27408027763217
0.818495356084302
0.336146215967705
-0.928193380955641
0.573648911893381
-0.23091183002969
0.972160632138395
-0.64993391050464
-0.246796459315645
0.257102175776466
-0.490685358077723
-0.901984992697546
-0.958978771506465
-0.304106975286758
-0.168259273762543
0.890539653740848
-0.0735299878429628
-0.306347673083139
0.353773664409502
-0.129547598066157
0.582240610143694
-0.800198804374587
-0.756434113969702
-0.64798866087742
-0.16634459804377
-0.550383242326674
-0.108001494729828
-0.128391171030517
-0.992747423814062
-0.643965120322995
0.45156267209867
-0.836611670633772
-0.969522895643755
-0.134014394761673
-0.824893557471881
0.661060470108164
0.882782898497957
-0.783588197650364
-0.295578721439484
0.63216116469507
0.416370965527144
-0.0366087800949594
0.583863310880294
0.453301452252443
0.326954861849911
0.0530186418646709
0.0783876966703731
0.177088538909626
0.453743116789037
-0.624605659487188
-0.147594386117554
-0.888499800239208
0.423784311151384
-0.0323890431105338
0.462456109354957
-0.289153971369444
0.72020723603955
0.379486574191755
0.769051035104787
0.597002245908171
-0.581971850156806
-0.454619190125408
0.0412004470010764
0.60371520203689
-0.87031512478324
-0.305758243009666
0.767452644644702
