-0.990158866578418
-0.983420507773978
0.112087321529385
0.393880628842239
-0.28048819535933
0.0860248246347197
0.0158757009014399
-0.839526527569491
-0.624020862916036
0.473713744867375
0.150418137994181
-0.380877693353741
0.586039801960544
-0.968259827237859
-0.225919166648593
-0.038217094446642
-0.543814610691346
0.409780399918994
-0.38557379727407
0.864425719632566
0.239150554968518
-0.162661720159206
-0.96785156357487
0.127342353764593
-0.315783648380742
0.00147456163349702
0.209503357952983
0.335777357842745
0.816327574034414
0.649947262673926
0.72808104522584
0.036541810649571
-0.860281121540334
-0.62551139132925
0.500693222806314
0.752003885650779
-0.579038433773943
-0.796492303728675
-0.265089666551339
0.167961480941269
-0.803269926270877
0.943587845626242
-0.105202035989677
-0.238500698521216
0.214586824184403
-0.74229550255757
0.617438449887577
0.22215135223161
0.135932439191585
0.785686214890911
-0.677179323716858
-0.625241503024488
-0.401700165509682
0.254286176482075
-0.0655587696009614
0.0908990546265045
-0.257357635858434
-0.0932367154741194
-0.260925103768814
-0.869999228003042
0.956618164157053
0.833229792951472
0.957556298481264
0.843954381847173
-0.138712960766352
-0.455529492401733
-0.0275381935291119
-0.621072461698671
0.85842806053557
-0.573466899224259
0.408395836142856
0.290313232901183
0.626322917538061
0.688505303619107
-0.263423525691989
0.677587263763076
-0.13335750830246
-0.884350496637699
-0.477863162953971
-0.0718936554976382
-0.90895754478504
0.363898877007445
0.804844161256499
-0.290511375594384
-0.577662467094153
0.835857595019526
-0.0597062496416469
0.43728168441039
-0.403140480788348
0.125155065646261
0.518636877766223
0.0834793902263213
0.61729403363564
-0.450285086874683
-0.290697518593299
0.36802200745871
0.864883419901464
-0.676947121889164
-0.282527662284161
-0.766407362545673
-0.378094127338302
-0.427892475029632
-0.981869619389605
-0.070019765602052
-0.398112386917241
-0.348421476669527
0.226894948490716
0.81869756624956
0.985917004388355
-0.0951837129902724
0.227126746685788
-0.191817855453757
0.0715716025957782
0.802060190408334
-0.335730685647351
-0.818036853517476
-0.0782344404235131
-0.588393774355031
-0.0393752698715528
-0.0142855077749113
0.835305887993249
-0.583697943602031
-0.560885094697672
0.699974118806281
0.378238035162331
0.70813234432941
-0.212101615075966
0.661334870154596
0.232825494807783
0.417219012014455
0.599254710229145
0.524427827237581
0.44741525267496
-0.252901410827926
-0.190364591878623
-0.212138681180342
-0.776636819417331
-0.22734052390601
-0.109981776851815
0.720977169504755
-0.690154704599093
0.862590595043229
-0.772454110822036
0.109816854339557
-0.579500714400213
-0.0160186991790441
0.321477757142548
0.900803036584559
-0.362548222218066
-0.741838357340303
-0.609785482666371
0.435771108115317
-0.304720578277554
0.849380977907934
0.420475448879654
-0.252134691705943
-0.647395928419248
0.0718757304666711
0.641294075849869
-0.452974355799328
-0.134515078575475
-0.326086606496859
0.308306141072747
-0.32735226071642
-0.0614055702505727
0.379900041813418
-0.847253589166766
-0.210771422504738
0.628561956123171
0.722980762685808
-0.504977926247315
0.290831817415719
-0.23374148467745
-0.6599682094349
-0.553849681304467
-0.656028568722979
-0.667556094049891
-0.569158578040542
0.825894338213202
0.942166869972238
0.232336391907197
-0.859913739368619
-0.489307599188803
0.0336564479251236
0.448148131074049
0.514804328717152
-0.769168665002501
0.703688862819212
0.347749582684851
0.188746203570108
0.0423833169759957
0.4478216324294
0.695350020078035
0.749615525590184
0.0367112531482023
-0.838418596477489
-0.60159782419741
0.320458665343344
0.756104710714834
0.168452896420894
0.849879316356331
0.36021285530432
-0.917265917399617
0.78770452061472
0.127754776369629
0.0314124791480603
-0.924861886642967
-0.381589712253552
0.525408342129416
-0.9942655562426
0.979319339127984
-0.267910657330109
-0.775928285387275
0.498419530602672
-0.998494864500562
0.215508656362114
-0.0415507745886019
0.31514819580429
0.365340228611418
0.416406800040661
0.363853017679793
-0.179152062342086
-0.52953165276315
0.299274089584779
0.573738736488138
-0.513151864282706
-0.723093316086604
-0.25550240796526
0.281020171620185
-0.55519804384848
-0.206355994546349
0.583456639552216
-0.0257008791139757
-0.948018480075367
-0.372135370960191
0.733828257344994
-0.95336689612061
0.582455709728541
-0.0938071562392306
0.333746143574068
0.633875229847535
-0.858038650846253
-0.308180663740533
0.0978019427609327
0.96470001021475
0.426799226766341
0.970290976854243
-0.322140030900261
0.660860724990407
-0.949920449947042
0.679037126681295
0.77623321125545
-0.841076165374403
-0.0695810423870113
-0.707691265325073
-0.629760870930886
