0.732046081307426
0.319826095975916
0.0351774535162581
0.238285918552951
0.264622168643192
0.313328685514263
-0.636809885489813
0.841607471810271
0.17726908716552
-0.804401354971964
0.473730364654462
0.365698243077847
0.755316976922086
-0.193748814948375
0.942229217367397
-0.894393973709963
0.794611652144855
0.086793084512405
0.851440948085206
0.225656073834387
0.34273098140765
-0.835583699230537
-0.562400772383238
0.727762961376193
0.776260435219231
0.836186223068074
0.0361306993179999
-0.752031597283345
0.61639407849455
0.971850341190294
-0.649714941399059
0.602990384419281
0.00843077801500199
0.899801101989795
-0.0576664422603157
0.769875075981827
0.184593009064544
-0.648253683122693
0.676504627975971
0.440835890550551
0.321273576621222
0.0593193669559825
-0.805449334892584
0.0423895275015397
-0.54067690823257
0.737394671737474
-0.250235411790001
-0.159439540485594
-0.316365994666757
-0.665621694396268
-0.943895318776419
-0.208736337032924
0.358304937060715
-0.87891768184217
0.5239535463461
0.275809546685055
0.199997602941395
-0.466419158625858
-0.535797435241343
-0.402040831549196
0.586259349064877
-0.47246018002414
0.909879032480436
0.952131123501852
-0.817752905484118
-0.474776958586873
-0.195879866442468
-0.464059825742726
0.222704403520821
0.961701122226389
-0.017527763414751
-0.660305087307682
-0.424092697243734
0.246394403083106
-0.640085328193832
0.993175898349342
0.258746976329648
-0.808443060951488
0.00494678467950312
0.0456737216891207
0.82391089280102
-0.540149103244773
0.800457371047258
-0.277595258916223
0.0137819801307305
-0.635864070464042
-0.576113516631416
0.466599924361388
0.841295133726939
-0.670100835885269
0.921606405346399
0.435378599730373
0.984515624795574
0.333302512837905
0.700177714390679
-0.0903176125630425
-0.821137131275609
-0.222882475062716
0.755725406807224
-0.834132860752104
-0.425838413728518
0.954448432226856
-0.820744610492398
-0.665700689698286
0.797502598039281
0.577897690250244
0.0235183935803973
0.45320719005101
-0.536593410875218
0.0567056375827389
0.599700649736639
-0.6804265847629
-0.832264840541656
-0.135578913363629
-0.777782781297297
0.150070587435778
-0.620762586918988
0.484039152013591
-0.202343640401377
0.0804261646849534
0.525027091699072
0.350593793984263
-0.47964642971911
-0.675345102942339
0.349040747106413
0.822967584226385
0.0929509361055654
0.907971192952149
