0.862594345442122
-0.234161801419067
0.83825520775038
-0.689181727425684
0.367856415315036
0.914928725896334
-0.815226135581612
0.570572048698462
-0.379581400584845
0.938967123943212
0.778223686684867
0.572248477765042
-0.93724307206547
0.479973061883844
0.859790240355294
-0.790165134247443
-0.400028615587451
0.719020338096579
-0.581403162002877
0.769387171234563
0.150721609430555
0.654189401551763
0.212633670868045
-0.809701459914767
-0.0983782843795576
0.495120656104103
-0.718480508160976
0.217238327650046
-0.832739659511164
-0.623952899035235
0.00894388085250972
0.529837662041016
-0.578166182819078
0.599668950602731
0.582719194229149
0.825514093602507
0.918293330856012
0.258733384246537
0.42688957850789
0.995634204131417
0.972545948500471
0.889445841836904
-0.484982099093135
-0.750723108156818
-0.446747607881122
-0.728766474039667
-0.221381266263921
-0.733723300076567
-0.434997000316083
9.19533082111105e-05
-0.250920580706897
0.823518998236993
-0.285591894700531
-0.910221789342821
-0.945532986663596
-0.900949558297098
-0.680737173650377
-0.79310907286892
0.952422807241959
-0.719881516521787
0.828497834794526
0.908971598355286
-0.224483440074627
0.0596042050382223
0.325421085661038
-0.413570778744399
0.88758444478115
0.692854896693654
0.0597497471405667
-0.75822511768484
-0.303833642307655
0.0554650974737968
-0.664798100334085
-0.0840835528522514
-0.362588133649299
0.641100894018022
0.672465011747947
-0.555737151240256
0.00185498064204291
0.0549535471221451
-0.72390457283672
0.0784038902054435
-0.737485490032992
0.674955560079622
-0.774778572770486
-0.393141392362349
-0.0326372945598815
-0.318232799888151
0.168724090987505
0.526304569441331
-0.292658642500092
-0.715961280409635
-0.147918115076767
-0.606561299753923
-0.0547488215453684
0.635126069302177
0.211146888565779
0.310709409937101
0.740781904299922
-0.574942625802845
-0.15151382839758
0.309760434924375
0.946580393228861
-0.225243054063225
0.0412983155757367
-0.726722516002824
0.963822693206638
0.94579652752032
0.516262208366641
0.336423055982527
-0.758132329408523
-0.842162732473577
0.0834518130825114
0.177916382432629
-0.578769785512138
-0.0906435216547284
-0.859871614418863
0.572700052781265
0.356439332043625
-0.727015091647598
0.279854758360209
0.879194520173379
-0.678075345146402
0.790394697980171
0.113068454893809
-0.784131536993757
0.442270640664899
-0.743320947198852
-0.400138122807069
-0.995222770032201
0.730866064143884
-0.286433601732523
-0.222500979467061
0.438942926698271
-1.01125896526618
-0.436167932460832
0.803982238862131
-0.636634502210757
0.794530676719063
0.054134860761339
-0.441151297360566
-0.356638527994355
0.821747581488461
0.31292221130481
-0.684735994054987
0.914582786366591
-0.437097791116087
-0.663798764521564
-0.206727545915461
-0.296184496717601
-0.598235857730316
-0.552120581233199
-0.242909329411543
-0.817467440689223
-0.767394006617823
0.28573077486689
0.592635840126619
-0.0327675783656088
-0.881287610739931
-0.757069582061602
0.559919236500441
0.850585133155817
-0.0180758889832501
0.100944427236341
-0.197074167942804
0.394437770503384
0.617640508766116
-0.971054918720389
0.889497343041403
0.382266811451771
-0.855738346111436
0.0118074240419443
0.670898730950383
-0.276805499216151
-0.687821470076212
-0.643407815056371
0.286345975378664
0.731306401445199
-0.168486088793293
0.107377633023599
-0.747803263920891
0.790243411069648
-0.295386318941294
-0.0350884230789031
0.520528676709992
0.564223856809233
-0.566788411075499
0.51631142742257
-0.274618357013041
0.0172833361384907
-0.851630809589535
0.74191644784978
-0.962914025822909
-0.788582551434259
0.0909764924434923
0.787011395486908
0.0888554676398678
0.752454711654193
-0.360214588347817
-0.640492796921977
0.821838342756888
-0.734229322717708
0.675084469033238
0.0390367999546382
0.302283982903922
0.28159700346284
0.757477311376586
-0.709211376629944
0.287501616787612
0.703350240298327
-0.573314954416164
0.838595256960565
-0.0737332019711771
-0.597421987655376
0.549422195672974
-0.501901001172605
-0.700719286543707
0.918847689555911
0.697847445666742
-0.698412893143852
-0.433108780643087
-0.303317360457584
-0.974584648680113
0.419712033535896
-0.889609320906017
0.508930019056892
0.401995953497857
0.00425415264704247
0.0508223202586647
-0.471870106123095
-0.311243107293499
-0.190057312396463
0.644656393208569
0.387169653439578
-0.223418697857511
0.814956210473464
-0.573724817047015
-0.552806793976476
-0.247834994475727
-0.301731164355885
-0.114014871747203
-0.620741064519009
-1.00588501727073
0.0204063126596505
-0.806598145779119
0.694249324703919
0.795321002312332
0.129072361269032
0.595636479569791
-0.218462192111788
-0.265392332377049
0.876391800518765
0.221279488475656
0.363638900099528
0.6390323404044
-0.981946898003622
