0.214753645124611
-0.343271415528954
-0.209361686648199
0.840291932666809
-0.652630405657275
0.387122191692229
0.120278583896996
-0.680779906852905
0.583234049801873
0.47354016509647
-0.29545208126179
-0.914587725737657
0.796680365442344
0.525361551665025
0.20669514521045
0.505756445026306
0.925394548826132
0.871976568544747
-0.0461450149026938
-0.354447193316622
-0.789636827038979
-0.763881132452086
0.0270220757194104
-0.759480557325374
0.167234900232097
0.865721088596502
-0.45726001030155
-0.954198522242866
0.349682829101434
-0.984525558392992
-0.715703048443369
0.923904494727017
0.00211226380199126
0.416271409541599
0.252292858954342
0.411546637063409
0.835518955360222
-0.921856703029949
-0.0294952898307278
0.203021972892906
0.985273521384318
0.908657135213922
0.910381937979209
-0.995023751065313
0.104928208278391
-0.687670772009156
-0.817834140415115
0.378450974149307
-0.029182342971877
-0.948631594842917
0.494661191072888
-0.686797921488116
0.941050198532647
-0.584885186383323
0.185883192491598
-0.733450531269868
-0.282626420197976
-0.550654792908703
0.371432302003183
-0.494490937196531
0.493320105874921
-0.858906591318833
0.462822312467158
0.062294227380096
0.0167433388757049
-0.376580116846547
0.840588356148705
-0.016179650655506
-0.293897817505463
-0.584507777527942
-0.673798667826493
-0.36440861629655
-0.0149114353006596
-0.941590477808503
0.239677468599953
0.522345028305538
0.865023200978317
-0.999656063888047
-0.986822438207188
0.540346244563404
-0.696625696865122
0.451110711877392
-0.511309574818864
-0.0849608013797271
-0.470310286263326
0.98235959375876
-0.283598413652375
-0.446722320900946
0.371915830100616
0.0256228659295674
0.0428038865037006
-0.577214025452074
-0.711529243394105
0.0678042387186522
0.35835236512528
0.491590289643646
-0.562452126409271
-0.360057271956982
-0.0368050017241331
0.727682332927192
0.527087968314411
0.0820975631211313
-0.384160340314334
0.903167278664499
-0.0524192283989539
0.201089936923989
-0.743409813220914
0.929527214753849
-0.865457725351248
-0.523693870595061
-0.0693278583578222
0.879219485632077
-0.235913538845253
0.834099306697567
-0.50943015729399
0.327007034701034
0.237711626474281
0.277556710206402
-0.395971372087875
-0.681185728687359
-0.444685401281236
0.734648066712171
0.284584572021367
0.0120577499790091
-0.531203043184316
-0.362575737957372
0.369271162687399
0.548308020864868
-0.0340714207558226
-0.359515604045303
-0.24221543798739
-0.267275324864353
-0.889710951295892
0.766734464682208
0.56547887405735
-0.569354683498273
0.442195020575302
0.471173120194945
-0.153250255581934
-0.807814777593001
0.830479827995906
-0.491087178138064
-0.583688119165177
0.52973203116476
0.468365480311569
-0.251761692436839
0.255766864423157
0.0281817208606694
-0.769525276849108
-0.937747256241722
0.761003769229107
0.348429746698901
0.21360165682513
-0.435072224810118
-0.0672186361450765
0.924657966557413
-0.366022803320647
-0.316756196179186
0.748261978164532
0.583392409023923
0.212552586379837
-0.177467283012278
-0.186892079745791
0.304008351261993
-0.0435209327080867
-0.824717664298728
-0.0114652016607608
0.18255520170689
0.41711880968304
0.852692748166129
-0.790437376025235
0.626230558090314
0.686097888125857
0.18597191893161
-0.331558035188668
-0.870821928172153
-0.726604512070115
-0.184840132640191
-0.237923517683425
-0.972315978404968
0.460796033032273
-0.870292991798986
0.14673324515573
0.3204647645553
-0.318362769979503
0.120524513714207
0.419239058506829
0.681848102449395
-0.0732499873696038
-0.922752141778318
-0.782285634571056
0.12254601291091
-0.146149232249896
-0.434505981581721
-0.785242713905391
-0.851450717868104
-0.828522623482878
-0.044220705301067
-0.104521164872953
0.363749605847752
-0.148755917634483
-0.845710925144941
0.832926149510568
0.00965408593540478
0.163683723790013
0.591649928497597
0.144987562236371
0.0842096239632328
-0.211598425751324
-0.563097419638962
0.939108075951956
-0.0669098969354561
-0.261549138006468
-0.321020703768253
-0.384330375115703
-0.991019229388712
-0.961720028661955
0.75637868137007
0.560610033255212
0.523475967972973
0.230521535818999
-0.998894699721298
-0.204715160024167
-0.35022657776268
0.611136795878688
-0.134845867404944
-0.157923550151276
-0.536246399513586
0.90452786325962
0.859094314725177
0.558035484322535
0.639714375929385
0.627821528939317
-0.24540102182014
0.850114296975293
-0.697544191148439
0.0328415394834474
-1.00047007206633
0.381328366065202
-0.0119317331397608
0.154074427689009
-0.405993090341825
0.339877684163206
-0.133422630285782
0.457810887599501
-0.994498044463284
-0.811615446428542
0.321200993420766
-0.575139716618315
0.578328328283748
-0.765285566855058
-0.146641855773336
-0.604785697324198
0.259704581693181
-0.207302127822053
0.408567437320332
