-0.16983295383224
0.618889720406095
0.0216698552280506
0.610493491961785
-0.957321106303648
-0.152262399634642
-0.29402631255574
-0.882512024965402
-0.833205483617547
0.956035570657269
0.833346624505399
0.278879448160839
-0.154371473447547
-0.225223458109416
0.547806280699617
-0.414738151270521
-0.0210098812331963
-0.981233065661932
0.192458122673925
0.114245066450565
0.275550438262541
0.7963247083023
-0.479723720295911
-0.993077002317853
0.335311949303114
0.903346513656823
-0.829644821205473
0.832054326800727
0.149851295443393
-0.221294558635078
0.971361224748067
0.665946089050689
0.577917883254321
0.697625462377736
-0.341078870774332
0.91696845810971
-0.704498765979686
0.79188466851494
-0.344145786235391
-0.450968645411166
0.188052656609206
-0.885286803470743
0.991101069149435
0.678048751334152
-0.568094891266678
0.322790069499158
-0.623749379564654
-0.893744199982091
-0.662345079094711
0.143554256052895
-0.399654815769598
0.655182764257711
-0.709507762254491
0.0337563812180155
0.492939058517356
0.315132950308171
0.328274855003853
-0.215788123384648
-0.83380447832893
-0.919319269224132
0.103397028202559
-0.537879054317609
0.771271355046258
0.413918765606624
0.464593438414212
0.103329756213869
-0.787353329023679
0.971925204880308
-0.891018483822276
-0.197977376417651
0.715249219223727
0.0114985580717485
0.669861872630129
-0.375197608440453
0.0928158052380671
0.648143259989324
-0.498014077953222
0.705443106353677
-0.393595457360123
0.960935253610027
-0.848922451811895
0.273444757115713
-0.565079007128574
-0.965346114562717
0.284121275887054
0.417949309541417
0.0101117071159324
0.4333224529149
-0.859818439292778
-0.857482669215393
0.121644730974071
-0.765648989753377
0.36555063783342
-0.755803055181969
-0.033677452717321
0.371933010290372
-0.564709066565522
-0.0734114633246695
0.0521881276355447
0.505966102322468
0.657555036393815
-0.28254949456752
-0.448662451905009
0.710534180951188
0.247342972027318
-0.442394629724714
-0.249592096750924
-0.258657613550977
0.465399192724159
0.968749274682485
-0.0685043469501841
0.841529109085148
-0.595926221629683
-0.318144751929262
-0.698736188259208
-0.832244389809581
-0.149961955636791
-0.129160161916887
0.124400146002661
0.821772232998157
0.921056439119055
0.862114036845094
-0.0763891617764601
0.169458183713233
0.957490284534736
-0.491799493993609
-0.214840512781511
0.88914870103945
