-0.286837744373906
-0.747309312250261
-0.584429859673544
0.724252916212193
0.234343684340182
-0.568044140336715
0.753005980245772
0.969356840911481
-0.98824510781653
-0.988170745748892
0.267795649291682
0.217990213233609
0.398918262024599
-0.286078952836745
-0.32789883014323
-0.168218811802687
-0.098619757090863
0.488346331157832
-1.1059594837674
0.256232109023376
-0.355812360087153
0.597358402095531
0.409029248516563
0.596243921569964
-0.697233826528775
0.345075573439793
0.475320929501297
-0.783287605290032
-0.408780435950928
0.770291492961017
-0.505390925068423
0.720522658350909
-0.0552197398845496
0.487097980548147
-0.0926217736653435
0.0462322998773402
-0.469718967485872
0.824005009769008
-0.117305753069202
0.641275634583428
-0.0422379874143657
0.655006744867338
-0.925480404600798
-0.198528588938163
0.546670898103252
0.376295913844219
-0.604447347336732
0.320740094831073
0.720158653431609
-0.0228792534041192
-0.370253227886134
-0.7754928849541
-0.607432327912163
0.0726542055952497
-0.779390505638966
-0.665725169566784
0.786269426030721
0.941739142489577
-0.195684363878964
-0.810485642757236
0.755404531380427
-0.0289889180434923
0.885467231820979
-0.87565977490316
-0.987703519879877
0.129524315469199
0.0513786369960569
0.161313368175505
0.530096236301332
0.687343304287746
0.833744543818226
-0.520706282491469
0.754616881789101
0.0546887453211284
-0.595210507828284
-0.923258799090421
-0.369015430297364
0.92445374560825
-0.444688168194563
0.232217894966922
-0.320266320391148
0.817739182244253
0.522450386029814
-0.301742187558461
-0.168182618773662
0.0267972143464239
0.907399877333528
0.707065856705219
-0.497233172907591
0.923492871429494
-0.928685960076171
-0.462574544383316
0.892666548032291
-0.871669102749226
0.172915775358942
0.529856978637716
-0.511457035315866
0.734423932210667
-0.794635623112731
0.290498815841098
0.762301270476532
-0.412767863842067
0.871420566489227
0.346299835808139
-0.237367039010494
0.0648816096848431
-0.17634857697592
-0.586755167727468
0.0385540021791817
0.853391371559904
0.427118211836296
-0.957147587611943
-0.639105463531134
0.719537010898586
-0.781618571255846
-0.582569172108331
0.418355876650534
0.653054669642985
0.676785748327083
-0.00835984930801059
-0.670079070096106
0.184774957630619
0.726423443769802
0.0177867738102338
-0.0803341866321753
0.824297310856555
-0.262705480758102
0.00905351839099482
