0.877004276730412
0.827262781496788
-0.173251588310208
-0.414677575221938
-0.672824661022931
0.996939105888577
-0.548857325131531
-0.518235529161707
-0.140818613125455
-1.00666544039196
-0.490534767989267
-0.49444737489833
-0.0695717845103317
-0.717097713315469
0.486018955403124
0.00731925490761427
-0.673159652799349
0.558625514998092
0.700687842086101
0.550149774136297
0.542265573666382
0.875060447673323
0.469828785103859
0.967053620963311
-0.720695882197194
-0.25815398810329
0.688443723472094
0.538168826720925
-0.49428293800055
-0.120090019186769
0.11696207379505
-0.641935854319328
-0.469835696695157
-0.690174271901359
-0.256860157353769
0.417297760072331
0.318694424491296
0.305907007140819
-0.462124834377522
-0.892184418399297
-0.566160825839758
-0.781347425417392
0.888375558562775
0.369254609915249
0.215160332953098
0.644548079325768
-0.00936550953479822
-0.546880604530022
0.887892171648432
0.306306129894658
0.063972064013213
-0.597994165714609
-0.185329613022648
-0.186734831363406
0.208318030156833
-0.242839679035502
-0.988741017970687
-0.863648191773183
-0.793568476199982
-0.587024928921465
-0.568025404008756
0.316705126989731
-0.556664178436702
0.194114189151312
0.809305848093521
0.511764877309812
-0.302465759426913
0.571855761042763
-0.393640255004989
0.293285642763458
-0.771399876560615
0.839838174454746
0.389762738062511
-0.72588112848781
0.0254316362706233
0.222551333141948
-0.351916406585124
-0.66422094002213
0.496711551039411
-0.584399566081938
-0.724359904300565
0.77991537861582
-0.409526994232686
-0.491306105708843
0.468002623279541
0.0688905996711918
-0.787949692195908
-0.827122840123638
0.571502602495196
0.961509039397831
-0.0559792815681355
-0.0175283082705637
-0.997912054081675
0.548054764564907
0.732755624991934
0.942385495681167
-0.0288638915486161
-0.694678389074399
0.154256705756033
-0.220232950174155
-0.297077777981728
0.983882752754892
-0.704320727092098
0.58261507685974
-0.512350457731182
0.20834038428152
0.765544805762185
0.943389337316743
0.191785491567053
-0.904131068092284
0.31961415071428
-0.731749149530964
-0.518925659678888
0.347837149691161
-0.32965581259467
-0.0612662683927429
0.415755003928997
0.136017183357665
-0.583800675635071
0.356246007181561
0.767168375668599
-0.522766634368965
-0.601950421769346
-0.268563346569444
0.694099251219818
0.156420211289814
0.254819243859455
0.0230690153245734
