0.912762632476323
-0.0277277067127628
-0.133624070068033
0.43179724276004
-0.104495084091262
-0.904415399114283
0.570214625594397
-0.0433151395969358
-0.207411723714608
0.103810363368534
0.333110204954608
0.822929666143231
0.0663675644971233
0.488846699529039
0.0875944608605546
-0.454329364247393
0.98926331881063
-0.979649847610585
-0.144462006448271
-0.166600220973336
0.0716817712635368
0.760867901924448
-0.0360057445031534
-0.447760739938266
0.57062714978562
-0.154400171349041
-0.619032820007992
-0.0180516147044132
-0.552302839934381
0.246616396497508
-0.716847113865695
-0.820447880064323
0.300179856547706
0.927832438732705
-0.859370687603043
-0.344060331444412
0.649306156159508
-0.42946459748299
-0.661054622664219
0.763248556660629
-0.446168246073157
0.115949191040606
0.906437302245923
0.597995529428895
-0.580116720091874
-0.135862514424201
0.813521935003644
-0.722632659951327
0.879043792050158
-0.765070107987524
0.14451077182402
-0.993836567577482
0.054979695062857
0.567349010964955
0.881351943539041
0.825974450860241
-0.977696050233035
-0.0407473856342875
0.42897026125696
0.825048573796675
-0.235063635465815
-0.786771184832123
-0.503722653964536
0.149839462868694
-0.695410955040741
-0.878729348030271
-0.75871854506095
0.599109776358103
0.792912538698871
-0.0380551991122979
-0.265362024991942
-0.284150694673656
-0.614244627930699
0.797648816051909
-0.114432662681557
-0.440549991171445
0.383162811830206
-0.979831057611316
0.1352442745378
-0.921158259162019
0.229794458408604
0.162836787850454
0.243534500221715
-0.258910733244448
-0.377927467780285
-0.331923633979411
0.863462152346423
0.188367101337309
-0.0744825684855374
-0.550445104883125
0.389707175132842
0.0571422687557868
-0.712855943930563
0.874863484555219
0.155598271485223
0.465384918989764
-0.885693839548822
0.791335108700318
-0.613789933365551
0.779722376523024
-0.643288176269427
0.0795267336050939
0.741122571623411
-0.82441711968936
0.177454381326094
0.178922853897632
-0.985518243136118
0.458059832055412
0.549704007869797
-0.931703351863329
0.544362240334185
-0.627288960654008
-0.300177298475225
0.970101997816498
-0.384045488021703
-0.144029649585062
-0.341334982463001
-0.813770937231389
0.816087364926468
-0.6193509067893
-0.629531405591518
0.907060494312438
0.115518254228244
0.334898597429152
-0.530455850805113
-0.409897124303209
-0.0185118970989394
0.192914758183908
