-0.371105967123595
-0.627345640424998
0.541601427205199
0.183430904559154
-0.658656169983632
-0.676633427602659
0.123135238027467
-0.94134170547207
0.740028687827679
0.415042419477822
-0.192899665448035
-0.822193783579591
-0.719418313917299
-0.0836310592492782
0.27129008874125
0.126643855585599
0.755172904511842
0.0495529076998362
0.120003212916575
-0.414907918074376
-0.276130695101804
-0.542122189805396
-0.0936002777073182
0.473740766840034
-0.308271443837046
0.727321910342082
0.462066741214486
-0.0159926639886332
0.348029900174096
0.511862994601189
-0.640859617963148
0.422050738365516
-1.00454149554371
0.295774610492047
0.86826245369026
0.871332738855084
0.377136115532843
0.482608496237231
-0.218754080057099
0.65766204426821
0.958109896041756
-1.04981820658607
0.246128092907639
-0.0521783776624529
0.0821028536405819
-0.248908141296628
-0.340881904395635
-0.790937785575249
0.45504005213638
-0.707490938558508
-0.226574611939419
0.232265571180482
-0.210229412869128
-0.19041779778333
-0.642726708163698
-0.380018027053448
0.985469204276457
0.898158326774192
-0.300585773849898
0.429593897934813
-0.480126983543881
0.911930010185118
-0.145353036267234
0.00889969238804885
-0.729206279436787
0.811415230148925
0.0294689006952717
0.541202940544363
-0.35209753099756
0.538084617598355
-0.739096851965227
0.585943342232853
-0.430521777892425
0.569813695415257
0.0569937979365799
0.000906532249008057
-0.2902378484962
0.671215705334623
0.344486344516331
0.634264145325506
-0.663910525093351
-0.95533230316383
0.579665196509202
-0.474767950366194
0.237489866766743
-0.718842755463857
0.47071929619888
0.632252434914007
-0.603393704851802
-0.593619848452988
0.708946056002122
-0.483946667539447
0.433317625968793
0.403849144265426
0.255805072872362
-0.00589843585892162
-0.684950798294674
-0.284141349771146
0.00344429619986842
-0.462969893714381
-0.489832090288611
-0.260613220979146
0.388448024225892
-0.0308038741475896
0.807626647956382
0.338215226233819
0.980033079316088
-0.200395466225543
-0.0923156549660226
0.089474531702036
0.514436881154251
-0.108285174345156
-0.0585326408447342
0.118530664666718
-0.551678406389993
0.619559584066883
0.212152091334164
0.95960552453518
0.898124548903658
-0.642387160956657
0.875116413136777
-0.252724123390287
-1.06788623417981
0.770313360402782
-0.309821445365535
-0.734822756109003
0.0531913167004327
0.430830547298499
-0.868977646846026
-0.570747337606979
0.55412548328478
-0.209144479786244
-0.12263270337767
0.170384592504577
0.404731361362053
-0.593778002891741
0.271449356236668
0.702239855275827
0.680697044849339
-0.251698300480354
0.752185617096299
0.604687650990402
-0.879984559858659
0.854491555094761
-0.64855233433875
0.149670649138062
-0.954774127460778
-0.863650743769618
-0.235274240913614
0.602863952978492
-0.00494886307312471
0.197442845648813
0.991216433216332
0.89600503850027
0.0976932871600704
-0.828486755199413
0.929287531446529
0.888437393880648
0.858459869134223
0.931278922383394
0.179627784780851
0.0590420198419029
-0.487569693757769
0.207223459115202
-0.394265356074658
0.482761186107528
0.325475529279041
-0.837524485729427
0.453682218598114
0.260110051890774
-0.580096218857842
0.731849918403391
0.547594947314458
0.401098468027397
0.709977670934468
-0.642621785855327
-0.786236894724719
0.42621251297587
-0.878951808739216
-0.514002824685532
-0.902225930364573
-0.402977581602913
0.552915357233824
0.797629659017347
0.0601667534741504
-0.23222272942522
0.365464413296885
-0.29521376441824
-0.884632752497231
-0.980096563275968
-0.921629970164234
0.65129724621219
-0.107340141964301
-0.553593901950247
-0.643712431082258
0.487384220934576
0.501697573926118
-0.544135582316348
0.883837280795579
0.475715044226737
0.87221349455713
0.528194827503395
-0.609426476270691
0.507080367720222
0.0303019543027735
-1.0085410783638
0.870754152734685
0.0877312405214501
0.0754902029764963
-0.173552576518394
0.790854176266054
0.0200923475386453
-0.128544586417662
0.0594405284079889
0.78989947404712
0.815436725533035
0.285672205215777
-0.618096109085245
0.0159731979890867
0.606760786499128
-0.773634663688404
-0.364545159091367
-0.45640978448855
0.78572925003315
-0.601722520988575
0.66686365469032
-0.118260001425379
0.0590630346251051
-0.168188853820632
-0.208698623985954
0.724312653645348
-0.466739641218307
-0.0252872573524624
0.385263181776107
0.162205673471476
-0.387933592851246
0.0547431108975496
-0.651438568605036
-0.40082044651023
-0.926386140340589
-0.0774043147739002
0.0931191122822883
-0.46758027851975
-0.0840058246697197
0.0152923689581509
0.256350663700839
-0.932516133004438
-0.302294614161154
0.214421334970334
0.307437854979943
0.584772616069284
0.662957625287089
0.303961304350268
0.459672507089946
0.288565613390668
-0.693822072076573
