-0.178121115724781
0.0407605342770746
-0.849686155857272
-0.920916483577129
-0.502884501772303
-0.77169872581389
-0.322901638276298
0.382867330105476
0.965086142347097
0.625141232578977
0.15715335965881
0.516981743378525
0.839449002738937
-0.26572636917712
0.398375627813226
0.45760695573231
0.464450174115302
-0.543097091170699
0.411263944456355
-0.716289561196827
0.0884755762851678
-0.230022916923083
-0.380713984069026
-0.540308229368867
0.884778218771063
-0.172165507512439
-0.428443936136813
0.586309927558628
-0.68197665332301
0.675286492919384
-0.0133725364635114
-1.00106109040681
0.874452465839208
-0.0696161219893002
-0.832152527144937
-0.540461672953913
0.265613582840925
-0.194734055648236
-0.539969606304219
0.793914685460554
0.922905372887545
-0.543387404458282
0.856897559643748
-0.196889546594086
-0.223687464497774
0.136369763081329
0.682195276061901
0.198282726557469
-0.0574965754991172
-0.737272181487376
0.345862868957298
0.0614943242223647
0.383560295522148
-0.0621731833195678
0.861697503741354
0.589818634155594
-0.465525663361596
-0.948002112266098
0.425876467007287
-0.976186269620195
0.616338044140045
-0.318622617213239
-0.866183625288978
0.0956743534049822
0.065419271731391
-0.430464281893625
0.919017822566304
-0.700739626485699
0.200182101972338
-0.127003524599358
-0.871167209767841
-0.174281011815425
-0.496129842426017
-0.853790948359769
-0.189246864566591
-0.406390461652923
-0.953379948802139
0.805246948855708
0.436194332169584
-0.213573006622586
-0.0279334577404543
-0.390477194781809
-0.252970506093085
-0.619210014010936
-0.80769796923428
0.85351027012675
0.246377019290285
0.362476029691142
-0.304682138029111
0.396238212681477
-0.548160690776783
0.678271387243556
-0.594752609486122
0.340450467726362
0.2518029715742
-0.276000632172589
0.583716227795632
-0.869098588072121
0.316792060511786
-0.417962560029199
-0.710249717909803
0.710391936198242
0.771807555358776
0.185864136961587
-0.587837455856309
-0.272166931899243
-0.775535239273386
-0.887062874291735
-0.0658128939232705
0.9888028320941
-0.218342039539607
0.315008729422907
-0.747014018470109
0.476016491479815
-0.0459649664722136
0.797133414126088
-0.384693734862539
0.656932552333012
-0.648787343599451
-0.94907041250423
-0.362609565201758
0.581746725960123
0.198674827527582
0.287067339422392
-0.142692471107793
-0.93744892738285
0.246669178597856
-0.529150074492068
