-0.0548308879799978
0.735392238711439
-0.797572681122763
0.377121667115641
-0.834662775429527
-0.880723252275965
-0.689255174037847
0.470656111280914
-0.536718708520556
0.567830601792288
0.408007791394463
-0.844242074523978
0.0573150363053048
0.172987222906823
-0.365876362786802
0.747247186659322
0.29468027815336
-0.627195745387572
-0.144148015157979
0.829015905422201
-0.944416852195757
0.176819145850792
-0.27913101655449
0.226914985737065
-0.539400826351896
0.664505469408429
-0.588927868781975
-0.862455157391117
0.714351139194634
-0.96927215295417
-0.63518100018141
-0.176268283270981
-0.103240764474399
0.397000672389238
-0.839927524469732
-0.883352333505326
0.742797673873019
0.851114818770109
0.467005876052895
0.418209934626476
-0.991059254416837
0.164187108323444
-0.888794702772147
0.0350818152858383
-0.353963056082669
-0.52425342053054
0.288255965226323
0.934777491883745
0.103007029854734
-0.408544459398047
-0.612304046046056
0.918339392482232
-0.502250076257081
-0.869589474389788
-0.0766902717114674
-0.00403683326404341
0.876434271007061
-0.28143394874961
-0.791013250286316
-0.0049228490196824
-0.278209475441431
-0.840422199071527
-0.300301613502393
-0.84112225171943
0.442751952237749
-0.336166251044489
-0.696623645769997
0.752290020712317
0.33736073515596
0.662802071397832
0.594058811941629
0.135750341253544
0.247499045172904
0.527369814817149
0.283531103513185
0.480182542293447
-0.0130241840651138
0.513882025911047
-0.260907223637744
0.0110987135753282
-0.456106793673836
0.500178471843015
-0.571933652359232
-0.329725094670534
0.318499487729422
-0.999181582138663
-0.586358345235051
0.488444074463505
-0.600743831628566
-0.856671952849882
-0.385456449040009
-0.602727286013122
-0.16065922875656
0.738321288956501
0.235240389160967
0.0170551833216802
-0.702705817376274
0.143014492520125
-0.548466023173883
-0.612855261723104
-0.332167956267274
-0.598980563474818
0.589322353639471
-0.437620136704634
0.46931293088363
0.0145768335906098
-0.393982567952185
-0.711444964999531
0.0468936142982473
0.352302503604881
-0.366622629189284
0.985831503822781
-0.456075305758604
-0.961056957102123
0.167835226575335
0.912234054772104
-0.0110484897260054
0.947928850454519
0.00721795417738838
0.494536452102776
-0.834862939290641
-0.934283832190752
0.62974599705819
0.464015339818487
0.664911023875721
-0.763341590355033
0.0822924820866207
-0.070056309862371
-0.572295328726876
-0.24659637848701
-0.169091240847365
0.137996672750097
-0.51638715547779
0.736399361660013
0.404976812885725
0.547941443130082
0.599794112272621
-0.539827621811138
-0.0291223700293799
-0.841869393887005
-0.251509034685601
0.679003842219377
0.94480165785116
0.108628321197882
0.867837927997924
0.861776258213858
0.658983286184217
-0.947478064709659
-0.998851117361668
-0.51895260027349
-0.472545619405541
-0.668576169157084
0.170136812356496
0.583269118293749
0.625247591121357
-0.0400217724240918
0.661319172866824
-0.132697700930221
-0.184480852561241
0.642701530791085
0.196689630982337
-0.529247840938832
0.572506907610477
0.457697684993968
0.0298504913381251
-0.816019749785847
0.326357575487944
0.251058925392101
0.316096760953474
0.683340138894972
0.0516524584037913
0.045034957625091
-0.298724788522119
-0.943983481884248
0.342177965363057
-0.147018053276609
0.63068572711112
0.935245967186664
-0.0743877239951271
-0.229344846474069
0.792752595468423
0.225032237829479
-0.648357842417455
0.426152858358306
-0.881561992037085
0.831250931843471
0.442720930696394
0.966925779968862
-0.776946674514435
-0.304039775855217
0.409015905553517
-0.375141993706611
-0.673527653553694
0.728923077181829
-0.980721213862709
0.107342831974796
0.2974397595935
-0.266683134750481
-0.889959714365807
-0.16259993180303
-0.874381108713376
0.425813810468452
0.794024543865218
0.47809129087442
0.735453837267981
-0.710097977166806
-0.744705313643771
-0.392244157837458
0.547603276550403
-0.597570541440773
-0.491374968103989
0.706191301613385
0.688194061087289
-0.171794613903578
-0.948874550582186
-0.733107896647746
0.211228666218905
0.536032307100198
-0.993904899030356
-0.883737465762735
0.510879135877618
0.988698950221538
0.116928428505052
-0.084978531470366
0.47612346876676
-0.879521107560604
-0.376247750198501
-0.433021056844566
0.877443471784902
-0.772613185190972
0.0684302643978944
0.665512286472421
-0.0517099544852001
0.987240446571376
-0.69647785084334
0.283102301253861
0.732713728241266
-0.215602737065202
0.382814843573298
0.0692553975128612
0.939922778629026
0.886291445987573
-0.991483769375133
0.209936393353695
0.245993404125595
-0.268968072780843
0.905383929958995
-0.599025953755945
-0.272974790154959
-0.567921097575142
-0.596938010602612
0.750665030740568
0.469707483367696
0.325397551423343
0.821207528128453
-0.985480007755936
