0.650877087384553
-0.0720753691122815
-0.0368693488824828
-0.619719295003888
-0.206106182185879
-0.838677095686
-0.738160755700317
0.35763228765768
0.818578014299856
0.126976887961718
-0.201209231726723
0.734827338843158
-0.305360692530796
-0.403602378793685
-0.759567716972948
0.160215971232732
-0.946616374120321
-0.897106575811896
0.0796609231924054
0.871904079291748
0.306706898794168
-0.331015213432939
-0.217362993313286
0.946248548383274
0.663735546432227
-0.542432933003042
0.538109926322264
0.4766148515354
-0.0119382425751457
0.752971607280357
0.0749372139679697
0.775196273106705
0.0696410457429202
-0.728579351939164
-0.909987430687091
0.207956520765625
-0.192486502923472
-0.213963300170816
0.0600585164866081
0.0936839856492364
-0.886427218512361
-0.171081784860348
0.858207567888934
0.944412401967555
-0.480926232608241
-0.292568078564675
0.66580645947301
-0.487170422399504
0.331566665727289
-0.502402692279888
0.373484131731834
0.861750185664897
-0.191504398711266
0.444373802313207
0.369584127069223
-0.835964922775722
-0.00318979656861932
-0.138060864184735
-0.227907308492181
-0.864046200605481
0.290190811522083
-0.93100546094843
0.618809821448883
0.84608546858812
-0.0983600705209623
0.788299411880625
-0.0667186343010739
-0.826374983714035
0.764244705346912
0.270859017037039
-0.533839215396752
-0.478874273662774
-0.661310251457027
-0.697303294099478
-0.615296526776445
-0.186066369186091
0.198725903504921
-0.500323392509174
0.759526800671645
-0.800980594748838
-0.973013877459743
-0.0863157740877249
-0.3448651363743
0.421467821156015
0.405538639944828
-0.354934816414147
0.926750532712052
0.242677106659061
-0.283330569714414
-0.150565021890221
0.90291181296137
0.540039163238318
-0.777185762830898
-0.70544779852146
0.586540679975522
0.657126596014839
-0.893223822378225
0.427760511245418
0.00939980459805545
-0.011122047203109
-0.124591376859432
-0.108142741511016
-0.996275354978662
-0.295830594970712
-0.544954696839435
0.375070992354956
-0.900843097649166
-0.883763592810523
0.892118282344866
-0.804472395560475
0.550225069967157
0.239774540752187
-0.902516651293166
-0.784636387606719
0.676762929608215
-0.388746149475746
-0.531631649017167
0.0443621844288009
-0.937188738247248
-0.193122245821996
0.0784665690820558
0.956137433174814
0.874668968874635
-0.593131766658669
-0.608389183241611
0.795450716526903
-0.166707664859244
-0.880725924374382
