-0.814489280721727
-0.0137402538038756
0.887048269374888
0.15428071880918
-0.238838930946631
-0.258681865277119
0.930024311703671
0.21005880032384
-0.0661256629623642
0.684782288348007
-0.0249490174242325
0.547905948677006
-0.580651629223626
0.356249566145222
-0.153173926983878
0.925479859930606
0.173860928177157
-0.0882312386746964
0.564924368094734
-0.162538213351632
0.026257098746863
-0.682984512544749
-0.0108230767175509
0.575453149437593
0.791278972432497
-0.000520097274773026
-0.0729452217209264
0.541776874633896
-0.913730065236738
0.0703901773430208
0.200058541943505
-0.268375491662392
-0.811939467993887
0.387496086865252
-0.129766224945493
0.133010080173583
-0.0987517911762386
-0.958652596069533
-0.484547685054198
-0.897868302583679
0.427679401204609
-0.877509717392664
-0.213819778619185
0.6116005062907
-0.284557521366589
0.505291922597126
0.159869678980559
-0.526148976769644
-0.364004706568408
0.451162596213739
0.307032443159669
-0.228986624265836
-0.468481055788387
-0.0445026501355193
0.530028339433438
-0.682099694571703
0.574801421344595
0.0308478948376167
-0.575833991519198
0.376263798838061
0.113017416431815
-0.948848360435194
-0.693375029307635
-0.189148906827179
0.599843018714408
-0.442274196096492
-0.623111423406412
-0.338795251515573
0.345597519558887
-0.0901843812481677
0.522961015153587
0.665974863740972
0.0625178322740746
-0.266828888521615
0.771119931424439
0.810588489108686
-0.591478752745245
0.787984458050908
-0.451966111074517
0.391844425568453
0.673565683566419
-0.782651639848434
0.721259578173046
-0.739184018307819
-0.85785941176308
-0.737723230653598
-0.206069956255629
0.345855180744313
-0.351471334092081
0.16859643500633
0.665685964873839
0.0370879312513406
-0.486603358582604
-0.923001048550261
-0.85512193576483
-0.720039213129892
-0.89979916467932
-0.266889968204737
0.508829520606354
-0.640664624025307
-0.458609312255285
-0.562583010921939
-0.109251542216852
-0.144944516154839
-0.636866470865265
0.125416761006281
0.141858327966938
-0.358715981957171
0.448710855837641
-0.418222608099541
-0.182409756011454
0.0371889900771511
-0.029856942937626
-0.157875166161174
-0.597765490417258
0.0274772876166765
-0.116605666298405
-0.0295359612026126
0.173414966164756
-0.0635983560860114
-0.901696997796959
-0.0813433038715315
0.439464581444652
-0.230483336887739
-0.608688293003279
0.337686006738421
-0.995565720065014
-0.378528257785232
0.15321915047803
0.369912288365644
-0.358477447047515
-0.640076488948828
-0.493614529456141
0.805571986233458
-0.302152793760769
-0.139306785238789
-0.63727037115238
-0.537395109466057
0.973880441411681
0.497271999110926
0.246010825140121
0.265823333212079
0.302039578367566
0.878811753979812
-0.880072333266241
-0.888924005939739
0.583159805778433
-0.594438855591113
0.512461047204516
-0.486872474113874
-0.928699530260895
0.756691494484701
-0.105740423862921
0.542738690661357
0.620467961213856
0.200883922229441
-0.444152795682775
-0.3707599835733
-0.21767424992098
0.117830433942145
-0.259823679287716
-0.252982432550644
-0.558344963844277
-0.525004391099768
0.38030247341225
0.276873058713982
-0.0824039679491626
0.529350383055448
-0.386206770455136
-0.0877726333196154
-0.362883360394812
0.867179748025768
-0.56371237662838
0.105973953516565
0.270118434946113
0.797520543467027
0.635629847350183
-0.350983983489073
0.563174403701469
0.8847926857502
0.903642941880627
0.124287897951823
-0.20247244525801
-0.663784902777009
0.922155986993035
-0.154051822658368
-0.186107306239198
-0.125207712029436
0.829199426499249
-0.17998446863488
-0.337687702091999
0.434853232300904
-0.983764047777827
-0.0841200542779278
0.57220014385067
-0.746610685774298
0.143637564887684
0.324590117974047
0.11018986238352
-0.151877591793448
-0.558097209477166
-0.684902735330159
-0.82704539430951
-0.376697125855114
0.664942756226862
-0.790605362320913
-0.7404254329949
0.158977596485634
0.893313154530721
0.109142292838372
0.369490454749946
-0.941189738820671
-0.964775451501824
0.156436923939281
0.845164323555743
0.102917875847627
-0.00677359992357733
-0.0347832478795228
-0.49260178000069
0.655691707788095
0.433729654893622
-0.99235927080168
0.243679006415297
0.0888958027012103
0.123750011204622
0.466704027296993
-0.764375686764237
0.355899932231851
-0.370847376490445
0.396668205647639
-0.859673173841945
-0.452537562757933
-0.813333954568207
0.0114954630572692
0.646106359114454
0.172483984006424
0.0576839459910961
-0.385481910057205
0.965937370809677
-0.107743915151018
-0.259555167210184
-0.810633496571706
-0.625828250572373
0.029719930037023
0.614180695737505
-0.176152561509369
-0.735369928966767
-0.383941960302571
0.231752664747684
0.885023780850402
-0.0124223262810228
-0.362583232938867
0.294745168721301
0.162091110985584
0.854652514842991
-0.762702454057457
