-0.564914941724269
0.420993071879585
-0.70533531459704
-0.987702425589704
0.58284288250752
-0.41522351163056
0.892828385347519
-0.350723054135629
0.185696357426643
-0.915369962732419
0.590885101388192
0.838892104907626
0.225984567477671
0.586358189921987
0.904746134660176
0.262076403814356
0.0666298604826621
0.00636293087822007
-0.620775365884854
0.782862082719523
0.209159074219262
0.886195908216963
-0.643354237250118
0.0749270333948999
0.356970285209833
-0.339933575315556
-0.914204335630838
-0.791849443372092
0.77727401809208
0.222888607384306
-0.777460865424736
0.895911664799032
0.619501043856105
-0.499681664718741
-0.536380935957119
0.67602095948368
-0.0229918697427096
-0.942024068440942
0.345104207028465
0.819516251854563
0.964609376932387
0.201177411661169
0.263902004165432
-0.624847585989371
0.0414976663271217
0.25304516966584
-0.412585126423715
-0.671213966222307
-0.0835581009645233
-0.861050786524622
-0.709238622888575
0.66134968926069
-0.159925856926418
0.852143074614466
0.414076122556724
-0.0115123032278857
0.00352396763030808
0.788274140645497
0.503722419792806
0.507973270239798
0.824655351536612
0.611996297076716
0.240199131176009
-0.671729980894945
-0.987940912577827
-0.367964551486723
0.797510259274705
-0.670467709791349
-0.288901084608292
-0.934762217027478
0.820083946422135
-0.394691832073225
-0.922192444290523
0.02692709665331
0.227616504372966
0.845343899745522
-0.657022349336951
-0.647913959905405
0.905407002285742
0.663032321588553
-0.977528254554982
-0.717403082368367
-0.614599187553875
-0.185297569312638
-0.161114131744604
-0.596155643726693
-0.703379249469336
0.00409493383264967
0.240753462402406
0.773004818725521
-0.436723426234861
0.577875935629795
0.158750792342529
0.63712718697456
0.400017679181296
0.115781114926687
-0.339891303559962
-0.789205022870441
0.985757972696799
0.80641749437468
0.382869545189399
0.504193659114663
-0.666890322254227
-0.729211725206856
-0.210513314104856
0.330383766155813
0.796303618347469
0.826780121803953
0.161943947688409
0.0939996294186683
-0.0885922347400076
0.437855988915885
-0.0163346088674493
0.679355130232957
0.291738704018907
0.498383357098422
0.288098717099835
0.863600538364728
-0.230035108927605
-0.765401155939228
-0.538374659438652
-0.401645095927705
-0.740961347840591
-0.753819565628639
0.32748639012488
-0.928390691785231
0.981776143789885
0.931367685286928
-0.756993173262826
0.822853783011098
0.016018009957668
-0.848225738236107
0.145160517373584
0.949727570830582
-0.803577522365915
-0.832959937001295
-0.696037652210505
0.0121437057448355
0.714092082713629
-0.678840407301023
0.163882442448265
0.338925240589312
-0.399923382365586
0.43361290520607
0.844513674237108
-0.381983233810798
0.0201553141209694
0.933260106454064
0.502454557693833
-0.947259340954234
-0.149577603474507
-0.780859094681574
-0.539043486920697
0.797570489872699
-0.180201266611462
0.561486096652667
0.0740212492349285
-0.171824730031342
0.393550299941654
-0.579350455205784
0.469728873041607
0.0726702339942554
-0.00845694248310314
-0.826571818126775
0.684268790583375
-0.780040452141178
-0.324596416662771
0.59159842159301
0.882893214315338
-0.0326263968268363
-0.797857635548978
-0.556162247784325
0.990670192953911
-0.369844494739731
0.386809562945004
-0.487734437571258
-0.497919062553705
-0.219322411073905
0.0127779284590709
-0.0772889829338003
-0.73443866442139
0.525637960588106
-0.261094715099486
0.915764361068186
0.0371537046874144
-0.610630922920529
-0.927112460556295
0.512028278405264
-0.720149822507515
0.573123401170829
-0.0969177197872726
-0.53466709980424
-0.53996036476828
-0.79667668146304
-0.543981755248241
-0.815421072654479
-0.863447322345431
-0.146105203593182
0.67829970781717
-0.0434295075789657
0.656295457739783
0.549753241004275
0.323799237205299
0.0903069184215929
-0.349317685822839
0.275355886970867
-0.510947392914929
-0.653916990874611
0.626050488042727
0.0101153693860684
0.327342541571076
0.882090649176487
-0.0106176421561065
-0.36719421038167
-0.313410149092003
0.664230822038874
0.0568743343942556
-0.81771906368237
0.0639537475340462
0.589551862337687
0.407098663376484
-0.98502162327348
-0.756519402525043
0.0147949486306248
0.254306945788489
-0.650233248758672
0.840865374175874
0.487096721630258
0.669309299714096
-0.0219811918173711
-0.65020400436044
0.363978869555655
-0.444898307279097
-0.268496229962195
-0.618039198112044
0.615504782866937
0.96482359019425
0.660214304332932
-0.553375410538214
0.389867593096679
0.77779389895158
-0.0965176140417135
0.0516967839411053
0.46546420821743
-0.03590524553286
0.117585551478564
0.145211958107401
-0.505923055288734
-0.35339025871972
0.43103916895834
0.754302304454303
-0.553672960772429
-0.105047781705585
-0.875247987486051
-0.00253821116176986
-0.922531071864704
