-0.577381605482449
0.608459370486243
0.585726967884863
-0.216640839370484
0.0531131551432462
0.730728537937626
0.750060127608644
0.446110389523892
0.735554305317714
-0.404368228790336
0.353927487180249
-0.817822367520037
-0.0283787237506549
-0.785588926978732
-0.908615314126332
-0.524471664098016
0.456649795138696
-0.252136824116935
0.792573180595581
-0.601966239431441
0.766954591905065
-0.7977486403785
0.94184959154882
-0.487061179758531
0.0120566552953246
0.840313697576027
0.136904338153473
-0.429869958813747
0.769927588714731
-0.527958596388101
0.71970923305863
-0.727443642684742
-0.319250856009798
0.574696248685962
0.214071313422311
-0.00715162248328838
0.490744793015384
0.942820710373009
-0.564139998158679
0.707533451241495
0.590746614623398
0.77762919810247
0.114687144524108
-0.707266398263708
0.596168944390935
0.596652567658636
0.856351468735347
-0.36463639526092
-0.725087422534008
0.918231461574181
0.183762816413931
0.604460494660725
0.741176212147227
0.709441903054943
-0.658222927344515
0.0356381263079491
0.423994144379662
-0.637740314706306
-0.868906500186257
0.39565958806136
-0.55437309747979
-0.61066286781004
-0.0771394251753728
0.337073273570333
-0.464211951761218
0.771056369236031
-0.77896430230358
-0.213001189699304
-0.926128075229868
-0.458465673946464
0.776982977521368
0.181577088489541
0.879817791028322
0.920761212504682
-0.563204376573582
-0.488103462661427
0.841456278218195
0.0556998972365815
-0.744749841474917
0.558717977844236
-0.324014435336739
0.0979183787145399
0.654252746337983
0.940746919752633
-0.424086900139221
0.853836585556283
0.00378875052952946
-0.648940086254314
-0.892726790205596
-0.580866373947054
0.296041056004108
0.659086108028006
0.20473342556616
-0.729540289399081
0.723542512843394
-0.57485140863414
-0.116107453705913
0.24630307098145
0.277175334649634
0.125037984563545
-0.981536174615801
0.10113902229754
-0.415094155625757
-0.18583153340821
-0.0929193042920462
-0.909216749960199
-0.781186311888552
-0.48221737048694
0.0990417432153745
-0.114375686617306
-0.698160682190012
0.327547465609766
-0.988839571824116
-0.389477275418912
-0.387801020910671
-0.715570033187033
-0.916949774283631
0.717204467612947
0.467761290517349
0.668848913721288
0.976736865183689
-0.860111662723576
0.475597018245978
0.65273077930408
-0.1321456955357
0.721245744819738
0.203192913808036
-0.0806315225113858
-0.173730551549125
-0.550689272595424
0.266722402290503
0.246997640601287
-0.578877270898366
0.579739153625034
0.207294718566125
-0.768234108220033
-0.49651737130585
-0.404913102463806
0.511326996038733
-0.593839730830172
0.250500823967146
0.28825470359408
-0.278089138961699
-0.918842639656939
0.793776531281339
-0.186331285630117
0.502864067301699
-0.110914035152332
-0.939075982756084
0.645553355596611
0.764708685028208
0.0939698506784504
-0.862770274366745
-0.501671043975549
0.280312668296816
-0.783216447321413
-0.547587956974628
0.381692238612191
-0.467926333882572
-0.885386618004162
-1.02172679156409
0.309957009593138
0.224489770030345
-0.715454516978129
-0.57222018751066
0.331739108046765
-0.449436373022629
0.109230255930209
0.640647103789979
0.685491885321532
0.150690373738874
-0.527945368720438
0.801746153090945
-0.458363279639222
0.493562876438884
-0.536309280755082
-0.717322533607299
-0.97822007969466
-0.634744547340756
0.431028055250618
0.820154730972142
-0.648582076656838
0.645631787423122
-0.876365557608026
-0.182509841692775
-0.916294840474584
0.79258783053729
-0.636505105636403
-0.110117478699941
-0.471652003264188
-0.515716920302726
0.749947716025146
-0.95152538578324
0.789133880196662
-0.529078357196423
0.0996010513318786
0.158873652163224
-0.553863813768278
0.277323560115918
-0.0374394966809925
-0.897283232740633
0.333091418050744
-0.539110437753735
-0.169929132243696
0.511509450285052
-0.173221782744055
-0.174946818597437
0.087351783133601
-0.985302078527843
0.330409310483304
-0.239872104645722
0.240810172781803
-0.393290322416929
0.543060405739607
0.84509178995946
-0.767625900975286
0.510059676945631
0.837161694995765
-0.395848791229206
-0.118896407328641
0.0225321941448755
0.942995780634146
0.996255700465381
-0.84276026040771
-0.856723372880723
0.867884627807229
-0.584605944364638
0.858705032377983
-0.330512192984378
-0.629637623040272
-0.544274946759686
0.0524951110457716
0.0824319866848434
-0.3049242522346
0.132797803550271
0.253272701884862
-0.0263268449318197
-0.889042890146209
0.899831404003306
0.245680561985784
0.854781926946569
-0.0903127668525668
-0.629542468747752
0.184638073034415
-0.937083174750423
-0.804856705128865
-0.515808596833052
0.898064447965538
-0.169394478845826
-0.572586321054442
0.148730990680879
-0.420708432209198
0.381663064858952
-0.371995221641189
0.14508402375387
0.245699976905305
