0.131355375168489
0.822758266619884
-0.994138672266062
-0.57394493633222
-0.745151335369309
-0.280030548679041
-0.957417639252458
-0.509496606420364
-0.0942380558575702
-0.219885993966389
-0.328767955758973
-0.0147789201063079
-0.901799841824295
0.597363746126348
0.691877824883042
-0.0696598164244742
-0.0345637463075706
-0.495246522557022
-0.913702538954482
-0.14380006682727
-0.250150689291462
-0.843885986092068
-0.0426332912916504
0.802917186061572
0.0419041011253251
-0.254648676486793
0.829003313573054
0.512990313245104
0.334083248108384
-0.714675434339881
0.651420940489069
0.889646886226828
-0.0515880235626434
-0.886953773281057
-0.041505136500532
0.679950817485242
0.101685336337442
0.593701675075807
0.832057510035081
-0.943283157725115
0.498633100737611
-0.592073056345459
0.421779944815629
-0.933258247114999
0.96335228159387
0.254416319938085
-0.597867667206897
-0.617383536950757
0.505285483211783
-0.923864120212073
0.340127511516026
0.400168672507139
-0.587890690709882
-0.642768887244105
0.180417998497297
0.542058792665284
0.0577904134205648
0.907265862284781
0.490517842678765
-0.803377421374983
-0.326121524473802
-0.918532911752088
-0.0364332963864946
-0.0528390791887052
0.874708436400055
0.00658692126185634
-0.173981023071253
0.79847957497859
-0.851886097183225
-0.989922214955045
-0.630212631995373
0.489686622523139
-0.647432993964863
0.843962091563577
-0.936536467321002
0.0587882830800516
0.127626697882924
0.493326636637312
0.913723172781761
0.791608883743038
-0.454288573506073
-0.452307542953952
0.701745733047364
-0.674515398031109
0.682449285467444
0.955712843880478
0.00591415850800103
-0.78411853384014
0.982428011804109
0.49416558784159
0.137794432449104
0.914204498447648
-0.832485245482136
0.0153957924956826
-0.428643433017536
-0.515994996048009
-0.598074513669854
-0.880749608975926
-0.870459599646652
0.286753092957519
-0.0083331677208535
0.630178851106489
0.3178889930618
0.35975880102665
-0.971956395954854
-0.026093838416122
0.38985727287448
0.800041899530093
-0.856790699632598
0.0393536217172528
0.268408155381609
-0.188840617483185
0.0798549323127931
-0.908183834664744
-0.80661090741075
-0.670489150351439
0.964440988328386
0.0411774292646139
-0.323228309373863
-0.789220304693985
0.0262699164861144
-0.408454079395128
-0.666726179752149
-0.760880701836642
0.446303115966865
-0.294410134571435
-0.295050743182619
-0.964308623385058
