0.948462226908706
0.460926874950438
-0.503188446956506
-0.521473009741064
-0.695783710453309
0.41048209885419
0.0628594660351144
-0.153011679512858
-0.499036812818637
-0.207966582449967
0.424896461514037
0.397817912796293
0.511567454813115
-0.875859703309026
0.61685981979595
0.165607843512891
-0.532483581104952
0.240664790989869
0.814265647141317
0.552027703309668
0.440774355529901
-0.840675750405616
-0.30619791312273
0.552839596086436
-0.516072241219155
0.178026455360355
-0.678127713529608
0.399575153330629
-0.397369066433833
0.951439859291371
0.9299286549943
-0.563748464774006
0.212433565691826
-0.986741642403105
-0.0260447911225504
0.0342052922173296
-0.379018916059698
0.520168946901626
0.940826086601113
0.691177344123615
-0.505747601794632
-0.696645853639692
-0.674961368294178
-0.252045515707728
0.0944080012747882
0.211788060387785
-0.617992075101738
0.88044948490456
-0.776785719261464
-0.705515545779144
0.450642264640186
-0.0104095516374871
-0.234986237387148
-0.0301305946624449
-0.18447858373493
0.696976753319512
-0.784908519312251
0.52695091008146
0.376028085356787
0.0509844418172269
-0.182371960076733
-0.0904792050801161
0.0359924546518955
-0.525745900003937
0.250004327686724
0.411594024115498
-0.576168065972738
0.0755770752769863
-0.887343064773016
-0.893675904022983
0.641002333731235
0.745525400944928
-0.428875347437226
-0.388915469791665
0.136922561725857
-0.386573574656536
-0.358019841994962
0.72649157817445
0.0802885343155839
0.820747466705817
0.204201444432956
-0.509996341943018
-0.846883319352895
-0.984205988298729
-0.425607051762321
-0.913797972824307
0.455700567917238
-0.203176930089765
0.68668844363573
0.0982245111264781
-0.511786852723636
-0.839672119969331
0.954469082634075
-0.157385784449666
0.179494109471481
-0.980435185693039
-0.338859666631505
0.613369123512501
-0.903997999341259
0.175973584612528
-0.532491925213575
-0.268909620638689
0.931286808998284
0.738820691551007
-0.929971740108963
0.936903875495587
0.611687424002687
-0.707327831027017
-0.433748298515087
0.376035998543925
-0.459309750303312
-0.233451437747428
0.737163195649087
-0.749194777090975
0.771215267698903
-0.769731188848373
-0.777652268498988
0.157428029650692
-0.165670806577075
0.676368283864308
-0.402176954463416
-0.967784322035734
-0.493759255456859
0.294275829195276
-0.250905584786142
-0.605329445248548
-0.241079668772753
0.5080899869733
-0.374997099672377
0.419152374691458
-0.781025600683891
0.873372525427803
0.705273023028045
-0.314543933213544
0.778923434521748
0.922015292661411
0.869045755383736
0.221059425222609
0.673588538303485
0.853016093069828
-0.389019988793893
-0.499306265552357
0.192902540018496
-1.00868649586836
-0.904598453974021
0.845915711440442
-0.0736939561944654
-0.87412204757641
0.17859159371832
0.28670297104986
-0.536538392934075
-0.257013446905852
-0.0956777823527019
0.907814430437693
0.913243312151619
-0.262900003386847
0.796603040552617
0.896753392359508
0.208627312845255
0.595279221107341
0.513795637801264
0.132845201654979
-0.899219171762812
-0.748323179478523
-0.714216037383252
0.495352123047726
0.499744311863685
-0.277629204885421
-0.702413881939735
-0.508845217797761
-0.218771033637404
-0.276524031478025
0.401549916867
0.285190734743445
0.792933075604555
0.0525049507696736
0.116519681919713
-0.252906880039263
-0.127346170159543
-0.980044414564518
0.676060510418462
-0.164395064340617
-0.911597287484478
0.868701854683718
0.161253016798626
-0.798753955373747
0.866422076540499
0.875311434337539
0.855266150987402
0.515846834518307
-0.181086076715179
-0.894130985865958
0.329046180890765
0.946478702465505
-0.488941013512811
-0.181918197814636
-0.393730875404045
-0.815928010348736
0.132442149753682
0.215669423645173
-0.780638088794541
0.426077164676186
0.447640474669285
0.414169511748651
-0.718666531836686
-0.748977520160516
-0.950993585823874
-0.521642218836917
0.830875938339911
-0.0411326019750066
-0.21850717561818
0.402805521618886
0.926664771698179
0.337193503317345
-0.180143132102429
0.413208086069589
-0.439552979235815
0.900687424191485
-0.431347091146676
-1.00252277236529
-0.304203368194135
0.696198058252881
0.189693266502774
-0.721016562793255
0.25954537507181
0.397048525257973
0.928667093004436
-0.718763517291795
-1.03845510872062
0.340289944086049
0.776971478975485
0.642248068548501
0.942159754422181
0.601251241577218
-0.206142726724361
0.346671400572887
0.538301345110789
0.233235758328853
-0.155072933935843
-0.439031374418314
-0.722630732096985
-0.0051466649348305
-0.769669382376164
-0.84576513714716
0.201373203702195
-0.700601920168872
0.0593850944234537
-0.625296861025833
0.241447111372138
0.782314317146241
-0.0882543303780616
-0.388683206074437
-0.16015118643148
-0.994590930239927
0.0596485617529802
-0.629077328492198
