0.311331027233173
0.778712032347068
-0.547752938967904
0.209114671034235
0.659516692641758
-0.339287574118866
0.76635640966514
-0.329751088991047
0.911103284061472
-0.675450312845371
-0.697032592568134
-0.582898656567753
-0.14210290303961
0.29844338290528
0.0791420569883441
-0.798285408375722
-0.390437095334663
0.459226819513517
-0.936308193864747
-0.495919583446426
0.769246709899443
0.401214369461756
0.563873139881018
-0.720229111576938
0.373395067226744
-0.196303189436076
-0.634588551836209
0.239638666195179
0.111298616645482
0.757448621663782
-0.989511066033191
-0.00762575158054868
0.221185454957826
-0.0565089302761499
-0.208971715083178
-0.722982021579365
-0.842902905483937
-0.903473397512896
0.280176259402787
-0.0809650827335859
-0.204347590767186
0.8159463353339
0.00105154226066384
-0.266084401555225
0.0818347925694916
-0.556606135615067
0.254910165086523
-0.865844388768132
0.783463457326307
0.58205758658297
0.269436476196208
-0.328069875250881
-0.362631874811738
-0.855554895209153
-0.255454405844718
0.22424705705298
-0.0736791785290942
-0.310094189429956
0.82293739271479
0.257639499416843
0.99158467821997
-0.975593079399746
0.214013964177471
-0.0312442250166951
-0.105298250218067
0.77654805312807
-0.624292001640033
-0.201654220471831
0.478922469235332
-0.182038636940906
-0.349260005571432
-0.188425667918194
-0.126272373908037
0.0898152502673799
-0.645896309925244
0.184918814452797
0.38069040546909
0.314445635193453
0.35604246758679
-0.186464885353473
-0.431377168331486
0.109538998873294
-0.493143022084427
0.837747836066688
0.0133657994408281
-0.0723378924367113
-0.184224861669477
0.588652453983883
0.247170918023299
0.491543022142808
-0.00258983104757315
-0.0554910375779105
0.637491985638506
-0.305851656184294
-0.114107758631443
-0.805007233739606
-0.746113935551777
-0.374141975943979
-0.899693976707117
-0.944499827654009
0.397188557045299
-0.601478658555407
-0.720493740403582
-0.278040135541672
-0.309361114437104
0.0933567841287164
-0.594453799919507
0.295277172821402
0.978554974008042
0.71279411635191
0.280813217483024
0.494967735969392
0.61450787556858
0.391835602105822
-0.00606599821988874
-0.777279305116064
0.651276930515311
0.300900061166931
0.814169777880525
0.944500015425732
-0.68064003794901
0.211407640138291
0.23859485089821
0.551673446405482
-0.105124315390871
-0.0902703512952887
-0.339152317127482
-0.484552265319025
0.836517590319111
0.950635488057415
-0.905094826649999
-0.571524228456987
0.752847609479342
-0.790673852033641
0.883342957480439
0.52854514073236
0.000535775330210653
-0.770075686114668
-0.624144697793604
-0.123677034344342
0.0284789026333592
0.0997033391935571
0.194510555814818
-0.658428801128442
0.193567499694594
-0.576925876037143
-0.565545518191036
-0.178360153658962
0.828754718082212
0.159951814579907
-0.465834434906676
-0.122104943922928
-0.395627126992515
0.254009056624529
-0.429553762979298
-0.426278798288163
0.952566255043737
-0.374099565848207
0.110367943996118
-0.402597735290928
-0.0178773225340056
-0.385921944347032
0.108955207020252
-0.345331907341346
0.390696459139506
-0.0918692282517419
-0.686128526135192
-0.759380765984001
0.783141049813451
0.0934707381539486
0.519196435752943
-0.823596528950207
0.774920635188788
0.0532564118765488
-0.8349466939636
-0.894676620880684
-0.855829560535143
0.365273037439124
-0.842061354920342
0.750989496227041
0.344307521084314
-0.349734477034953
0.58312902002627
-0.00709913136184137
-0.603670136669001
-0.703935808882981
0.732027916312771
-0.406232781025404
0.37374248514671
0.780165773825764
0.896977618466289
0.255818062383517
0.922787072385995
-0.369565813126712
-0.971061721569168
0.387448887827673
-0.191749897987119
0.220862648138733
0.900743868700987
-0.513289105504994
-0.881423600653727
0.334687826031615
0.719997880236431
0.248135153960627
-0.0934065005103251
-0.16347974943237
-0.00157937673415964
-0.609834378364176
0.720602131709747
0.591661467206276
0.687035377712804
-0.409391021955813
-0.435278798627281
-0.450149618509612
-0.612689148157224
0.207299434255489
-0.853901775999777
-0.930030456370193
0.649007100054265
0.990837809222119
0.636278200400162
0.850495583343502
-0.89118699888378
0.473627305795072
-0.754123842797563
-0.432415895200057
-0.855128818810406
0.76303009434321
-0.115202944039759
-0.790850058545161
-0.686831083764465
0.501015225157717
-0.845922533674792
0.124219410241693
-0.222282469969224
-0.2611782401472
-0.175522392650952
-0.512156420483745
-0.529317252881175
-0.105686731847842
0.501945157382349
0.140730270715357
0.971527513563563
-0.0424403324635996
-0.384862931498761
-0.693204765980338
0.96427224199224
0.303819919033758
-0.228972671645464
-0.617753576809889
0.963945587364517
-0.908618492112871
0.156539377184254
-0.482059384480607
0.482847549741521
0.803574697966537
