-0.0561170609241433
-0.870978080658952
-0.269211857541173
0.132799975349513
0.306589626184294
0.674607741029943
0.892355696571102
0.703538849799565
-1.00037701641281
-0.182780643585237
0.509223335652678
0.121989590478938
-0.0478277562511966
-0.309551378402375
0.469879271462885
-0.344063958096297
0.437737646979894
0.180911325238934
-0.540600498393614
-0.649952224811994
0.760791404565001
0.788516070974022
-0.0775858287440227
-0.696576685614141
-0.524815212486481
0.791366696202833
0.802062439292952
0.166023971812928
0.95783338530561
-0.0511754529410597
-0.942550373291859
-0.42941252019811
0.838723833890335
-0.727418714020029
-0.395809206686797
0.236964777210527
-0.526995862941809
-1.04114648138211
-0.165748282042578
-0.363737023160902
0.531515348712913
0.582230710006293
-0.295689121458495
-0.726308541685664
-0.27366366340799
-0.936675543637537
-0.857601473209712
-0.671220564592565
0.914767464629893
-0.964428202768981
0.623020972988504
-0.779701648357379
-0.920189537684809
0.448793054473055
0.252090616989487
0.911279871027444
0.602479728838674
0.628290325103301
-0.999552242857372
-0.27648209013438
0.493273398461822
-0.572994700016091
0.660604430973475
-0.119051167232276
-0.0951087218794203
-0.677718911984402
0.523117635686864
-0.801593167401628
0.302843382532154
-0.145633591762701
0.00730818407735895
-0.400394930762627
-0.319935070210622
-0.433671072826048
0.469864760591681
-0.681529823301603
0.536087868977357
-0.836059140492485
0.326410898505491
0.600583498122189
-0.000862998405560526
-0.895091232897833
-0.415670839685521
0.545272270750517
-0.39142405905719
-0.709141670563539
0.0690541700117172
-0.592923925136388
-0.0464299260815092
-0.174071262145838
-0.665336464187871
-0.369647612076791
0.932806983727139
-0.440224150092568
0.732255977522229
-0.834023446271158
0.755797245091233
0.974574610261154
-0.828838064163487
-0.952158458451609
-0.315717022253824
-0.888159605374411
0.744171520334481
-0.958279475347445
0.391902432196814
-0.574321335116868
0.166181546374295
0.0532000679052032
-0.0772479242217897
-0.964124259715751
-0.844054857636341
-0.159464301434251
0.0266898601987076
-0.156389059927281
-0.787463007592001
-0.456160180422643
-0.333235011905543
0.315467616267923
0.254176019237405
-0.366745740013598
-0.760119556977226
0.108354705754717
0.402944093863247
-0.339324423996753
0.604701063179217
0.704071400121078
0.720976099385187
0.183597071692497
0.231901367588914
0.135819363533352
0.932415440249434
0.820780769643685
-0.484466460077732
0.0332709812068629
0.909516841062653
-0.399110856483185
-0.149930511099616
-0.215133820770089
-0.350185929516822
0.538794122959798
0.537244276789367
0.395195567005858
-0.770037246708091
0.629815300690636
-0.829583580635596
-0.200943252866728
0.636951472857279
0.643416666387668
-0.273840753691096
0.670081766914615
0.859164786514312
0.0541210840765857
-0.136352687782286
0.0444613288131355
0.790314567432272
-0.81113526246996
0.879715801033993
0.04974748223509
0.386271637666025
0.945457186790872
-0.398160188066234
0.191598125202039
-0.912120901898642
-0.797933982989089
-0.580078154054929
-0.180165723639694
-0.149891269383111
-0.431402405954138
0.386450021673173
-0.288605268762016
-0.824405290184777
-0.554846119757958
0.622230921325234
-0.548632054079508
-0.179167615547581
0.585365125373822
0.0381026419288961
-0.850654688076218
0.860384825596239
0.226310514418012
-0.560289246248502
0.0458363554097284
-0.66205921479939
0.232670262970125
0.31999202418031
-0.461231733265473
0.0746107538613526
0.125806619701615
0.462259251993128
0.776209598599044
-0.485764049303148
-0.648525779204635
0.094138398100209
0.65297379217142
-0.200061753807636
0.26368672641698
-0.739050573146453
0.389562987325343
-0.30095885056953
0.723750198716248
0.487986060519476
0.468844359586931
-0.989187015020688
0.0856475543212439
0.337660413799707
0.603879839567753
-0.246686023785786
-0.269809252893839
-0.572460855931853
0.280609744568123
-0.354920950239849
-0.646111642305007
0.317816374261222
0.689732156982827
0.103474952938987
0.87563358667271
0.817952274239971
0.531855634708736
-0.279781135743283
0.108888231576645
-0.765428999242336
0.839008717867174
-0.531292924895461
-0.889901087750174
0.651192080319903
-0.419334037328203
0.496019314540685
0.639167014532722
0.166369024439213
-0.525012467484297
0.30072010240073
0.199867158430983
-0.0400238416413842
-0.924822512501399
-0.208978830294785
0.916288064778445
0.373282792747218
0.306007768586038
0.241704665732867
0.0494353264803547
-0.979114964685268
-0.0293434058432812
-0.486772482738267
-0.994188592243412
0.479839804086522
0.936503916086331
-0.813626261148226
0.350592249961929
-0.194237173763807
0.889282544580925
-0.217984428174816
0.99213008219594
0.440110451286177
-0.894551021088978
-0.17990343276848
-0.546709148495782
