0.0671305236637397
-0.0642122094539139
0.316116152975876
-0.705422510696269
0.780158725167841
0.837014960506244
0.36367602942
0.782045504865995
0.988843436131246
-0.156181387903239
-0.793092053084947
0.799484342570565
0.747710098434568
0.643731589713603
0.917559339574108
-0.247008915553737
-0.484844136390682
0.772660830058292
0.750737259697545
0.264817800860318
-0.930722234344115
0.56051480509228
0.236431569126133
0.688801712388332
0.856090810513018
0.492106581359086
-0.553011558758487
-0.478760787511652
-0.415979733685665
-0.232562068617735
0.398903317084999
-0.296119219061818
-0.989353599938052
-0.775240184241315
0.196997191397367
0.651254257871552
-0.972527842901552
0.759990451343188
0.0604887221864314
0.938579326423121
0.99209130261253
0.224716705333316
-0.857749307898937
-0.319127023803642
0.499809414006237
-0.0537356295872189
0.113211281432529
-0.80429840389564
-0.125872891777949
-0.767332010760445
-0.280850410248751
0.647819176547212
0.593895537312604
0.281635068497234
0.20251555813912
0.915916725946569
0.0389630864914291
0.840820771247554
-0.326371278313464
0.413062934214728
0.888610879896166
0.210395019614133
-0.0630389596322704
0.49332032513768
-0.492429256376042
-0.110244270654841
-0.599993951502399
-0.716455808402754
0.429391204584474
0.965733580272353
-0.200799977436947
0.0610241319269245
-0.696022271495003
-0.648948501142465
-0.285110031818621
-0.0889243962918674
0.0261675048690512
-0.992649217972088
-0.816339728190091
0.848030550190641
-0.716662211504289
0.666164283930786
0.0173960214549163
0.0939728140549764
-0.309666174006397
0.820391586067277
-0.601258815379358
-0.944979859750594
0.104716469713379
0.594464236738668
0.0704494734445584
0.881881515147698
0.368439178414913
0.620992351154438
-0.85966656339431
0.0548338007668778
0.884774596779538
0.214896126619996
-0.843108402079866
0.871875519161345
-0.0758663376699642
-0.296117003335103
0.250569653168452
0.770912034614401
0.675291062804413
-0.886313774928628
-0.573388439108852
0.69794915603943
0.868347823180704
0.934635609912311
-0.648855041401164
0.963599403965903
-0.261743650720442
0.668496437150329
-0.569264661480203
0.186773479482121
-0.210342818619356
0.983328367251862
0.335720915122005
-0.849108267634633
0.645652245481211
0.470846682960304
0.426296904741997
0.836887230963333
0.377377292934969
-0.744694834213496
-0.282096453117768
0.637945207838866
-0.132339848687761
0.204232088038417
0.768443520175681
-0.537862409350971
-0.13829991987093
-0.198359093678808
-0.326421748201287
-0.477834867540138
0.228449580695227
-0.798466933695185
0.215989033711127
0.187465618664928
-0.980582634850603
0.588152333466044
-0.522876648128436
-0.959433335154969
-0.159827015024287
-0.519957998412222
0.47302337716739
-0.90285564581285
0.756895113463589
-0.756255969799378
-0.0245644842849101
-0.0947321824563226
0.678238725383111
0.277232098174886
-0.463095138267227
-0.828645789516423
0.318908593039021
0.600834983121893
-0.447698686980843
-0.522276920886877
-0.97887393064195
0.289193399571089
0.899241446181498
-0.0970346212765545
0.406215238960514
-0.537675032088964
0.0388359074502748
0.752599462319664
0.523639229248396
-0.608419387454696
-0.244367231049824
-0.695368122562294
0.81646404873432
0.713449548534246
-0.948466266069147
-0.184018743348964
-0.682827277456375
-0.984288523345775
-0.860052347358599
0.233942209118942
0.66509120648477
0.0386837266560683
-0.884560055688692
-0.954750233573315
0.310746778326363
0.106194573836795
0.954270449193535
-0.22246487364001
-0.188976011956122
-0.316045504764805
0.0871837306538069
0.191736898881807
-0.965923047964001
0.762677765294204
0.705420474055171
0.914362490635134
-0.723135543820695
0.866331108092548
-0.77687730444894
-0.665302397858202
-0.215666755160893
0.197719582234074
-0.441008761847892
-0.312134028919154
0.498003955683815
-0.81669806962047
0.363236903054241
-0.734799935808796
0.35805028396868
0.322539056851123
0.592100520819674
0.770391654637456
0.662725984887211
-0.855071924517329
0.856959855203898
0.995801254064109
0.467075188359783
-0.758130969191209
-0.851466770000617
-0.978434703152181
-0.301784921556271
0.0528531834504152
-0.936786835858981
-0.590662577283663
-0.188133597316451
0.674170108210406
-0.655247436275763
0.618843994113816
-0.922287813263187
0.707459322489272
-0.899722050728686
0.0738583633374974
-0.144735984803573
-0.454404497387993
0.205544607416525
0.656660139222195
0.663667371960912
0.559637308807348
-0.791148213882388
0.654572908557084
0.327584069311267
-0.910683211117189
0.632406678861499
0.123428859847182
-0.453812690265777
-0.954594413565821
0.184151456969505
-0.49815053200149
0.259742757092474
-0.6650160896212
0.700249213480506
0.620736237901505
0.233399088402871
-0.0940477881803287
-0.000904877612265262
-0.346213029539054
