-0.0212728449724332
-0.522150818125467
0.492939060075246
0.0354762176292268
0.0446413383151334
0.0307641529078102
0.593609631427588
-0.993326935664816
-0.763005990977505
-0.317911587162872
0.245615840033416
0.873191572556736
-0.711052085822025
0.884705962534298
0.697702156303544
0.279018729864306
0.628739686475384
0.218872646976693
-0.129127045449701
0.459090575214963
0.399751108971971
0.0569425402051096
0.746257041233161
0.366097451313735
-0.562701288274435
0.491187316208353
-0.791438691446416
-0.738118536267267
0.294696146769418
0.40455439020316
0.628838058849563
-0.0401650410424879
-0.433901434354894
0.0777384459922736
0.805931701681006
-0.409178586236504
0.0418201499964248
-0.529558881458679
0.693762153496836
-0.652793697589741
-0.017545548620936
0.917710211431778
0.00878223834679388
0.199098245476256
0.89287940453055
-0.0483892757498264
-0.563050766469247
-0.813719049018416
-0.144180326177405
-0.931910947001373
0.391648733435037
0.739760020534116
0.479963034690063
0.402968800303833
-0.551033054901517
-0.211703884900372
0.0464197516701784
0.916167716896351
-0.0874734563761883
0.0893532298798077
-0.0126778306378525
0.224213119190887
-0.102404287202478
0.0220409319171513
0.836382547512846
-0.803136365158242
0.127685558537919
0.238649528095917
0.235631465644539
-0.241797473651487
0.0485656820327705
0.61849636450312
0.104012557502625
0.741998343404558
-0.272981222946391
0.763294551283989
0.226014720805392
0.492195576124324
-0.875003441554217
-0.643732807571161
0.37778225433722
-0.89687642808898
0.949466678217796
0.58523278426189
0.042146200315337
0.865098286298265
0.967760004545617
-0.147012848753736
-0.0982819390112423
-0.212004950186318
-0.175322629492658
0.0145939274968821
-0.243435536995868
0.569895524357564
-0.692425693686853
0.822106329379936
0.838889779830555
-0.470603728888994
-0.41800568073421
0.451099706319288
-0.131559241895989
0.944435904962782
-0.090277991978717
0.437995372125322
0.0725777841369631
0.977220833395677
-0.833991690888888
0.689454023895107
0.800606876324889
0.551985059078751
-0.747715251884132
0.98579497796475
0.149529214453764
-0.911714688514712
-0.908890876649584
-0.489448506071724
0.275906508896982
0.840404806800541
0.447076921981281
-0.0130121885924182
0.242575696375322
-0.834752459213756
-0.913269180907857
0.68286588850497
0.595495116024368
-0.208792565153129
0.18434351050698
-0.951368202727134
0.0745198775879359
-0.704864443229231
0.385552170532066
-0.948342930480999
-0.343018335605193
0.160369198620059
-0.214029176895605
-0.429937243194251
-0.0723751687408689
0.916980029312306
0.366804148474739
0.294583107419407
0.622855439640456
-0.210446104637384
0.305434079966084
-0.0492394176126732
-0.145261781791472
0.650748241645221
-0.533359289499949
0.837916147756752
0.945135847114846
0.506291340174722
-0.145087346697854
-0.269446970444061
-0.251636494667069
-0.940832804128254
0.390430429327227
0.891016155229752
-0.633314887020528
-0.437629965902613
-0.860012368850123
0.404469996715376
0.346672158855765
-0.710647616576629
0.202158632059188
0.695393690384709
-0.985700820109827
0.135227324936835
-0.318569558617636
0.30155680601731
0.219828037864038
-0.0870653120133176
-0.70351281332727
-0.52401521887806
0.0180740715390686
-0.0233520365055639
0.837448337867436
0.910760003805545
0.422884763713299
-0.404387159831858
0.235420162617848
-0.66706139173849
-0.565320029765482
0.827923499355344
-0.0979604863178569
0.0309608577766205
-0.800610192431694
0.117835564367223
0.0321887741082442
-0.849393599575233
0.751730325537593
-0.331531205516335
-0.932845647364135
0.611890484056061
-0.682180437116084
-0.902019967460141
0.526712151579882
-0.267890253016645
0.259740429697604
-0.357381449331263
0.892938976071305
-0.184762936949755
0.492940502498022
0.885653014932291
-0.616027223806474
0.121157946103183
0.601055932794346
-0.23242629263714
0.315963992423708
0.576660328895718
-0.803942136042631
-0.633339581577989
-0.985345686803889
-0.641246560528399
-0.376628051899561
-0.20123707901495
-0.970137268712237
0.23706907124057
0.813389515343429
-0.804991371469078
-0.211706653884404
0.078024634232565
-0.840147975859746
-0.936378672174125
-0.702914166725382
-0.900235661769772
-0.5502524311448
-0.777226913414936
-0.986159373680194
0.747715390262485
0.0580243567975907
0.600898740641472
-0.760997462229156
-0.970133872775977
0.684736946695763
-0.58689224291615
0.255991033378486
-0.807442657917487
-0.220771655952009
0.0941714258283276
-0.553787610717972
0.261967022760228
-0.196060508168292
-0.78858391765605
0.246721647018571
-0.264394362698519
-0.326268164987133
-0.347044973822726
0.414531200542549
-0.716495760661248
-0.148703909831042
0.261109209567391
0.223846751480086
0.427340790581249
-0.348593823996337
0.774515707855601
-0.426721718177168
-0.214342914195728
