0.425088280376076
0.165702201255026
-0.831065446833965
0.163141921701193
-0.128982262161081
-0.475317798858119
-0.590271374588534
-0.377463615609511
0.116877562187881
-0.613617598604706
-0.763725437289331
-0.397502156372987
-0.182820817702089
-0.762472834025276
-0.528122564215114
0.155611166502013
-0.0393471366731527
0.844629037033821
0.207698148053611
-0.79181150071648
0.74334768055507
-0.542618679883363
-0.193088967681745
0.199524028084925
-0.985456362166127
-0.408091085274092
-0.429872196040476
-0.302758507457103
-0.368410953375966
0.984813850109419
-0.506347610925559
0.0069883754929919
-0.623036953831492
0.0625754251045431
0.751522319372328
0.649716539848794
-0.461106168368203
0.156537203009323
-0.569669979629172
0.509547710949862
-0.124500932998099
-0.110496243035587
-0.52393614296587
0.744339681367154
-0.0500505073207612
-0.692372840176899
-0.310114618920047
-0.0402870718402053
0.332034848153143
0.128953510723703
0.865827326119573
0.714043303924742
0.769559131373442
-0.148031500625834
0.19170100871091
0.740629694999927
0.875015335912167
0.805896577281995
0.363311585303803
-0.51155467579236
0.939072794249479
-0.369236905549755
0.61838843222006
0.57023527631389
0.792878400979257
0.193096438010875
-0.0880422550042503
-0.0647073895283934
-0.789592789392143
0.40220178825915
0.0167280087444418
0.94977038844855
0.509117398315585
0.590687335286959
0.111368920719804
0.372641818112705
-0.365142414361014
-0.357654051345024
-0.558615228512109
-0.719780055068746
-0.00801337182562154
0.628390268251747
0.827436689237864
-0.690672101232677
0.910274829074771
-0.000592496346108339
0.173300263972043
0.66044000272183
-0.666468656902434
-0.0665426299088376
0.178343059143998
0.806627585000687
-0.0340451748754781
0.358709825587945
0.790242439887628
0.641845959872622
-0.311202853907357
0.759180608961641
0.282856923435472
0.183415405602618
-0.0235450381972342
-0.876894683075068
-0.502500053493118
-0.308413737868847
-0.639318560407372
0.46166463242996
-0.0445844777465116
0.324370884808344
-0.328481582611974
0.861890649895093
-0.951653039030953
0.162086932552721
0.594813965568036
-0.957769590135743
-0.230459792795797
-0.582543591322758
0.251572001603702
0.222631664749365
0.496820966528251
0.994875466009839
0.328402812107206
-0.584907591938302
0.604182209727322
-0.340634113099362
-0.286422703284186
-0.198584357760571
-0.0780325986531515
0.452280291577744
-0.340043040714882
-0.0481521964091527
-0.670664678534749
-0.689072448359766
0.768820332181411
-0.101944619639582
-0.375484861350262
0.920778336778752
0.0451913000127358
-0.741742160130804
-0.612364552183118
-0.775165018694386
0.726033814702659
0.591308824932816
0.814696290327333
-0.561982163305897
0.941775561544621
-0.695871865216347
-0.985599831252944
0.437362367122971
0.334132368308601
0.223197251886
0.272213179123564
0.794762044295784
-0.274004204285723
-0.813359746302466
-0.276706047065901
0.574046797899079
0.378739146225245
-0.499479380444614
-0.914046150949534
-0.875568200990242
-0.524276920496415
-0.480758223193945
0.304527807530266
0.628917639278723
0.289482932674504
0.0892816460663357
0.608053665923025
-0.943571488579571
0.121377933640454
-0.251062332765887
-0.18889821854979
-0.815670396570901
-0.38146099380509
-0.178820149569745
-0.883153529588537
0.0419016695391974
-0.688073087191235
-0.117511731084762
-0.562586292066243
0.971719175558364
-0.714086397624224
0.770252468960121
-0.23310840150319
-0.36845644984759
-0.336451272311085
0.781143726695832
-0.478003379260007
-0.635915916473974
-0.149818640701245
-0.503951937273711
-0.348041443888845
0.53017831499109
-0.811590664573821
0.717614933527407
-0.292136812790178
0.436410490463365
0.783705125268269
-0.735589494126195
0.237057456272993
-0.335921345459076
0.891522319304329
0.461763275285082
0.745491886274725
0.954621401134016
0.0692254448053147
-0.436585823892806
-0.128058531396186
-0.0768378082681025
0.65118983423689
-0.164823938374925
0.200331695358206
0.565327750651282
-0.815109089123683
0.617921699051591
-0.725173277578935
0.0977671759209161
0.632525432685423
0.341986761136843
0.502626983844588
-0.705602673126292
0.173882956356198
0.499680930334605
-0.58763400160678
0.416874585761334
-0.942994934542257
0.241467402133295
-0.720032325484973
0.0226356226595291
-0.332538829589343
-0.960152608621666
0.912502741839551
-0.338286188014685
-0.685251683739678
-0.9266212269801
0.0406515909484861
-0.457944687457479
-0.804761511202851
0.803944193467543
0.771589900680513
-0.338906202518306
0.658595790070174
0.330397467877361
-0.9868073006827
0.530960160666616
-0.689609785443782
0.017590442398806
0.0786962874724637
-0.194836394100565
0.0878538015734618
0.159018036476009
-0.295009946948277
-0.672494053354207
0.0549453554000641
0.917455905019488
0.866746413952045
0.254200320011682
