0.212094724917478
-0.495269261802706
-0.106962338588231
-0.318914899117863
0.0283150776494189
0.0459544253471897
-0.518275945030745
0.880433888502063
0.880750679408291
-0.2684634193867
-0.113077345408352
0.50392078877515
-0.321201616871529
-0.244198872680434
-0.250786761263094
-0.247222469411507
0.701765816452434
0.247753412431134
0.377090322745751
0.0925685429267362
-0.950406842369629
-0.549212045456858
-0.423262043358709
-0.109222944649897
0.224897779912982
0.0724059082264384
-0.630005170599145
-0.0965901894199315
0.667590720508301
0.540720211074994
0.759108133891065
0.620385846107586
-0.189393112425405
0.0013473610347385
0.66518797234217
0.292121005340645
0.534157836851291
0.54164475254666
0.601127369321282
-0.294011771095423
-0.279439820723134
0.832622489535133
-0.343637749642505
-0.021553304566822
0.944112727540044
-0.577557675439306
-0.0149245164840617
-0.298006862442057
0.485355426831253
0.23526678186969
0.595062746001686
-0.36663006773802
-0.1450362221333
0.327943484159534
-0.84245349604731
0.527701440522341
0.2500786944028
-0.210846967453068
0.854970216014959
-0.392337598659579
0.525713291109895
0.414672375319024
-0.507311984692777
-0.33852260355699
0.928847686310258
0.772008486539287
0.227759680358549
0.388178497074846
0.580686574174496
-0.299968407731687
0.870471053400781
-0.284950604224394
0.584430769241868
0.93667005218376
-0.639027224360999
-0.878036200686636
-0.868456399031969
-0.912001819999993
0.952915208757676
0.876924234238402
-0.458982140229223
-0.692429854755062
-0.567549476450701
-0.245606162502591
0.416780265192313
0.188300255415241
0.700698318588775
0.196963207308
-0.691622558312958
0.18844573372878
0.924097403414714
-0.458241191309432
-0.256802261351808
-0.0895340581125495
0.490346843512364
0.223110725480027
-0.700159245670442
-0.89951972120131
-0.825581934109305
0.127263419521953
-0.369023796414665
-0.331813149795348
0.468266966661327
-0.25597117055372
-0.668356746884128
-0.544055931507052
-0.481214099557829
-0.437221317017381
-0.518947334919569
0.450729108454034
-0.00630029547146156
0.183994420899942
-0.181105182438762
-0.280680325946544
-0.525545475832117
-0.824477724461453
0.0849898929025985
-0.668916736230259
0.197400393328171
-0.663320805901459
-0.698725016391044
-0.721634024380024
0.93394685289506
0.768866661499064
-0.716408539792713
0.441852097120605
0.438208558144363
-0.849221046195081
