0.0409397607987095
0.30019106178374
-0.47648454249817
0.314682981393859
-0.842471261050105
0.264124072974582
-0.0404779581989463
0.266364081149652
0.112247620035569
0.624906832849179
-0.846597408748447
0.498528464593251
0.544317840580991
0.599964825785737
-0.479667331989332
0.333834196892017
-0.713755738433766
0.125316967798772
0.445735140845378
0.570053219786513
-0.177677357269718
-0.939589902661078
-0.708134403668198
0.879822357193156
0.740373843472291
0.415661431027498
0.0655489672989481
-0.791156768747413
-0.304451441515988
-0.224182016589978
-0.303319032264419
-0.190960182305125
0.938250292335813
0.646633253507523
0.987596158835379
0.605745538878467
-0.954238885561706
0.232764683019252
0.61636364539812
0.3542285369728
-0.125531002215109
-0.130820134259028
0.158910614838885
-0.233552875787886
0.836899961443036
-0.267502828162929
0.380150176979674
0.757144336248427
0.680707652549988
0.848122949049304
-0.855931165250296
-0.510540293986954
0.42581930024139
0.061435910639336
0.198309429535407
-0.758505029373639
0.602592188656064
-0.157696352258016
0.332333876417121
0.710597827064145
-0.04362823540966
-0.814107632281163
0.516511626019173
0.0446429732471785
0.523140844264248
0.501664432624198
-0.646113130533781
-0.365232555770156
-0.226430355008136
-0.720750443499329
0.0115929237466015
-0.905535539382006
0.488865191954537
0.379970103470535
-0.217352944608943
-0.0238936930798527
-0.199192452058969
-0.700919590395517
-0.610466356641714
-0.0895264604500473
-0.978462673779614
0.299386947151823
0.733997774580074
0.714305077847417
0.336300231635857
-0.911304548477864
-0.430451403298506
0.732708936179104
0.500668696007375
0.165350663899027
-0.482097171441179
0.249108181283367
0.442531404956687
-0.271633011307566
0.38779003389118
0.179222088204848
-0.138291819252734
-0.853579833127933
-0.349413563143531
-0.532677470011932
0.649840196428703
-0.639081911480903
0.615450778308216
0.482933303737381
0.275615213572328
-0.717489959700889
-0.738961601050383
-0.306301663385257
-0.554827329800439
-0.223540868299157
0.896532939377263
-0.462425688963261
0.397472827157669
-0.475111633699611
0.08570720510483
-0.922634158761146
0.173372266047637
0.535932616515801
0.831638603771319
-0.775012610940085
-0.0182414157054932
0.906288209921825
-0.177318808466773
0.816936287785227
-0.0725273160736233
-0.0259990609941434
0.716814845684822
-0.100394980243648
