-0.353494289438488
0.943080331599922
-0.276614798167036
-0.199155531719016
-0.358370443157684
0.662807149514732
-0.804648647314468
0.269219830013634
0.5330388902743
-1.01213129363068
-0.921500133803885
0.498775695115244
-0.472429400557163
-0.981434294491774
0.0539764248074779
-0.349694268944889
0.582230456018
-0.616024098457199
-0.919015850057998
-0.560718672499971
-0.405178800978231
0.966811845108433
-0.560626817502849
-0.671463514455447
0.892298984875819
-0.888728588717092
0.416778392306778
-0.0631933830649705
-0.322177246179053
0.277418372415501
0.221761454832994
-0.62768047759128
-0.0173693937475055
0.66174219567358
-0.908745443499816
0.0446455608165479
0.967756617982562
-0.962394091525666
-0.573726448483992
0.734849398780832
-0.850150371080104
-0.846797098260148
0.138085228153603
-0.773094676229617
-0.143512815079782
-0.0124439445576426
-0.298666374424521
-0.758282011525187
-0.168117132202556
0.381246070567599
-0.589360845836852
-0.163899605283664
0.413507805489653
0.69045842379112
-0.459400955727558
-0.43813764483113
0.879585406396116
0.340297162363383
0.583262709693396
0.307370373765951
0.978406072414358
-0.0968608345479931
0.0517546627989551
-0.27355414617692
0.00941053625731343
-0.51128154692769
0.466305519726521
-0.680301209245743
-0.0728405468456524
0.985378978518735
-0.794057352958004
0.442326548409675
-0.253683056733983
-0.023778809954544
0.30056178332018
-0.0375909551816942
0.484150624628995
-0.273558354832051
0.359188682584265
-0.498687298845705
-0.816397767039363
0.147402471721419
-0.773132168783653
-0.680218439416647
0.372615667121146
0.510046661677891
0.902939784079484
0.223974429191826
0.588251832454625
0.645401801740805
0.0947861245267011
-0.536384954291208
-0.470943369112131
-0.978784097212665
-0.811151334872651
0.65640549273069
0.833839870902735
0.722774889243754
0.513216511965396
-0.174733750708089
0.931459298452251
-0.668621423839839
-0.304057853211123
-0.415121666979843
-0.188365642737002
-0.106368032448043
-0.33521339745388
-0.625672470384584
0.727779672938178
-0.601588547341731
0.61807269755306
-0.48878736100433
-0.80257004001316
0.839364358510736
-0.0821711051692079
-0.815395180201563
-0.0142715726569688
0.996405567797775
0.514957671334426
-0.446051119734436
-0.23332101158265
-0.252336533307783
0.0898865370892642
-0.637465401175037
0.330679665464452
0.326422715799476
0.141142176116081
-0.829678336657019
-0.402491809373509
-0.152631800277912
0.867513095587434
-0.477996774208063
0.262870681313641
0.0583634585258386
-0.39181413435895
-0.713179438419705
-0.98521135810459
0.825046609534146
-0.214815998498672
-0.429261981871272
-0.310594581487631
-0.16632527948082
0.905160147232078
0.644758768144419
0.454660736102751
-0.667942668384187
-0.240472257830676
0.61788932988524
-0.332051708180521
0.352460592449687
-0.448213519684463
0.435222596653463
0.184297629031908
0.774447713195476
0.47962380668477
0.577658516089048
-0.577326477579191
0.53113332281849
0.500854771435503
-0.836578456870147
-0.843580261059832
-0.82744372299166
0.0261307182198585
-0.272974514582019
0.808636934959022
-0.17578855293994
-0.00310913125300472
0.552024363352033
-0.11841591539944
-0.707668286306919
-0.13515600929722
0.725113311717722
0.0336359523953959
-0.721889942364536
0.182754635937429
0.626891956035452
-0.362916768865099
-0.172825172797826
0.81103475667864
0.219961679034569
-0.0614833316367549
-0.103279876535664
0.723015355879052
0.413407807885879
-0.972583563176577
0.204980064990355
-0.923351226792627
-0.188784601320833
-0.24121245323134
-0.417184828100977
0.923974801750631
0.605053528664522
-0.130674437725805
-0.499790490861919
0.304058059296763
0.803918029525808
0.26043305987762
-0.0339757352354543
-0.216268199203578
-0.749956949643693
-0.876916307652911
-0.443512792326163
0.814051250809594
-0.72813828152972
0.707988247805126
-0.458878408677655
-0.938406119248175
0.990623074029047
0.871110588331296
0.767837938076209
-0.13311560475132
0.176596450850037
-0.51479585602678
0.786783596680809
0.999080617473098
-0.265423990386081
0.49716140162165
-0.605370431074641
0.811750316528509
-0.242313736795462
-0.486055302904512
-0.700131239517333
-0.785414564184269
0.836521634872555
-0.988911609015078
0.703625542830735
0.921268876849682
-0.614702729939969
0.896372088671243
0.460269623884002
0.220037541200549
0.881438716205162
0.526336964223228
-1.0078135405267
0.759137883310019
0.962571294897402
-0.497486211730378
-0.993335812791242
0.455497766482526
0.74831752757121
0.250455971471276
-0.824387747962914
-0.406829108394833
0.269232490962673
-0.440334158137108
-0.82822488354841
0.296171308144478
0.820705773408891
0.0928277545505708
-0.0146630323602661
-0.118420164161997
0.0586245097279403
-0.21546163461176
-0.939637433889059
0.206553340857169
-0.0823502562654594
