0.0444423856335002
0.673379233479103
-0.670545256309165
-0.652865526102994
0.862297490926161
0.159415225750198
0.162853002837861
0.0745807095108822
-0.970540752982855
0.192600950088459
-0.215281689930736
0.877499978949849
0.721468200484218
0.956794673680263
0.201511892144698
-0.0848799320672768
0.329422650024378
-0.570087921880252
0.84532194499537
-0.511974333388763
0.0574616041617399
-0.186542393517896
0.826814274500234
0.82665608535552
0.689398782111355
0.729578587892513
0.000524097644176623
-0.866421873814839
-0.399498397365783
0.151362835276857
0.178351276347222
-0.486712011116365
-0.738839323336285
0.650811543031843
-0.484610472170512
-0.885232014154268
0.669631509436173
-0.0479986612476002
0.141224682350564
0.945261821519289
0.10648562187515
0.526943596084607
-0.532813779013512
0.486556817189574
0.714762498231149
0.670067565607111
0.0254632063420381
0.901700352149231
0.346615326335988
-0.127064914936454
-0.575985217795726
-0.305882198172635
-0.455504984207497
-0.715835162615208
0.436027629601345
0.23287423590585
0.201645696786137
0.303252704335781
0.130808301145487
0.781067963569646
0.570964967752755
0.776508682039732
-0.882620288767524
0.611290467450233
0.391583506775651
-0.888229651638055
0.380203823352444
-0.737432243642631
0.0197954854017282
0.975193090749451
-0.34456856223721
0.0746665282102694
0.163562722400323
-0.0409846655545291
0.70101378340479
-0.172974240704625
0.934934191846702
-0.176829311232873
-0.643960745172704
0.242555520985256
-0.541103391498508
0.846515412167737
0.166989346390848
-0.541852397381687
0.824617006113414
0.694886622389874
0.22383361213649
-0.537716597148254
0.258235491096094
0.419405702738317
-0.415047726641943
0.159632824511358
-0.468401012325078
0.949531621410397
0.134073817740263
0.505022651942524
-0.332820323181446
-0.958689246387128
-0.166230014313491
0.00107836674309035
0.105481100775066
-0.729012937705239
-0.864198592687254
-0.662810437461268
-0.15838221793433
0.615845594330901
0.246558210468215
0.535171732737573
-0.598972263321997
-0.493435111399014
0.649569734131428
-0.736815552963945
0.215791588110633
-0.33387309826365
-0.408250213084005
-0.43437773016351
-0.28012235664418
0.0785709163654698
0.203804580916771
0.747876188213231
0.487015120310208
-0.408065144291853
0.417804431356264
0.363493931895832
-0.840741887968854
-0.91732043745826
-0.341619108601811
0.0869538645779825
0.600120761644644
-0.198107164144508
-0.173442680710885
0.80839666295661
0.459156278664529
-0.781101034563604
-0.784375242009516
0.981011848308661
0.119577254418109
0.464285594220076
0.0389784343052964
-0.493103399454508
-0.932644786520586
-0.268412746652925
0.391986417928107
-0.304384365380884
0.135489849013203
-0.163674844928353
-0.42725939209693
0.903940288613039
0.455030131965365
0.157683744477678
0.677575688583279
-0.293920214219168
-0.209392359012438
-0.299955816467737
0.882082649779377
-0.574179730913862
0.208414785432397
-0.339833701682155
0.643570609794805
0.255787744571153
0.697427070414925
0.982704193678427
0.284077048888217
0.0322805150553871
-0.400765899968498
0.823969375709767
0.665961301466426
-0.0466652363499755
-0.90763644719062
-0.212811997478861
-0.868096271261563
-0.590927112095862
-0.611800405675892
0.549141829592907
-0.53104362630586
0.202059537930142
0.564759719606151
-0.12664350067926
-0.130841407583801
-0.863192315393842
0.299371598213638
0.618794198254079
0.00356079023865838
-0.182273622485424
-0.764382480606108
-0.352044280977218
-0.353957599406981
-0.267956439393631
-0.796006023050012
0.798044058741714
-0.155676594590582
-0.138023964882167
-0.147878073213614
0.913133283383676
0.679457473562845
-0.813373380170773
-0.0070520580918295
-0.942432299722815
0.00447614134954171
0.0604856294770993
0.0571660847974964
-0.998529977084113
0.533720745852808
-0.608798773940479
0.491805353849988
0.0595280479386008
-0.512580972698872
0.155095829878731
-0.309974639889597
0.0158633691660456
-0.633699191904281
-0.926244940287318
0.675998984301262
-0.94354503229087
0.904852437948853
0.212981604350673
0.723530085910964
-0.488476916453187
0.294328937487883
0.889898688497518
-0.817580608204048
0.714020075743367
0.28563838325754
0.583990859575021
0.735288843456437
-0.634267750211735
-0.703920358126486
0.0323670680249716
-0.553780933983686
0.593300591638244
-0.111074844491346
0.634531967528532
-0.967405993080819
0.474745370825143
-0.849170760531642
0.921709793907156
-0.973547730401338
0.33363207461946
0.485083292995787
0.188962231971948
-0.86063518147393
0.0813560005942797
-0.251442274204844
-0.981760773758206
0.830355911116843
0.431009777370195
0.0877525562324668
0.985916174149463
-0.459556524884234
0.281652545348449
-0.822324861515812
-0.849247152349015
-0.00790315954615307
-0.0105826916620559
0.3931591320566
-0.388340173020167
