-0.188391284100024
-0.0628862607538195
0.672182374371062
0.673770826151688
-0.192234660028773
-0.222686736752422
-0.331404521936021
0.396389463388552
0.581003831995242
-0.418798936062127
0.271153663667715
-0.175100865299293
0.714827525224399
0.282162010497174
-0.280376173287952
0.996401174538867
-0.651796037008017
-0.663495678946072
-0.617934901343237
-0.0162152632214182
-0.853896298652663
-0.904961706438529
-0.878608489913823
-0.884263282271357
-0.116050048501016
0.514610466912077
-0.262034033697784
-0.359750466969463
0.947375669102329
0.139304525070456
-0.0256313538263764
0.475691849015718
-0.304139669004804
-0.0468311625866462
0.749447874203272
-0.113282381268912
-0.587348745127239
0.201805152632854
0.254569175405443
-0.659404309938055
0.957224632749749
-0.502578409708379
0.803880022268327
-0.199450251170618
-0.860880654874831
0.905919987029385
-0.504852829259881
0.0737949415548029
-0.279552910531359
0.561435518627872
0.565445652130364
0.254339905769463
0.93371545731299
0.294933242716573
-0.164998161838857
-0.289480144210573
0.937995521559338
-0.483584538948523
0.561049287733006
0.897872267408679
0.294896389104889
-0.550038027405811
-0.946998089083457
-0.191360505035288
0.380623670377768
0.479655464198798
-0.0868188345788199
-0.990264465479224
-0.327775181019459
-0.9387250419005
-0.728358197665414
0.861770802552159
-0.201717766244565
0.328459572208663
0.963738347353827
-0.419009516506086
0.207918744192862
0.756785739651296
0.943041545454514
0.301229860243271
-0.190118370212707
-0.17035052252949
0.704076861472109
-0.197837098376241
0.051947649925987
-0.398044982345592
0.453414797188916
0.734150981058316
-0.954887746254029
0.229850215140596
-0.302023080338615
-0.255548107180869
-0.843223630182727
0.364809907169253
0.946947497209117
-0.49881549658043
-0.0555136541056441
-0.571186499214686
-0.873522889426259
-0.342233016843418
0.870212810106249
0.852173053035194
0.330663019273877
0.980354520572573
0.596170890179683
-0.83461654890299
0.0541675709230603
0.964221155193051
-0.299295457469314
-0.663833024335473
0.789406041707154
-0.561686470219373
-0.431281489141744
-0.433227544997528
0.00966173321426314
-0.810337198794308
0.0571025604676207
-0.232111103577456
-0.987640778326948
-0.481147102189649
-0.733577121564808
-0.721695047259292
-0.70267350278948
0.116403285918577
0.314502311142167
0.472147751267474
0.11158800242139
-0.446128329867434
0.142103910197918
0.280584437352351
0.0728781484252582
-0.934597776166048
0.681488771509937
-0.123953987280858
-0.916089690220238
-0.55987599460778
-0.98494670983637
0.264995967705502
0.988608556117121
0.42680624064035
-0.283591687827886
-0.419342671279876
0.549011500541116
-0.113627605654778
-1.00086573128642
-0.244339221088729
-0.896048007401593
-0.87078800186207
-0.222203392384582
0.93549157142086
-0.627898375184498
0.777963791654052
0.535235961622596
0.385808356245029
0.180218129727614
-0.524270779007411
-0.368322609449407
-0.826533290966309
-0.440977310721273
-0.785700708123186
-0.94701014808617
-0.0048605704486323
-0.680828898192624
0.954151692718311
0.822109688482178
-0.882333922572805
-0.783428530281924
0.0688027111303285
0.0363120287375836
-0.430009850282295
0.770354621902527
0.600970719984391
0.931192133034177
0.45904847882573
0.299062134358832
-0.707507911644399
0.210973718592877
0.96325674303459
0.645289779722561
0.829218899853207
-0.0676861508941292
-0.524592417447493
0.707759635027503
0.855928916553117
0.29679474441201
0.433344707832397
-0.0480959118818213
-0.672683755762635
-0.680943113722365
-0.223989666558196
-0.84231237289485
0.580964629567254
-0.727403620386212
-0.951389040668398
0.379222651393134
0.274789991128737
0.332402885381304
0.386346067796557
-0.319435395512136
0.15164567859511
-0.00943987589191276
-0.638627365577172
0.300258226352506
0.706965991422496
0.676369614757304
0.643847424478183
0.396568715615876
0.486391481745491
0.600318232216785
0.826650333031881
0.989529195954452
-0.187459672490145
0.614734943244341
0.0306065273178576
0.729407297976148
-0.764106690809681
-0.918910296034069
-0.244494264259771
-0.738859159019041
-0.0510325485179579
0.695592569048757
-0.0451206561947819
-0.660562832262179
-0.00324614813186524
0.222078607003504
0.116661976314133
-0.938311219275634
-0.285021125154389
-0.569629182185898
-0.168961656435452
0.114760690502549
0.461651468421282
-0.7136837717672
0.433325019017891
0.190893863383515
-0.649807031800426
-0.724840553298151
-0.257174216105586
-0.274368080089001
0.723035464087703
-0.310644883419063
0.632894956726808
0.650703539643704
-0.600179406619306
-0.828959459316865
-0.836117635396909
-0.8402683252725
-0.56941158514858
0.899666631723223
-0.172189739107365
0.444482344764164
-0.200257505720826
0.280476804107702
0.280104053944533
-0.915910825494472
-0.0877941677184821
