-0.122489631250374
-0.573730591044108
0.129546427020834
0.989313448105518
-0.0646551749909712
0.754066207430576
0.939878967321176
-0.585810340600209
0.318682757167948
-0.952076286161679
-0.430627368728684
0.624503606085913
0.811612765435978
-0.937882444275044
0.479992165350277
0.558794276620423
-0.975505627461295
-0.244374061170227
-0.284519276747143
0.627972530812673
-0.888660278935602
0.488069712335209
-0.18880739449758
-0.0892626904902044
0.328657980241263
-0.962394560447334
-0.352930047027139
0.470425051713303
-0.229363322801721
-0.281416484163778
-0.866610698617135
-0.233659607884946
0.212064903245604
0.301754540835093
0.698470335529566
-0.995754252155774
-0.0609517625711071
0.646421966710068
-0.622925751820136
0.166971462623175
0.0455625789898801
0.831760867686414
0.769312471749001
0.206602220503765
-0.0644243369225819
-0.290039658475107
0.530061702178283
-0.928736521949554
-0.416569374301922
-0.439222457614732
0.582606459810221
0.980677949234021
0.674186067555212
0.991690730423416
0.0702671042980355
-0.585910337326971
0.540881202621829
0.165450472068414
-0.845889329136555
0.806711882821821
0.405459965600642
-0.545734105894831
-0.993512663704973
-0.388284224312338
0.806703815031573
0.516260530111493
-0.0759722157394686
-0.352058140331062
-0.0550871443324588
0.376419804099326
0.574078003700916
-0.705072682616879
0.873186141823661
0.911203823309255
0.297636874753065
0.175022048740498
-0.887017443463276
0.157924386615383
-0.969663836982412
-0.624373596900436
-0.456201982964715
0.251741612039722
0.0802426718975432
0.223693908919704
-0.0264330271553372
-0.911177644708623
-0.320386847875067
0.946013249092604
-0.728621013965287
0.586306341960063
0.311784248801545
-0.279683269348032
0.0913319380383937
-0.808537247540731
-0.645140660286985
-0.431854382716677
-0.173395589057064
-0.524198393807657
-0.374673145072076
-0.287191564009237
-0.501820454909078
0.148458844442667
0.664462727445427
-0.940942554397054
-0.855754920216577
0.702020818078756
0.0828892871235286
-0.109981287364186
-0.739646226718378
-0.0284298164188074
0.0146084183274052
0.68298542452702
0.827229732018075
0.421705094806254
-0.424719384919277
0.406219215577225
-0.312676636795891
0.103747923521822
-0.737642045563068
-0.845920257052659
0.396603794822253
0.688245279618244
0.960819689258657
0.833985060006468
0.694342868886875
-0.237811983520171
0.193912154031483
-0.695354717762247
-0.76087514510707
-0.716388850491404
0.898208883585548
0.815623972950274
-0.073136974903746
0.438465432617291
-0.0896457925365542
-0.367335761302534
-0.445883538949905
-0.16184160578591
-0.80845186107324
0.198799538428396
0.57932486601
0.573287471532417
-0.399339668097852
0.380173371953738
0.616867718578638
0.6404296713893
-0.375364912679803
0.207733724024477
0.752679511071659
-0.448384374805992
-0.132937351947802
0.219565347933723
-0.354671139869079
0.283981002195127
0.254862628753843
0.623334652023393
0.497323346346712
-0.736848856009131
-0.594753504808941
0.951020551465233
-0.309957827917101
0.0720574874851854
0.0583510427023153
0.363630300246128
0.767912570858465
-0.508113755250843
0.3751499796078
0.840413984709602
0.719695678086841
0.729058167215157
-0.485847116882427
-0.110241339244927
-0.148641129693116
-0.238884175591926
-0.806407032008444
0.147310465001018
-0.629824984495786
-0.911457018816443
-0.87572971918365
-0.907777160325419
-0.162297238147514
-0.0307795982509007
-0.67935574670161
-0.37708975188455
-0.291416109331127
0.318047097441288
0.232655899151606
-0.0698454787793916
-0.966896130439511
0.819665113455905
0.123132945158433
-0.0581227794253655
0.72046227541345
-0.134545508059057
0.360257400540836
-0.710039401216072
0.148273848181438
0.584677975387654
-0.418248066102721
-0.761482426939505
0.303528801905739
-0.0591502295038958
0.72562448724782
0.572046935814329
0.378913467105041
0.700098544329117
-0.160515238683774
-0.894379732327421
0.507966442853912
0.980746180378886
-0.948754465184801
0.938401351666962
-0.1771946287887
0.102833462903029
-0.387870348795918
0.128255788977856
-0.4591414045355
0.966673734086725
0.203231672040941
0.524065975140403
-0.53005631765398
0.583757809500879
0.728504175863835
-0.461760840736115
0.433430575511808
0.961521706697982
0.164631441143604
0.495887812494105
0.829668265574848
0.275149877988328
0.659264006275537
-0.823171336894945
-0.0226081721419274
0.567774689562329
-0.302200136685767
-0.534597878315545
0.961123115895948
-0.481990649634531
-0.194798932223476
0.778938424309505
-0.739414426928399
0.705201772889099
0.932458723467083
-0.777731815673689
0.459039738904525
-0.145996560132383
-0.0385682416780802
-0.54951700958401
-0.686994043504204
-0.840652575151495
-0.794481676198093
-0.856854177424644
0.86667212363124
-0.914973617439172
0.131076780750248
0.789277717653288
