-0.875561436197001
0.874709994492077
0.958318787714995
-0.560216470144629
0.761542581814783
-0.561531964024591
0.863812530282509
-0.510309067425602
-0.0816359050592669
-0.291434052440607
0.548443432904577
-0.132486155385129
-0.82744504254443
0.724549921379545
-0.621592605744568
0.759675041465135
0.532918274830536
-0.403084658072635
0.692195074141678
-0.299765669869777
-0.547208609321629
-0.39610540190958
-0.338293328309635
0.349504038948863
0.148917074412353
0.696189808049652
0.925321817927317
0.210710502276687
-0.825293563714524
-0.533932683135695
-0.133576391430336
0.651532430360981
-0.754324541924278
-0.12447089937986
0.460749786733091
0.483810379310959
0.968735113842978
-0.496148519946863
-0.316451889033524
0.373896823745977
0.249171249407702
0.146908703500104
0.775470725962423
-0.244923860861733
0.216764349579735
-0.188951458409769
0.294274912013573
-0.917427121363035
0.267350334582316
-0.282762961223024
0.284434682980657
0.622995866048748
0.289588688050868
-0.535553084634973
0.366582179125879
-0.134485308832109
-0.665527000002135
0.215280939120364
0.199668263731611
-0.813561079723642
0.821096686456602
0.102280039886085
-0.350222327497576
-0.555661783884796
0.0233289711000227
-0.250017537298055
-0.297733691327908
0.146243598303828
-0.893576261600197
0.152950825110302
-0.380565348928999
0.163396369027703
0.128581680728586
-0.136536940330206
-0.589873891204561
0.499253606782915
0.904818823487801
0.338853159005555
0.613796975511992
-0.689236252410878
-0.34421712396232
-0.724506417316437
-0.330936362135501
0.0561350808208292
-0.836876973510399
-0.687421906129803
-0.853555831439379
0.156622935640112
0.632602483283822
0.456888553815243
-0.55480722447561
0.827218083176852
0.06374056860906
0.481082321474783
0.77591949716011
-0.902802524928207
-0.75118355669119
0.915456883174658
-0.561898456309544
-0.596816676936532
0.0958462533652419
0.0782052408503959
0.270263417317123
0.61816908010834
-0.774744967581661
0.0585548466658158
0.3835781095953
0.504421583884751
0.747164770295195
0.520183916496093
-0.728887691581651
-0.769889774944334
-0.409773638579779
-0.663897729295359
0.0888046055282113
-0.336688368818718
0.321655359283525
-0.822779239657334
0.437051506537192
0.514238769880267
0.378730449878762
-0.0709512929285651
-0.180657486331699
-0.804610288504967
-0.636554905001642
-0.194810948246818
0.00473648677765204
-0.56560542927887
0.364240022494072
0.117697293891064
0.548346159845591
-0.113969574699508
0.669620798793519
-0.207383979332347
-0.743074532098044
-0.666039228013591
0.938017361884509
0.0910394999184505
-0.187531742596437
-0.0528734134136824
-0.382156066765347
0.930926350412422
0.476051198425833
-0.453090987544564
-0.561921784610251
0.556788964846067
-0.563966925925638
0.0975454201079986
0.787634401681858
-0.891988559334888
0.0465052638356667
-0.401196772809071
-0.775967836650171
0.926704509339118
0.885565296591546
0.0597092506578199
0.150397180092275
-0.745651684215302
0.485886012266689
-0.538872934617774
0.526679323572158
-0.929562523638355
-0.951282044179614
0.572849077648224
0.256526229603083
0.796113086394509
-0.751526212620768
-0.354663069509301
0.847522959003031
-0.0554537003710828
0.0824841695760534
-0.593832249779479
0.222118430979161
0.863776740654932
0.921331957134234
0.350957237264883
0.86060923147886
0.231887543409773
0.620581287186924
-0.27451612220122
-0.644616096708848
0.212825557925612
0.915087603325618
-0.0800897183907396
0.467581139346074
0.60333460777602
-0.52465838891221
-0.0707014830896744
0.059999642954855
-0.0875496975373225
-0.759067202895408
0.922097433140095
0.534306204676298
-0.0883552354377761
-0.536788781661665
0.339293930254995
0.86611778314863
-0.746011675064655
-0.455951789560907
-0.694743445741164
-0.969059798648887
0.139386470751748
0.22757995947498
-0.856157996224759
-0.865302091409568
-0.715840385603039
-0.824252518839534
0.863308719803204
-0.415888684197013
0.0552754344302801
0.932169266648662
-0.527613298269914
-0.120533449966086
0.446243096064269
-0.613258523384757
0.867229478768251
-0.132821838062479
-0.273693657917217
0.530156590972305
-0.755987284290464
0.101401900851032
0.886359194009358
0.843243976438844
0.992075426482889
0.93338248739597
-0.0706814753038269
0.28620271276753
-0.947229201610528
-0.205894258209489
-0.463302580846702
-0.485129770449811
-0.967187617472983
-0.667603117948704
0.983313694861135
-0.525233120546562
-0.101796317024225
0.332859238651934
-0.577576082759009
0.68120734635543
-0.125399477299337
0.452843037372039
0.53416397612102
-0.57186950274015
0.315212271594613
-0.0651644475830095
0.655958672290643
0.789706870256717
-0.370047536012417
0.338954588389482
-0.882489175037374
-0.849460108500842
-0.211435035935688
-0.221001433427798
-0.797114200445794
-0.00351564684745242
-0.770613996128636
