-0.751479442718038
-0.902169127155402
-0.355090573227508
-0.0142230751006098
0.874359083861113
-0.87457995159107
-0.181976322710914
0.900354638707886
0.550005679748482
-0.989784843222027
-0.510245256107019
0.652766409574643
-0.802931320823114
0.528715452168644
0.969570928073898
0.827141331959316
0.602314198371616
0.791139234167705
-0.521507708362496
-0.899436458618286
0.354743415708418
-0.482342056795753
-0.158094386258518
0.266187203755483
-0.182512422246113
0.458733067722697
0.0144963930263436
-0.225332171108293
0.257842957052061
-0.0209237050983451
0.976936461720274
-0.197312071902141
-0.0976290957431901
0.389145630567421
-0.0287016367559848
-0.0992642654250238
0.00449150544925233
0.723076760373814
-0.578040161074705
0.163181488608791
-0.545586933296224
0.659156107478276
-0.949412451008179
0.0402709548555201
0.840475637685246
-0.790726372375506
-0.34561187156302
0.112146021507716
-0.519620760333904
0.327487978676113
-0.516456538710433
-0.425405727717232
-0.0303308541776987
-0.955246645640575
0.935978562298213
0.612342034993823
-0.360317299362593
-0.383393951548764
-0.988785205582594
-0.757590687427806
-0.549086157700165
0.831795204532481
0.281206159409672
-0.853776908910983
-0.670606604150785
0.415384516493725
0.247041765701932
0.930714083713963
-0.779555312808146
-0.809735003639808
0.427560895491552
-0.841058775055447
0.325287115233531
0.93796205230339
0.0817224140777075
-0.601480013921588
0.61179783128441
-0.834866441648567
0.943824675402774
0.265703940227052
-0.327907656733849
-0.295695559942453
0.110013208787589
-0.651583092635939
0.780581948044405
0.855993499567462
-0.40614216068946
0.697077415201752
-0.993942185663143
0.874305655765819
0.263085404540232
-0.442310131388924
-0.311246376458711
-0.782532577962369
0.0626609023945534
-0.0565873641572541
0.3872551545081
-0.619585327429507
-0.11723748428556
0.30066809663043
0.938018894905274
0.0877231644311597
0.00776087160191086
0.812284401208983
0.692669692406231
0.683875224790256
0.864118097351826
0.235168048970584
-0.583608938682944
-0.532849625393741
-0.894392834415511
0.0753948663224419
0.0972388011991771
-0.679931250361519
0.637887976840365
0.547330451161347
-0.91579660823074
-0.386531445439346
0.0873943736079819
-0.151279215943743
0.0958351889768632
-0.49581428955507
0.223292322139253
0.0857930162544455
-0.106718709496088
0.755827482474719
-0.284451032938108
-0.518478944403348
-0.639027260639783
-0.918951139233928
0.187155357331897
0.467427098313316
-0.819554122606217
0.355192907904721
-0.0586182164965781
0.901522037431362
0.748165841057479
-0.761492908789001
0.595036546368409
-0.491694507440552
0.998668189775305
-0.249643264355223
-0.435447792197896
0.647190357295605
-0.516177403963882
-0.842534273005279
-0.274401494728135
0.308070041069178
-0.00327557905737851
-0.715176700358291
0.157272084656524
0.694851241310803
0.535688611418425
0.522940508193638
0.644903718068961
0.400839735073971
-0.061327378764503
0.238893801944167
0.922245887215731
-0.70062592627748
0.147963422620941
0.976150159556618
-0.458709210992628
-0.780882616355179
-0.844622179301541
-0.924512585942575
0.947610251500682
0.9610262014792
0.40287297381339
0.453444459411247
0.198349504341843
0.871021913120772
0.272533772811432
-0.075675469659976
0.0927913057860129
-0.878911769857005
0.21671065909981
-0.983405062408687
0.0355687095067867
0.313589762166614
0.7929213697347
0.443632901153888
0.604627600639043
-0.00913953273500437
-0.582183305012939
0.436504649227249
0.520951368129684
-0.750686961847868
-0.361394863804618
0.939919397831437
0.700849153254101
0.234437130734634
-0.461223610141773
0.599133125926158
-0.095827001370967
0.838352686294947
-0.0898097367164948
-0.39487991657078
-0.205076051291141
-0.278202058684833
0.94548682407551
0.184848005433989
0.289672320022947
0.051077862724372
-0.883931135342453
-0.773938644170012
0.198295780161032
0.00397652286393994
0.737499176691963
0.679553043337614
0.330137538910207
-0.447315870430124
-0.746087009720149
-0.665679266377992
0.210355274540864
0.848165948151917
-0.244742717838418
0.162048855808122
-0.531273542123154
0.912959666180146
-0.492343408500558
0.462138869080431
0.707814047376184
-0.0157138433358451
-0.654954067800704
-0.648349577565434
0.222139978885621
-0.549073294441621
0.521795566860331
-0.686790841039535
0.814977128088784
0.887250541774771
0.4521435858139
-0.217590457719423
0.0887046398937421
0.351965917919986
0.906984948387142
0.864855118187774
0.104852251423011
-0.577228854432459
0.458242757308035
0.489391352790143
-0.711181346904527
-0.218422254278383
-0.914022144908881
-0.0460996234387329
0.632991636568213
-0.371993300281801
0.417823912712046
0.459455615711615
0.050612876116747
0.20412316067996
0.10961410521928
-1.00199837505217
0.14557542782803
0.199634275753914
