0.109294087022207
0.896575051783388
0.658674449515403
-0.030103374065191
0.0136160216401716
-0.0194752281995425
-0.582029113343174
0.655226049510189
-0.29941654950594
-0.0450656830116319
-0.65789327790557
0.712564944252538
0.69172035574167
-0.564344200970074
0.871273773733002
0.0360678654177961
-0.474931248133319
-0.119333396515193
-0.150481143817075
0.180483918482585
-0.603353344466812
0.150993493321015
0.408473028056535
0.148950387112339
-0.272609483975601
0.420543356358463
-0.437164689314128
-0.31359476815405
-0.212817648675034
0.328271604347824
-0.17009694807547
-0.715111805466159
-0.404714355561674
0.41211541109316
0.187360943117004
-1.03524433470415
0.652891388967808
-0.819007675542159
-0.535040169012241
0.181861885072659
0.147194116912816
0.562584406469891
-0.721516498304321
0.435247186011006
-0.987359099969889
-0.541120398829372
0.708710268224649
-0.0226634693833957
0.795132854436925
-0.901239988187772
0.168102390885552
-0.172960935366824
0.623048046930512
0.456909874976733
0.407762858647186
0.596209170538022
0.688347520736415
0.890274692299869
-0.325375740260621
0.817997497636695
-0.341625498994354
-0.524035128167762
0.498663324722136
0.741375510454499
0.303927554122078
-0.027252571374777
0.599248838505823
-0.156753471449293
-0.184187041472067
-0.104647755690079
-0.830658496888886
-0.148571297774192
-0.362783156473304
-0.668328234505046
-0.588520574994971
-0.133287506561231
0.709480796012259
0.703989403766567
0.0319065862285487
-0.589859900589117
-0.171448630224182
0.346128610418406
0.399983415539722
0.674476169411759
-0.68871168827424
-0.0778092863801401
0.0268897792484117
0.130186817980958
-0.691196173857866
-0.184194414851094
0.644094910627626
0.823728123472185
-0.097186198856456
-0.956239606136875
-0.788823010848799
0.801517143055725
-0.973933712502299
-0.328367938282393
-0.244396392821854
-0.537083112036932
0.488816132283277
0.804344957541597
-0.726146024067285
0.221867953990143
-0.673430254177338
0.39005531815916
0.210342819053816
-0.329574657006428
-0.435291670888035
-0.202738494884335
0.154846883121948
-0.99926102420263
0.937634998172426
-0.477334931843225
-0.805573311797943
0.163301694720767
-0.344293786249747
-0.659709041569843
0.943950060513845
0.175737040541304
-0.577586463858059
-0.923873580185313
-0.255740546688599
-0.139166247142279
-0.924614610338146
0.275163166502364
0.150701879417629
0.178694033555324
