0.811835155304289
0.909970450430054
0.278380976779321
0.730570999365874
0.401399324818161
0.76354702535394
-0.510223815793878
-0.885493460590535
0.566321697423589
-0.00340341637876473
0.607433268720009
0.4702504699265
0.0560223925910805
0.398547893274661
0.579769788842031
0.841061402142687
0.470641583771648
-0.847399335001977
-0.451952322798838
-0.160548109514988
0.950127383300995
-0.752687536359795
0.942701503398559
0.0178027834842131
-0.486150203457092
-0.769315317438629
0.752129287993971
-0.582446249619699
-0.991087108455285
-0.0606175236888029
-0.600972186816306
-0.981435660565093
-1.01446906501703
0.265873363758808
-0.711300204753549
0.768750023490718
0.707836066614374
0.788111895610246
0.106013975530661
0.814136374161837
-0.670223520993798
0.146725365126841
-0.304236052802082
0.00540281580520468
-0.684720123928864
0.217790541281468
-0.423999953490878
-0.475684815111098
0.868170551571463
0.132190882220652
0.10924293576673
-0.187145756237376
-0.789886017754599
0.514563763543381
0.869736111866043
-0.0540333745196996
-0.170837914380247
-0.0253965871202561
-0.665258127399037
0.0797772486574728
-0.0641204519392946
-0.276126092687529
0.948102297763761
0.0175737483949844
-0.44375869021521
0.87791985384029
0.962688350066848
0.104464447450218
0.117728007972441
0.309361373862781
0.440972965580964
-0.466636961995408
-0.204798815787941
0.519483620547702
-0.291654625191341
-0.309917924405627
-0.778110504085093
-0.545698681174647
0.58306497945382
0.836352046807661
0.843944045888832
-0.56978939172574
-0.712568339590813
0.362736772441468
0.895328783079386
0.295111773056194
0.71378759017529
-0.339419476104726
0.53676090066676
-0.840645430379497
-0.965142923303963
-0.478138197165234
0.334881078757609
-0.445021175116413
-0.962392956014563
-0.605197167627995
0.676217318187368
-0.892298623349752
0.927429829280438
-1.01133253471548
-0.254355547702978
0.72792503809838
0.432164606337113
-0.229006042218839
0.465767950232587
-0.620211066888289
0.275892366431251
-0.8075127300843
-0.048721031702281
0.31750316003252
0.251092269396785
-0.592550667843395
-0.458809879994254
0.0754737129238216
0.596365309672808
0.859636429728542
0.695437210190218
-0.749196869535524
-0.236088942395651
-0.184945385580368
-0.829866488479126
0.214508488499401
-0.337917110344324
0.274195025661531
-0.986280467514862
0.422146841899747
0.00193753471418297
0.741438553851646
-0.771957840977349
-0.938736327716141
-0.123402724281439
-0.481313990893166
-0.562720822647285
-0.418744274298675
0.298146333470645
-0.281629478273692
0.854455521808194
0.870216927960072
0.0703966282220596
0.97694911100634
0.890238215789431
-0.421480098527971
-0.216645748875616
-0.266295421482356
0.314701236097582
-0.862535352545605
0.668352097558947
0.738568553826563
0.710111843918154
-0.0803578382591482
0.267354564539815
-0.867970921318892
0.436845561500598
0.282958007318233
0.363308917201084
-0.653545727922174
-0.835082196644647
-0.296797136938364
-0.438453397204155
0.876688067374496
0.00682266839974853
0.957835743030565
-0.80562614422102
0.00389992931028504
0.430360356704528
0.615461919571777
0.537949951429551
-0.0630254278391865
0.967214656848149
0.0764690992994931
-0.428404909606345
-0.189257930102938
0.0323092439858008
-0.211851150913725
0.579256108149644
-0.310778412687368
-0.817143611331488
0.69293969066906
-0.224551234652162
-0.987803774571871
-0.597514035639454
-0.798298348067982
-0.675893877529658
0.554020541082783
0.0415342598680032
0.433592364321372
0.319119671215292
0.304408332719483
0.712493009400212
-0.765292575634445
0.639169145652036
-0.465787686361473
0.776963312765382
-0.395637236782868
0.744047600880697
-0.255750736238967
-0.659600307970703
0.802699749507676
0.469485140650246
-0.895780007822235
0.893932561944322
-0.54371216894596
-0.193825254478947
-0.17459857736121
-0.0631739620480691
-0.162744512825704
-0.612341974704431
0.320496427273459
-0.400900524170377
-0.218838465246927
0.448207174233445
-0.0224522197279831
0.198403261614645
0.511991336104983
0.383292643847827
-0.6427668481823
0.365559742348819
-0.217719431887114
-0.816719103266968
0.142391447807543
0.873667227564154
0.161155800581323
0.062985076885419
-0.74571889502584
-0.181123440107204
-0.753255852904633
0.256035691065851
-0.546880248144291
0.307415472583562
-0.120455257134364
0.907448945912681
-0.0749119182086354
-0.11223440359174
0.813835677306056
-0.990786775962994
0.227469444883806
-0.911144170438118
0.374448943147463
0.0595516695672576
-0.299032689858268
0.0254331455969028
-0.00623450410172788
0.986531017405244
0.294325249123942
0.526195688429357
-0.906338070969997
0.217003935225746
0.406116268092605
-0.496845569130878
0.225564569997904
-0.844338561423337
0.906786349146336
0.353780490399738
-0.593684209902312
-0.597504856057718
-0.627493407053122
