0.468066177696796
-0.1531819350169
-0.343497283773967
-0.877410798009628
-0.282426004729281
-0.53919607081875
0.233533768515827
0.986037304837981
-0.551093821180037
0.721673486409876
0.448484158745724
0.427061921755282
-0.834296209100843
0.62416938941195
0.737752610969045
0.360584363489978
0.572371808177061
-0.200663495319667
0.500657607845665
-0.44161372348495
-0.00096357429580632
-0.0882436704013408
0.19009758677324
0.580266096876357
-0.220085352615153
-0.408074824564553
-0.97735092594484
0.320457208704413
0.671162756175046
-0.140389600383935
-0.449113699995209
0.769393041892338
0.405636433037989
0.203679113129342
-0.715166445527164
-0.509886508374219
-0.187547575676129
-0.65366763717447
-0.0955318224942196
-0.802741199409876
0.598516779276117
0.355911537294
-0.285330842833172
0.0232278106744927
-0.705431342689308
0.511626596410511
0.823326271553787
-0.724284711940573
-0.180624494638789
-0.349043205185149
-0.681851885536783
0.520076056509646
-0.156943725682306
-0.736716540510823
-0.100276867275227
-0.752490773067145
-0.896209545027911
0.393736921622706
0.557038884071116
0.833144403112685
0.771993297625415
-0.585076450019954
0.262218355606473
-0.805238122235684
-0.117058523434164
-0.0415294324961276
0.763171951253177
0.43831746799663
0.627023002473029
-0.776075906000075
0.774700391464213
-0.910072088866939
-0.205497749915457
0.766931136135145
-0.267119344436045
0.644050030910644
0.757604639161191
0.331021764659149
-0.917888672974181
-0.723442117977681
0.816371039303563
-0.419230819772571
0.55522320871998
0.0546052494322969
-0.552633165597022
0.243734594893649
-0.080836862559406
-0.101036752247445
0.827149653313791
0.316245920654184
0.499776377434482
0.468303956090174
0.840424953882655
0.68466060868707
0.588805765646233
-0.0975447657095737
0.952397996238407
0.376239810558094
-0.180926865880878
-0.112724368658829
-0.651916549194403
0.677758462235559
-0.742703535194654
-0.401061124792834
-0.193758515287501
0.672637952492851
-0.619885996423973
-0.805378046985321
0.808469205062617
0.0217177448125356
-0.608097552425687
-0.350961780455934
0.401465799165418
0.0932544598333922
0.862786344244813
0.47838336711667
0.313133541147896
-0.647898580322458
0.314282664019989
-0.664779629628817
-0.58145646535055
0.589588325678514
-0.863676206380714
0.378494889161531
0.990863644252074
0.500477901997537
0.382288958024519
-0.778967974286719
-0.58377809417025
-0.65430858576695
0.232983758666912
-0.0131194829893528
0.28090235439042
-0.392019801574796
0.177558601072576
0.475208861505526
0.551647842145424
0.323520456849069
0.107125010343923
0.304747650857216
0.398208511251377
-0.214545060821347
-0.727750938213936
0.240228855577897
0.0352534865399629
0.51316933885272
0.390469913969162
0.218744406799024
0.305633009217357
-0.766416914565106
0.257831875373542
-0.971280406866904
-0.0158784106569421
-0.00490169387866853
0.970997506667036
-0.700210657287873
0.619611014578625
0.231887678948681
-0.0851216715458346
-0.404633706273003
-0.860723830349583
-0.679170137977641
0.949671962702885
-0.504528064564648
-0.0536957183796759
-0.519497181616575
0.746551229080039
0.154718496422968
0.0473964767881786
-0.993545986990261
-0.475768413135867
-0.241553659761713
-0.809042523976544
0.479962232072117
0.128392688261472
0.581510397181561
0.835944073433755
-0.144578349702045
0.0384139345131802
-0.0377298770093579
0.173552926296393
-0.868581256878529
-0.0761829669342032
0.0447759897249217
-0.905612066244933
0.338500951318418
0.512859427973994
-0.277041939024475
0.635643440777881
-0.666436394230967
0.380117288549354
-0.00718705439298127
-0.762585272293644
-0.970112175973434
-0.41457014064821
-0.275857580753992
-0.84341175178991
0.0979758596040517
-0.665869956742479
0.411410610753036
-0.903571317407371
0.631525646909514
-0.418587462109338
-0.602998785880247
0.945877526837692
-0.182900223498731
-0.230780086714611
-0.952370034454151
0.617476689570553
-0.858594199066482
0.69140934367546
-0.203218100160478
-0.0874782859080663
0.758532841459024
-0.271165402360856
-0.581770061157758
0.989398374003722
0.12631726360171
-0.0463801549597211
0.114610719522058
0.887758324834934
0.733539004913094
0.887722347217598
0.539099191515973
-0.305556016122053
-0.192901354200872
0.138384594968833
0.0500137990544439
-0.197098419567455
0.664651742813833
0.224024258729225
0.975129010125618
0.919976468666056
-0.980709176415656
0.55359451165518
-0.716281589813362
-0.309897710222621
-0.334382961195442
0.579028810989082
-0.676078673677591
0.207504340464592
-0.685031362507162
0.898668570862715
-0.655446310613866
-0.614134037259663
0.927282903135875
-0.232588231722093
0.616365977623578
0.529107512731659
-0.543343209624369
-0.165830357365769
-0.657986461597786
0.904647543806927
0.52224465046637
0.365383018744666
0.664152142180484
