-0.313759760495351
-0.504482613501892
-0.967413183234443
0.147413241700073
-0.153617263834572
-0.693788976762419
-0.351989100563185
0.0954172142953715
-0.302573170770386
0.100828972483045
0.339718847233875
-0.952763402931421
0.88447972159355
-0.18070865689984
-0.376899284239998
-0.882119956701315
-0.130731200322573
0.238347719023594
-0.29836273056693
0.886910088679235
-0.585274905435716
0.63623078117515
-0.730205752382905
0.945442264337626
-0.55137190034342
0.789181652895413
0.781437258748419
0.273568790176757
-0.201575428035414
0.245026080670022
0.143644561306988
0.114302821215328
-0.12055767906979
-0.813066137861164
0.519231550966977
-0.117226299275147
-0.154203860458259
0.408377940560539
-0.746316096625413
0.251360177723391
0.536385955198244
-0.219312161180698
0.622995977836308
-0.857535953061432
-0.362819631500184
0.738556811504377
0.548377019490356
-0.0130050106522354
0.737633070672618
-0.82742252311955
0.361136782194125
0.586732000458577
-0.220783105356618
0.0476829626189169
0.723419879136707
-0.450446331288878
0.511626458665249
-0.279874678016247
-0.0465902200566773
0.0324936334631339
0.0673371109774639
-0.78963362361915
-0.774691894266307
0.293482479323865
0.481563369648236
0.907960729513417
-0.0735275446302948
0.134592843283855
0.284890942630486
0.626714214393687
0.992549617645828
-0.973139575409705
-0.807678606191983
-0.978961419144895
0.615071703059805
0.375182310221475
0.791352352487931
0.99379167726086
-0.92747150032591
-0.58947702629045
0.90218472004205
0.673733093735662
-0.353888722505552
-0.877906631356302
0.612687914055669
-0.128503428943213
0.0229379723493083
0.78728642705384
-0.753034813962556
-0.307085956894049
0.313788374358666
-0.0145591257862626
-0.15292352701414
-0.337124444501271
-0.200315255388489
0.465801296395573
0.847014740881262
-0.872654447817218
0.27614299148641
-0.489447098249682
0.713202606902967
-0.364941162275875
0.923613932897745
0.922121218062449
-0.703943672252877
0.0661480880879314
-0.298073007785054
-0.409084585432793
-0.506128302585398
0.93418090303051
-0.344281847480076
-0.659258420578603
-0.379839864592435
-0.123833345539009
-0.91006788392499
-0.240672682296704
0.0299527383495291
-0.886212953144975
-0.992438288656215
0.562465888900379
-0.569501561622918
0.375219543232214
0.583189530633307
0.186534091782609
-0.31754506361466
-0.0863974739454449
0.44251363188066
0.181488110151659
