-0.18147423843654
-0.891686842325394
0.991258515620203
0.701431237437829
0.117003677891931
0.863746310890457
-0.619803247648707
0.0326381058467406
0.175308948622886
-0.142337754959483
0.183764574601003
-0.00532625845222055
0.0961732341255632
-0.771107305365969
-0.490165394027636
0.889836294437408
-0.418076579653089
0.356854056288549
-0.324013908447344
0.336846596443893
0.616573545848283
0.814341863849646
-0.479732999665109
-0.892114565024599
-0.421453617447532
-0.539211209927268
-0.0511724518402445
0.472487050959503
0.766291868156764
-0.164554239495554
-0.995161000839706
-0.203626140680343
0.116767707928536
-0.685748769089203
-0.739599144116276
0.430210649315344
0.685382707061958
0.406009646764799
-0.247235106353513
0.0248775372456938
0.509171684851805
0.313810531571606
0.286090386197835
0.512582535015744
-0.521503784024769
0.000808479496508456
-0.21532220167983
-0.00702612038714184
-0.00427076027842244
-0.634561364074759
0.265841608469362
-0.170929484411541
-0.181148038878897
0.480977431345294
0.793557759707906
-0.327541958775479
0.829872248520777
0.849844218638798
-0.884183010127169
-0.143694533111959
-0.879532805975513
0.802311018570182
0.149661020317739
-0.603040261734457
0.00578881120038076
-0.510779212147608
-0.213248558630369
-0.869929157331525
0.508685898170929
-0.407087987240932
-0.783964330104192
-0.613913203443713
-0.506318526289063
-0.262971163610471
-0.232458670415381
-0.0156747261699279
0.905618772047946
-0.391481421470672
0.913863509956638
-0.519520038861315
-0.408803505541626
-0.177147884806522
-0.200272674174146
-0.129307547429405
0.800942997974025
-0.923007668103034
-0.142561019566591
0.719667658757715
0.795135313123111
0.460938784849567
-0.772857846750764
-0.849845349715975
0.735159436871288
-0.0466551381223639
-0.867291399197641
-0.0762712894099072
0.914540364278681
-0.329556110653485
0.973362535077756
-0.896493249120235
-0.987833800753552
-0.981824060109976
0.763560611821008
0.869721315392718
-0.821250996919145
0.0799734278975856
-0.915344088476303
-0.145713859865712
-0.306131780901696
0.0553958969026788
-0.217061157453657
-0.991294201115192
0.574331078133382
0.555508014224208
-0.953340667923934
-0.643764269337308
0.978498002069375
-0.444829783475594
-0.0131997290134623
0.00230478046374993
0.731925314788297
-0.548099580855589
-0.50079136878386
0.701530387473244
0.549038328988006
-0.572121712891478
0.752061895765462
0.242318658244663
