0.128931619716879
-0.590087936456986
0.0871165213538904
0.839540981906843
0.436284752099305
0.388088599036171
0.385958643402246
0.235530079063702
-0.935519100661352
0.0634667284532245
0.586356238983419
-0.919054104524815
-0.241407986237661
-0.0551689706104884
0.13399160016792
-0.913865583397651
-0.881284980891493
0.0746413591150147
-0.427500251206517
-0.363103854786843
0.0836458190697663
-0.349910526235216
-0.00540124798633065
0.609845489942304
0.738556579396777
-0.00639013209773886
-0.609622564252302
0.159071975647973
-0.0271805300620391
0.0969391108238262
0.946532532577719
0.9109656316358
-0.486454004379444
0.67326912346746
0.375191326486477
0.575037574120646
0.628377385661164
0.411415048871455
0.507661802660234
-0.831838082030012
-0.540225459350028
0.861908648000384
0.378631404705157
-0.707339665213715
-0.800995237799108
-0.937030877602559
-0.833400909198091
-0.234046247897509
-0.714271609056394
-0.951038888347672
0.0274563665406254
-0.42562700026882
-0.878544623762669
0.13157291740346
0.974474714104021
0.648000472829529
-0.493291034521384
-0.232216827223008
0.312445891071255
-0.160931022447082
-0.00460970072944858
0.929892399896208
0.673170702798628
-0.680030357745643
-0.557360829301504
0.595137690449097
-0.367124483198336
0.408964563105934
-0.619984101357478
0.810517621267503
0.677112565526411
0.636899917886353
0.31211489189724
0.651961702498607
0.644845955212288
0.729591573379366
0.672775245045444
-0.40899751810928
0.102208153812873
0.670233841373559
-0.466594485234535
-0.106823440444804
-0.406383614226584
0.739927720377602
-0.877206415842252
-0.156356615844696
0.600534349792083
-0.546810897249741
0.201775478804543
-0.692729655606983
0.0414654275728315
-0.798131675727997
0.824563556094331
0.746899440809877
0.395750937160292
-0.0461676835579177
-0.376307846242575
0.841159713480518
0.681872712091083
0.269663376413489
0.0848380955664035
-0.530624999379334
0.192088805206974
-0.303555967534679
0.615875381423876
-0.0363374581242893
0.977450828291696
-0.736438437142706
0.700167370724027
-0.983881364589133
0.876027628716575
-0.957973405985838
0.351134672513651
-0.676694775890979
-0.106028205907325
0.441512893842447
0.26743350207815
0.684581630851057
0.826072431445242
-0.940113634482276
0.108674353909778
0.53144037392014
-0.420860307121393
0.201725218527893
0.678518575177487
0.658787400254413
0.142996212668369
-0.800356464364627
0.240951024126696
0.872780389095881
0.685930977952317
-0.978446790029844
-0.686577191522903
0.497033836619235
0.64501274426661
-0.580056183164139
-0.119895068414071
0.885203059255969
0.243126725184001
-0.8950329782901
0.773732382889016
0.831666183942167
0.210447456413595
-0.256154356291153
-0.910050792640429
0.337839388635195
-0.967459908282372
0.54477216188414
0.106678284002932
-0.142975902735101
0.953679543452666
-0.691743702709469
-0.902230790155018
-0.205606830846716
-0.073264702842071
-0.284911327400228
-0.8813883178795
0.786245352189698
-0.57534790054532
0.842459577450176
0.516405234919889
-0.884459520288477
-0.780121157202134
0.604148684859093
-0.601126886512099
0.60545311352839
0.655421055894636
-0.89042841188492
-0.0337523474462381
-0.119217818191555
0.315649650148028
0.607475078306494
-0.467788561125729
0.155934456462783
0.00706676057412741
0.666246654989623
0.84697472229341
0.775133759498613
-0.299348121693114
-0.300891481200621
0.793636211714374
0.0495542117720464
0.0954419765663384
0.664771056947997
-0.729880385658141
-0.790749012201381
0.760656328693141
-0.379026516611664
0.481043060308823
0.590121599428263
-0.384781856186146
-0.101662897033273
-0.810838887883952
-0.930827777995398
-0.286713912266239
-0.0920531645939356
-0.550517087318553
0.156679720109227
0.437245897479926
0.296004964821619
0.447139088712441
0.509747144430847
-0.897633560936588
-0.0253396371448821
0.58828958380274
0.232376428040968
-0.169580035117821
-0.868272209418163
-0.205424877153231
0.133361254505805
0.730924437866812
0.85252138582368
-0.686616664124
-0.464193881160103
0.259495399752534
0.0766490803688096
-0.661941347315234
0.868108104859546
0.374819568234829
0.445944781242277
-0.795859250693893
-0.63542285901947
0.936904957190636
-0.889313865427855
0.19725937778829
-0.0358831287121353
0.484700871647256
0.813265719963524
-0.890204478286431
-0.458351913112117
-0.86972696605816
-0.0895865323108299
0.513623466476146
-0.67499697211202
0.710437703627838
-0.417471073692904
-0.832824099643558
-0.830103022259272
-0.955589633182429
-0.975273033686114
-0.130519343864504
0.564892584389235
0.40702290197121
0.348200498887949
0.109885859448764
0.604817394015017
-0.727186793447753
-0.97816491229118
-0.381638592829008
0.265412015853181
-0.480323495980654
0.608491488940606
-0.933512625994662
-0.37817382065982
-0.257886563935451
-0.843103133410987
