-0.580617015342534
0.647211514161472
0.837455270316897
0.734834379428315
0.133213732979003
0.959942617304653
0.090403136415755
0.817109039578701
0.396817026316298
0.528386944288542
-0.772353919691206
0.716821590212863
-0.280400764060941
-0.308699951790955
-0.364541446916328
0.880501258869952
0.95586719832592
-0.380194995565686
0.0699069186888917
-0.892383967456984
-0.912523267305435
-0.860575303139965
-0.559934344965044
-0.496189605247473
-0.232207987289894
0.351142838082489
0.512773287708256
-0.987762725051225
0.664466856598002
-0.106177492902079
-0.124439151525123
0.770636670979753
-0.392348113151474
-0.835551840906049
-0.810166372883163
0.448274259252171
0.626679436720977
0.346228325994824
0.864664721858776
0.510365475799262
-0.627648858982715
0.54484833470576
-0.411830019315029
0.020380026221795
-0.795816899057521
-0.306410146303963
-0.513245745021917
0.979064830305312
-0.173496363945463
-0.827768394356389
-0.969178410761837
-0.862323003622476
-0.0337906189584627
-0.0906126471616829
0.701859946920209
0.284871577121086
-0.448233249529457
-0.582528445905209
0.84480961697851
0.729877329270686
0.265215126612032
0.395419433704469
-0.936835116425571
-0.415901317840289
-0.986196794143092
-0.498376677058711
-0.783757223072912
0.841440836337369
0.966409077810082
0.607862364328381
-0.803083581203854
-0.811312070296901
0.282868887141075
-0.520762445412356
-0.985902331935812
-0.0100247111369522
-0.709146055580911
-0.679747894847004
-0.464650231944325
0.761237338000521
0.0842240483763218
0.205534174038667
-0.196357174886095
-0.793245223626079
-0.557389423750056
-0.646902381293925
0.588292630943714
-0.266789274143131
-0.381630815935003
0.831287288165194
-0.913497862683631
0.212481899794571
0.437852319923567
-0.871257739400619
-0.66136633547418
0.764471161194112
0.851299464884399
0.160528577275079
0.324110912495151
0.0104012493543168
0.986960333427813
0.974955315037612
0.871785981762224
-0.0965472333424686
-0.529249044760922
0.183322137913051
-0.340879904168615
-0.996681793992172
-0.295975257802409
0.751642867311522
0.542817180043893
-0.0351606584971751
-0.862319837318833
-0.310706748942511
-0.356235376103866
-0.0708958879235195
-0.437695673484449
0.667848521388446
0.318678587367641
-0.493438712526001
-0.771841528308153
-0.271059400844053
0.651545176279554
-0.934481599527748
0.762653384289293
0.934550030223805
0.341591301339551
-0.445348540867243
-0.110872847823699
-0.353472355169574
0.0451949805468527
0.551509275451277
-0.783097951275209
0.749156182336644
-0.727281394219294
0.539062086591656
0.16081135320139
-0.814533572484738
0.753194019364609
0.909840170341706
-0.318294270218277
0.767390392486531
-0.360165989959958
-0.707888619506343
0.0866153364510045
0.672019502482393
0.0463061990878432
-0.504515416577521
0.769714448166711
-0.86208435586134
-0.982986857317489
-0.399830013984952
0.965103114920094
0.648518437168144
-0.342734865517277
0.364726625409718
-0.845948553455841
0.561281759967302
-0.103021394269109
0.469481692303723
-0.299253069938272
0.720262554950634
0.45520955953365
-0.365482694568679
-0.318622200486191
0.0589073597962131
0.83051151747037
0.105788617864295
0.866585254109433
-0.115590828421967
-0.0488167079914811
0.953455276229678
0.323722081977058
-0.582015255925412
0.756089475826047
-0.458208836651455
0.644775182109523
-0.816595955397658
-0.480462465401041
0.761646555675122
-0.162305237527896
0.259019768364402
0.723832906612877
0.682953668137164
-0.0383872270028987
-0.31917778875872
0.574672439104606
-0.0432200663278131
-0.498659255881901
0.137290520508201
-0.306960814425427
0.392779329325911
0.185555626421818
0.603334692778439
-0.814205279549972
-0.96700733778258
-0.63295246792497
-0.691877552158739
-0.497819305290165
-0.0116470460281831
-0.0925485380392804
-0.981019647292681
-0.543514558599077
-0.965334837266433
-0.0695528126316052
-0.176966007749572
-0.259424735527063
0.890587306655884
0.145796153072226
0.00829278432008413
-0.0538025593363103
0.819659082731678
0.923200953830657
0.342147852796455
-0.724754734678926
-0.202769116460821
-0.368732581568627
-0.440387295644361
-0.963745537270005
0.438284792916893
-0.0347257000793104
-0.914602526628696
-0.639705396824702
-0.898767453777245
0.0541994237499524
0.00412707626500881
0.145535985511333
-0.767711467502452
-0.241764994390208
0.934250291232958
0.77802414067792
-0.116509865745853
-0.797587805418978
-0.230859301073037
0.954902230834041
0.163632663802782
0.138267653788674
-0.907127222626608
-0.879289248947154
-0.571450267069446
-0.663452970932874
-0.0740201167358695
-0.268983333555184
-0.25146988742479
0.700371116551717
0.740646328985943
0.821311486178356
-0.926317412134468
0.276158345096277
0.866202487548077
0.956336851332785
0.864743503788949
-0.964047659046295
-0.580239839810279
-0.844384028252902
0.893776293709243
