0.497211126148103
-0.970833061977508
0.923047925252845
0.036050085907575
-0.859036004576456
-0.989882436671312
0.683518098324108
-0.484925715695234
-0.736476611949598
0.680991519493463
0.478675826034811
0.463458945048904
0.22261919319941
-0.323914229877729
0.763006335808813
-0.15278962766176
0.398492701207415
-0.315004942940099
0.780816149542979
-0.22388821341154
-0.665648575783269
-0.0663552846899015
-0.888529330121316
0.776943696389208
-0.301229747824452
0.0423880495496236
0.366485134305457
-0.651622589265793
-0.542161989405387
-0.0756959111242013
0.622099109082212
-0.603134489527908
0.481861603225055
-0.115474842906743
0.58978247016076
0.427559725339897
-0.773191726851878
-0.752346085229671
0.632936225536693
-0.511124923126367
-0.123947162715869
0.451858131702869
0.156113789113915
-0.0418773883050239
-0.0289315219706459
-0.709252286826535
0.240113117945937
0.830555343480752
0.391071787317823
-0.831906144334153
-0.0380563192090394
-0.812571165162039
-0.527179711046928
-0.763879814657278
-0.849049019657345
-0.302673117845381
-0.966609208289638
-0.885110685410586
0.16129368060221
0.859422654309736
-0.583186408171414
-0.927178942408959
0.5952268647722
0.891506328682627
0.722801451194154
0.569688568428695
-0.232548982655048
-0.704862659184829
-0.69865527984526
-0.244912451648089
0.28358528946799
0.117789549968082
0.690905524012691
-0.963685966921989
-0.688906621676046
-0.342469710988043
0.51032527127912
-0.0750905887336961
-0.0636905743664271
-0.514809890771719
0.64338796770817
-0.161999701969598
-0.0398818339073139
-0.946995238753592
0.322442950461042
0.701189254827228
0.0664196234178983
0.0893071177912618
0.339380098119477
-0.32550790472308
-0.297262776291807
0.0601781847346348
0.067736219036031
-0.0373535088971928
-0.0121708189370055
-0.88478887721614
0.488769169936386
0.985769849564021
-0.267369273754494
0.821796705215483
-0.535931519246722
0.687811486286678
-0.636664902272406
-0.12174037506235
-0.733090036940185
-0.710902532366027
0.778403729388945
-0.820347453065053
-0.918302955285112
-0.132919580602313
-0.0194975389946096
-0.967562655048008
-0.78217665819832
-0.488088415764657
-0.16366830182018
-0.80304281042069
-0.638045087206623
-0.261797307250268
-0.0982173180564405
0.259971439863759
0.336904211781942
0.252826192124046
0.998603952421011
-0.991507211445604
-0.918046017033065
0.273921023515857
0.669097377498161
-0.30420356200266
-0.900169832734769
-0.9514005022854
-0.39707605245726
-0.552091832556904
-0.930360573510843
-0.826765682484981
0.0697067087667338
-0.599002192156239
-0.111455920149631
0.0452320232491948
0.576606824808705
-0.307977593110278
0.414218452583109
0.390004064609602
-0.689801294857805
-0.517219849261182
-0.443096817594409
0.27717183404054
-0.61101992184177
0.91557968348449
0.862491608218299
0.497591057700491
-0.632331161219463
-0.91542373418693
0.12101777961694
0.324947741138593
-0.875870329984969
0.202527188611293
-0.791178168876939
0.466291706589235
0.64338536203765
0.932208881678717
-0.692420426393325
-0.421531917965503
-0.218006886760389
0.915989347339772
0.810701943799954
0.632552494788073
0.235049274084096
-0.496090819696858
0.715472389740827
0.477626506759515
0.636619155510748
0.52258195171981
-0.0791445045048952
0.468896877847523
0.871278133863944
-0.632656759524208
-0.364366080347663
0.375565124457166
0.646181448568137
-0.0212313408149526
-0.311578909303415
0.308461125911211
0.11510698998659
-0.522832685354342
0.422371461685022
-0.0299553037319152
0.790478086495418
-0.617438260613235
0.213623299248232
0.350345408044633
-0.165749090471255
-0.077832450442404
-0.26913557727567
0.371824371880506
0.489924474111113
0.438434009932464
0.0828124876925065
-0.0217013596596161
0.443999591509827
0.688041281980225
0.516475172392945
-0.881772989814658
-0.208018432992517
-0.819631050230857
-0.843701674500409
-0.139516996970971
0.527344593732555
0.459406514370719
-0.865987046434633
-0.871918131419277
0.68344696277811
-0.565130384040204
0.389589344998195
-0.26351900357906
0.162518056644569
0.827703228697338
0.0662083675598838
-0.937246627080761
-0.347480849159484
-0.981519157190581
0.350143751131754
-0.279336141298851
0.131259855208483
0.78887531575259
0.684191687029089
0.782297525459077
-0.410735489900778
-0.611551244492733
-0.238786650324536
-0.130450485696833
0.318132346198608
-0.0927045195279698
-0.268761925763509
-0.529236607915571
-0.932841841658206
0.481006309246261
-0.718212972773715
-0.449675428246902
0.970455406118831
0.470997027868822
0.721288733634824
0.492273585612531
-0.214204841342648
0.0538790630489926
0.756717174139607
0.446342117968846
0.810722505546672
-0.729443644566447
0.627669666733818
-0.724582413878909
0.391810858882253
0.994662820980168
-0.0988266776231211
0.0147519549010573
-0.869326599369765
0.147574824600177
