0.0486411398240061
-0.850329316066334
0.453080349229041
0.759511755623927
-0.291490287753517
0.0636119574018675
-0.669617925465599
0.282909715392272
-0.332815525191292
0.190149660017199
-0.89163658322327
0.654485780574699
0.117870470145483
0.909102774386018
0.947955445623142
0.147620154246774
-0.679260756335648
-0.6159818250969
0.107655320995818
0.190802953339369
-0.486633231095913
-0.463895359296048
-0.990124497972133
-0.416553160561705
-0.960190306420351
0.190766871413978
-0.00515933677117181
-0.717702952423223
0.44073621748882
0.668982594563929
0.340635198356139
-0.288249839157631
-0.654408679676014
0.93343878163236
-0.141201972742766
0.198717368873069
-0.446161449802268
0.699600555640444
0.152848373247421
-0.929963280901791
-0.659951277048287
-0.60831666975679
0.6651282962535
-0.625184502078323
-0.824044039620425
-0.952984838890468
-0.0272008176932644
0.00348476574568571
-0.283483698465662
0.540983928092888
-0.955549225491758
0.963513188539164
-0.961921605167785
0.234344468696299
0.60949140210938
0.588425546414889
-0.207777662192663
0.214160499169046
0.665062024346974
-0.468831779068614
0.170425573753607
0.506962263027972
-0.286742558336046
-0.597798984569608
0.684677185625443
0.143198023536281
-0.766873233841684
0.669996393552743
-0.977408093459143
-0.654855659276711
0.700869196067008
-0.334674559727335
0.223544444152784
0.0272966026673567
-0.93241890970262
-0.304880598718206
-0.1285040472119
0.860564708509934
-0.205097711441807
-0.702188304749246
0.547943131567058
-0.250546449144302
0.0364684288461559
-0.995707424894796
-0.544610281252763
0.457135718050047
0.879079037532295
-0.00834544591282342
-0.347515181280506
0.793507314696022
0.151613721585848
0.151558615541064
-0.462393824798773
-0.405301052765467
-0.368489475661542
0.748996237825865
-0.575754152955308
0.785092547938732
0.316682931301991
0.721780455934952
0.730576018806102
0.252482080236244
0.367954102928058
0.585128054677707
-0.287856638728449
0.794775346333304
-0.863110833932902
0.95337002522708
-0.351332178959301
0.157477597080263
0.934956885778687
-0.394055609688619
-0.280690014256947
-0.326789507298293
0.189259056356132
0.654319044644482
-0.789374136779046
-0.962943029256262
-0.536683956265915
0.124320859921873
-0.734054611575105
0.519115300958112
0.251517259745573
0.840955409527666
-0.477774526552454
-0.679850618499443
-0.53231131544852
-0.536407289486391
-0.0701956368003566
-0.721509586821363
-0.432758673694869
0.29588276946816
0.704967697858973
0.123686011140407
0.467566025553473
-0.769780901460268
0.851894155634005
-0.637733451372363
0.954202181078563
0.533219937260696
-0.818291918187992
0.0102369127838357
0.0173295397940227
-0.255886767362095
-0.0482038927558818
-0.585139840411067
-0.520754784322802
0.057465248224598
0.636461247308155
0.192948134828354
0.267518192602241
0.959330508136443
0.645431225512091
-0.432943634040082
0.296927717566055
-0.278259089864817
-0.455721783623632
0.0293138270144485
0.918476295363241
-0.593466125224228
0.168513009479352
0.599545609920457
0.419388613090201
0.810395184397303
0.945689158572137
-0.179930042198784
-0.323645862006769
-0.799059806446348
-0.457168204530769
0.860430099305192
0.407306344965125
-0.65063682378525
-0.279298923176331
-0.954439988817137
-0.648478367255667
-0.835064699367565
0.823780660567276
0.887207800413685
-0.207687533515653
-0.907096253680472
0.0146129926024802
-0.820100352720106
-0.365632329685359
-0.295980084695921
-0.00931480167180003
-0.0424027784675013
-0.547920143245157
0.544149439999157
0.333692055847796
-0.374421489102597
-0.596335052731176
-0.944640811478076
-0.679076626089818
0.0687656394484514
-0.189675577472684
0.930836933258046
-0.22139933590667
-0.987468278355811
0.751154047584146
0.263349400837158
0.353061898687983
0.0509561776892242
-0.659871832546483
0.552305571816233
-0.61353056788594
0.477231408989168
0.416583289352861
0.48661108714134
-0.53592960030637
-0.3046074997262
-0.047786652572347
-0.595135506240382
-0.298754117625875
0.0946490588563471
-0.35355840049031
0.701252363677901
0.258744107005259
0.966057535760347
0.188167545859119
-0.94844370636391
0.355800989607271
-0.158233828452555
-0.438814533252772
0.526269302691684
-0.0283602201766068
0.963402533112984
-0.971129123891461
0.281522062253584
-0.612622718070622
0.639648852818718
-0.695020617189712
-0.839347196141977
-0.441512913639859
-0.447090823847113
-0.715999622641046
-0.0387374694159317
0.576508939523084
0.861851958922146
-0.420951753373252
-1.00442794364271
-0.84819902262587
0.961143418939604
-0.909853520306067
0.462289184087345
-0.45338423814647
-0.776319480724189
0.207379970298651
0.435987494769664
0.1516439855977
0.970069091778846
-0.990407771649765
-0.919323081116782
-0.136928315246724
-0.00156384515654681
-0.516609774947284
-0.490583443136687
