-0.795908187743792
-0.710792417665705
-0.350904261472865
-0.521204329720569
0.378190290414291
0.147036251046674
-0.549191915691773
0.32143286641316
-0.812297035707409
-0.320522391512676
0.160461576323271
-0.257886534456562
-0.91316571430771
0.0722699607265305
0.209122127459858
0.534416810862623
-0.106243580256065
-0.13123768563787
0.447211305786441
-0.866862057908963
0.920174488236583
0.826421574558463
0.627638772311039
-0.874663192299717
-0.262958140739153
-0.73819872265388
-0.373081219457376
0.896259844138001
-0.503145196475496
0.982345173175894
0.197829026933598
-0.484729191642442
0.322055871615644
0.467853484929883
0.190127403078465
-0.336353784605465
-0.252255829414673
0.045213211981147
-0.497277389852131
0.565454495068054
-0.666858826393357
0.882342095409422
-0.283891350691358
-0.754861924127277
-0.179021422399915
0.160657347339575
-0.377419207276926
-0.0986483071856979
-0.943286968697022
-0.193644040472565
0.11080410724372
-0.546008971011553
0.452468636603174
-0.0770392406850462
0.521195377788456
-0.65719572913672
-0.608021431367857
-0.260599171152616
-0.136848063732615
-0.961480505973754
-0.22278768631165
0.434459067528786
0.35503825505264
0.540715542143033
0.236832241692648
0.47537119402782
0.137638397279128
0.0311468747752236
-0.206776864979239
-0.674542513190769
0.288829743649129
0.868642633717585
-0.216488536080338
0.897307561168792
0.46338939356758
0.17993686114224
0.421805871926406
0.663298711271281
0.969404516021413
0.509578010373662
0.723990243815888
0.232217558362031
-0.810308970154551
0.00409664519237102
0.129307816310148
0.0173357460698061
0.325437388659039
0.409358719199776
0.40669869102435
-0.933584545652354
0.682558618101231
0.0403317415033937
0.0763985206497488
-0.597565429699578
0.925902236145475
0.0474518994435762
0.111985108803289
0.544059918458421
-0.95386549719237
0.46818264050524
-0.522589232169206
-0.138989709532098
0.0886481562466142
0.447608203600914
0.743152321385644
-0.32852485479919
-0.633294898100194
-0.301968102477488
-0.286332343763534
0.927995147415945
-0.515724889885907
0.742771610923785
-0.787462123077624
0.397747988897485
-0.552429068282419
-0.420888018129508
0.641278782796196
-0.346438615895896
0.364309040820179
0.359146143515942
-0.457887078146559
-0.480240788082012
0.618001720429863
-0.570684087145502
0.407822330881241
-0.224677526519545
0.812005588139034
-0.650007085290702
