-0.630616398742481
0.807354144712496
0.599190135133687
0.79177166358933
0.997622964208939
0.474788258148726
0.416350447137012
-0.5103810182304
0.0198530115617915
-0.758218534212277
0.479469654985104
0.0539462503568748
-0.886457579997513
-0.295985767769048
0.325110087194754
-0.703976570132585
-0.462778104892959
0.0235128005937486
-0.311763973382997
-0.859372797778743
0.877488506408103
0.878700541523514
0.225365835932481
0.148261081208956
-0.505050543658784
-0.674817658301657
-0.493248068196868
0.404670098807195
-0.30521075431321
-0.456391592818199
-0.476537050663829
-0.598574269687262
0.566303885972917
0.142873553273214
-0.288812822343389
-0.273298247693843
-0.307637748767836
0.761200429484625
-0.805461183441806
0.428610219121831
0.745923198566885
-0.99677807637025
-0.476530480166264
-0.891138494994508
-0.894168525915009
-0.809668994275802
0.978477757836225
-0.728887679313055
0.744155407664061
0.55837300091904
-0.785045747321143
0.156132672820505
0.617172995309559
0.144470356734224
-0.264506211402177
-0.549151224141749
0.790900698506575
-0.244520538089346
0.736217808201797
-0.418855447492922
0.258507318050456
0.405743374501276
-0.876109553449654
0.00818651636674805
-0.71167474024834
-0.473822007063035
-0.839284781663528
-0.439072098137484
0.44444058570504
-0.107805173589982
-0.506520710647808
-0.796078324334836
0.343462356778103
-0.268619977283368
0.721114209959874
-0.605571137208767
-0.408678743645283
0.0798920565153464
-0.943239282746261
-0.769074322179497
0.616941676232993
0.255880969748362
0.41633979327386
-0.127224286865694
-0.202249339145226
-0.702381955708914
-0.629870913860266
-0.296082215432218
0.492328744227353
-0.627510283228417
0.074347627063053
-0.250878486918887
0.0839586857715268
-0.418082595851788
-0.0160790525059647
0.671777391410538
-0.234444181204645
0.592265942572247
0.771933030711013
0.99125439772413
0.998568042953247
0.821644559793173
-0.580927544523495
-0.816731108484298
0.0489164215713413
-0.128410490143068
0.124143633966871
0.102009380809632
-0.6484741599632
0.691963642147249
-0.152457219809253
-0.888278484779616
0.768070110568516
-0.649763814661711
0.818153621467537
-0.228936970446303
-0.930487622948197
0.898855076125229
0.376716728320564
-0.381938335063044
-0.980816646790641
0.73379526255529
0.2491453855154
0.709862576618916
0.62213648601231
0.077367693118287
0.476231454168937
-0.503051462219231
