0.542795085451605
0.960166699276739
-0.911556591191215
0.296621905464856
0.182925426272651
0.80992255860214
0.712448115268574
-0.198011526334449
-0.29961089343698
0.808027610665778
-0.443091357593238
-0.82653477415321
-0.627099912096876
0.723770805399928
-0.356710843157503
-0.179575113122228
-0.18499016617151
-0.766069932758666
0.00482765376497549
0.129633071395031
0.258394067901227
0.715025424245392
0.271090510441464
0.36637681541541
0.849749931016759
0.91255775304157
-0.0661978409680524
0.403133128227871
0.318931906238732
0.509125214694936
-1.02568716765948
0.38622085142157
-0.166178026115698
-0.00246837723718673
0.536937514211077
-0.984507209794669
-0.0369286969620138
-0.552483000173456
0.198926734075016
0.139776263238389
0.56406607978758
-0.75985622027317
0.34033188152952
-0.72032805138529
0.893474074823398
0.212704390902708
0.101036640116427
-0.692493041320997
-0.374474019218212
-0.502912114947053
-0.595170477382956
-0.792925091948249
-0.853211512093804
-0.0855144125094177
-0.35705538434469
0.689132805122782
-0.564952320660779
-0.677522238777798
-0.565101688721138
0.365507452557064
-0.72014726542025
-0.477192774641537
0.995908033432648
0.683087724241383
-0.259538781709637
0.894667655429065
-0.465425625491641
0.14198375486817
0.79410013965223
0.194201599906703
0.666012023176576
-0.117322938296788
-0.769579841627002
-0.0734102972695633
0.740685836691917
-0.870128543882228
0.97752381852924
-0.682528545398745
0.964716951722161
0.699776217537365
-0.845429180068723
-0.710213234545073
-0.977490133841556
-0.143645009186967
0.139193039156539
-0.126766899255555
-0.873573594849762
0.626636892640128
-0.969506466493554
0.224401145782238
-0.0157603280640692
0.2153698208414
-0.670483998797538
0.603784377987401
0.226837364310074
0.818320929503605
0.540725042010077
0.351266580370487
0.561855944552726
-0.10110183930692
0.834771676189347
0.676278610333811
-0.532072621850656
0.507819185420115
0.853350290701768
0.63041108759772
-0.385665192111551
-0.189154421291634
-0.217371484353548
-0.870595155154368
-0.388090586799684
-0.298665434509559
0.385236153479148
-0.162542456789708
-0.267902074037824
-0.102900753035417
0.193875424866023
-0.690978546546854
-0.318522083990019
0.572212070202561
-0.898696467999219
0.964546443882724
0.324710047765804
0.419774643275986
0.944866593345383
-0.747797410940494
-0.81395098737334
-0.606352578289464
0.513747306751012
-0.373253097091438
0.805774131276591
-0.86164280064702
-0.708470750752596
0.598873633739365
0.773037472907935
0.78567953496256
-0.974442105733483
-0.0182139333157996
-0.54196223328492
0.0797435657821822
-0.603238053615678
-0.251859844963525
0.834710667313029
0.785239634069589
0.70394749854082
-0.878505089447257
0.639037067218795
0.0846102132896957
0.870447251237492
-0.292896513714784
0.737527803088994
-0.230227086665669
0.116240612471972
-0.799458548096296
0.531030687882605
-0.900173309879004
-0.243074703691713
0.14173020446129
0.0851997843765398
0.933353140610546
-0.257881260836823
-0.558191121600962
-0.731996267236525
-0.678532402216845
-0.884506492933965
0.672122269162193
0.445616595083672
0.614421150413033
-0.989294723870709
-0.956285906421221
0.751807446010876
-0.402500308127799
-0.574956563654918
-0.243325219097014
0.798265209406434
-0.0301748968304069
-0.0982359267474278
0.724139524299297
-0.761183209088602
0.0906018385600043
-0.843696659979856
0.685282661738274
0.723377894719738
0.0114834108855093
0.388261907882123
-0.25885876967229
0.565180433288176
-0.727591652076339
-0.218345474500668
0.219511472731411
0.438445305947489
0.942627775877514
0.467754258265003
-0.128190103838952
-0.493318375629568
0.968515179280069
-0.936269984758157
0.630252809039423
-0.0248191656285966
0.640866297581328
0.698582257635018
-0.638019706333132
0.190759681423352
-0.0349435551121322
0.401865786568235
-0.719814891194573
-0.550992078212956
-0.18816786217748
0.30812604168128
0.189521670858997
-0.152969127362361
-0.215029928766864
0.308574976547257
0.391665609050753
-0.903971897983422
-0.0674025269456912
0.277910409628289
-0.0434788187149897
-0.121132551916741
0.392179400609943
0.846340675180135
-0.803311382423559
-0.434383670525878
0.388324011703962
-0.230722190288025
-0.0569306621876537
-0.789462173726676
-0.525298511049441
0.760654532301267
0.265855480777103
0.924752138445098
-0.783818592882306
0.726111475539305
0.385234089138734
0.569175435723418
-0.56448000428622
0.885916812318607
0.0714885424415178
-0.541264212926092
-0.0510267135717067
0.623081838609869
-0.185868691571806
0.54261196577173
0.851783198291438
-0.583323857270097
0.534510345594428
-0.302602637837047
-0.91632348734906
0.180832577615664
-0.458048602236097
-0.277309414481405
-0.571289465449548
-0.787417186057955
0.397369766759185
-0.923775216794261
0.159886533296807
