-0.0344247742106681
-0.340132430285419
0.829346912905391
-0.383472494989361
-0.347368730593113
0.868182103467018
-0.482013091660115
-0.45071459570726
-0.340032621749544
-0.0759577226260228
-0.391170751261683
0.989528018305102
-0.688232010492033
0.213907042768081
-0.970427959438943
-0.804068067446779
0.666814788932882
0.00436716162318471
-0.109858717473855
0.690894550075068
-0.323000522076674
-0.778228771536274
0.203306005558233
0.108267435520289
-0.407848995568029
0.776475094283464
-0.301692282533405
0.594702933564123
0.329554308463198
0.134545380364582
0.283121119350453
-0.921861333424809
-0.25601339689933
0.397334925218619
-0.647020766493584
0.49782828515098
0.34596191103259
0.674515987760441
-0.0270205754450409
0.702608041994152
0.444862321512306
0.91160773752891
0.0432424756694234
0.358240552711662
0.463968505044842
0.186843347465838
0.744509785915082
-0.674114468915686
0.767592190687089
0.931781239533211
0.56181079092394
-0.681803562707319
-0.906207661981762
0.628692374229668
0.456553841701272
0.0115869611286097
0.158956419704621
0.666036408288561
0.181240263346434
-0.239766646753012
-0.161449380132126
-0.991951930302974
0.417971073021194
-0.638825567424479
0.397842562097979
0.965518477631048
-0.155561338859902
0.15105627980356
0.29088962565514
0.499754828267119
-0.89786208939008
0.530576412701387
0.862924865185138
-0.346127051585798
-0.922451110783665
-0.594753302770831
0.541325028537641
0.847285547997592
-0.985118831771225
-0.220973788993396
-0.619101855947825
0.511738772297777
0.879399144962002
0.0492440943656322
-0.0888720465835982
0.340190476517767
0.976910229336097
0.646058986033736
0.687170135027019
-0.631061928390456
-0.309423285929489
0.0136679470935609
-0.639882298544678
-0.0483745039857088
0.490284804610047
0.917776124183922
0.702744199140578
0.448325012285981
-0.411783837720379
0.346352672157343
0.877080968783688
-0.551547154855836
0.536420087866492
0.673435277589861
-0.889175504705287
-0.825606929946707
-0.591404545518051
0.327472251431382
0.289053366632843
0.48785521149715
0.582353632858463
-0.39144317274823
0.89337868273728
0.143322961144113
0.955588805818399
0.97365856311666
-0.921661628805011
-0.552611891373397
0.668867279992568
0.883882508898114
-0.751303324093987
0.670398106039004
-0.895588782237099
0.126787429278436
-0.822245916483029
0.735977608615528
0.915825385144135
-0.744696915229121
0.525569759520481
-0.199142352450489
-0.0369931027955567
-0.90475635540433
0.307954174859199
0.184990644617856
0.0818991397362211
-0.200217981030914
-0.375284512185884
-0.54178557608714
0.97425666134399
-0.123426074261111
-0.961412632978873
0.659789632015667
-0.800794804765048
-0.342095022868014
-0.165001829390243
0.0690970941540075
-0.410118369475359
-0.721965272481467
-0.599846137596091
-0.451541343647864
-0.607321458628385
0.162609395245256
-0.550762513600092
0.900264720458013
-0.962932644529961
0.833979053882529
-0.554848158862466
-0.479407383027395
0.740509957960103
-0.287461608147599
0.939157897772216
0.0257088094810345
0.20709940768503
0.649322210402153
-0.780453527661674
0.714204007030436
0.577901833847773
0.31836147041202
0.623062717884019
0.877703665248511
0.247140165031437
0.475496000663196
0.669998486290581
-0.250226037486047
0.774087833609984
-0.973707095796612
0.104423515901787
0.118086408725193
-0.170612352747501
0.295134832285611
-0.624671790607851
-0.81594786405178
-0.863640791230643
-0.210091601870689
0.162640060951259
-0.256469072326443
-0.19318440343287
0.180029454288169
-0.335622690195068
-0.95781042460402
-0.58898989816467
-0.0416997747634017
0.747916729451914
-0.796835496972158
0.401972758358449
0.57675096141511
-0.130416066736744
0.987417666262693
0.22830227774227
-0.365648551906297
-0.644111820618417
0.386451390683543
-0.107549930676243
-0.400079900535086
0.882458319007203
-0.594013911019537
0.38557319343655
-0.426003604495263
0.508318498561369
0.442908247041152
-0.871064479555667
0.38613490989945
0.753078127086069
0.79167971991304
-0.154850026955948
-0.332993856851404
-0.144675434083901
0.513674649227056
-0.0247230963188641
-0.418745447000815
0.979109440953063
0.406586310714867
-0.176541640949954
-0.686234229859119
-0.878966020739809
-0.622468240607404
0.320021593568204
0.154472121298656
0.483825509199361
0.0029363225376561
-0.937527656940456
0.897042802115393
-0.225486356617044
-0.549163499261409
0.968426564247489
-0.207342587091016
-0.342947000080783
0.410365408023924
0.570688936814738
-0.570248567890113
0.297226104293201
0.17149821705276
0.0884240374704401
-0.558616322348329
0.41206065876626
-0.840945991454948
-0.288886067480638
-0.844399765620993
-0.149963160304016
0.645489494716827
0.751192054630943
0.518922606873699
-0.728775612750241
-0.430211132456044
-0.00758278009475973
-0.70523200462441
