0.424549541665474
-0.727038369236439
0.597999523937074
0.884332642288884
-0.170015518077804
-0.380924947491062
-0.608212100564596
0.498381262708951
0.685148828218234
0.606366790782157
0.820429433973876
-0.233385555989576
-0.331393083868373
0.947567384025555
-0.231579780814292
0.958053485417756
0.553171888092191
0.700024002660767
-0.792036305639566
-0.375856964118268
0.879705956306392
-0.249371595670171
0.877655227351112
-0.502797620980372
-0.0781491879183084
-0.161210641039623
-0.823568048092509
0.0305457990710057
0.893975531299745
0.703176564550696
0.467317574689216
0.768540635743028
0.433052762220147
-0.401641029432308
-0.43347063018557
0.0828696570167261
-0.0539034190877784
0.67800863213433
0.520064049389757
-0.971735530031021
-0.769208486045318
-0.604090142504798
-0.517763722461868
0.711482229951664
0.669355571154158
-0.814417550424969
0.536469962508582
-0.112582592972505
0.641563124861498
-0.481573256211097
0.745081454646326
0.323670728052398
0.450168397485288
0.390896313636431
0.801472209654596
-0.601279151828695
-0.879567105744731
0.0865841856367999
-0.748730425453561
-0.632739529127792
-0.771825492576138
0.511043035830949
-0.32291166084279
-0.0231797106003888
0.896693442030542
-0.0097330865705888
-0.4602790658864
0.248729190675529
0.780308107354893
0.563479109421678
0.226188839712096
-0.6638343228219
-0.0458304904649687
-0.0787730966702056
-0.104957336522341
0.464382965503178
-0.865608709452299
-0.890996662841719
-0.313392609110757
-0.089127778973963
-0.669882706475348
0.299270288262875
-0.523600444511885
0.766611079321607
0.705887782006309
0.033028013909194
0.953443577101148
-0.541735368641647
-0.404632378188085
-0.0035711851142939
-0.139345727816575
0.803954386389595
0.719544570364934
0.609902106384965
-0.205109786466029
0.701312029711117
-0.955764276749251
0.65915517314122
-0.81219201652164
-0.604455416799408
0.119162666255268
0.219711943641863
-0.358986324850745
-0.678053842046649
-0.484749998085726
-0.182636186159998
-0.283400252562322
-0.7422869520565
-0.93431609811771
0.536007868439382
-0.0136816107575001
-0.27110874693489
-0.301813722419663
-0.0984576821199217
0.422835283621526
0.686894419998987
-0.551825021082152
-0.45834146798307
0.660290598958401
0.348708549516423
0.426639766858661
0.997793382870002
-0.764102576765988
-0.418080271497966
-0.514217772053619
-0.140810834977418
0.187557935565795
-0.582877347968833
