-0.471936845948606
0.479908160983815
0.428018977523814
-0.986757216585344
0.534106919155102
0.920904703925328
-0.239756380382286
0.903246309237438
-0.490411149849809
0.52462736671654
0.203612350636769
0.489423201510575
0.538620338824092
0.549260161495239
-0.655848667349139
0.277834234198352
-0.65828166287324
-0.304296660713472
-0.17518989849077
0.140692725087788
0.110114660012753
-0.694235190514285
-0.604161504364171
0.588210082249047
-0.791774365717716
-0.61111234799673
-0.868504540181661
-0.116151816807282
-0.224431169087696
0.440325519540411
-0.897219331370665
-0.886143814549654
-0.23069374283002
-0.356346530219463
-0.654774394887002
-0.663742460460839
0.9776886749387
0.56883751810997
0.870887884540348
0.413126095389934
-0.0249652519893984
0.510019382245836
0.976222564075378
-0.094876679709539
0.23089835107631
-0.227728145602135
-1.05645362693401
0.566033675912123
0.957175611099354
0.849449484689088
-0.780363017051183
0.132224475669649
0.118104831477653
0.0715639330598618
-0.0495424167291888
0.459017859333777
-0.751485300442949
0.512699035625248
0.995417253862163
0.441289103478711
-0.837207058179377
0.342534324900447
0.0358138187585205
0.806409794673526
0.25435749463095
-0.755657854821719
-0.262714342667924
0.629393632465502
-0.829388304736338
-0.789739456149749
-0.759864365742827
0.675228671388553
0.126826318424432
-0.738420105553416
-0.646001158858746
-0.279826886395464
-0.425280572112133
0.108174705307085
0.364024449770894
0.335462259750368
0.475843861220569
-0.234758623243881
-0.676713186039516
0.158818802041657
-0.377903137667441
0.281509454612344
-0.680982475276601
0.944851927335153
-0.816789812509433
0.804548221445953
0.0812047444821231
0.0157360449165965
0.588416169466719
0.66770204444005
0.165234690525677
-0.610407254868484
-0.795102016563659
-0.868210397923679
0.361751142150399
0.473804093900926
-0.976060144068091
-0.299300614604565
0.918157072281359
0.921305793195633
-0.0698993697898253
-0.989500968924266
0.149223989132165
0.124805410752401
-0.333009080458218
-0.914237242141083
-0.0536530045335542
-0.871602665773569
-0.404952659285696
-0.126331235061458
-0.404277571369185
0.265448233622103
0.483383299323614
0.538611749855834
-0.906325267008322
-0.0594840888373979
0.999409622056706
-0.700296564350028
-0.447857018414572
-0.822752507337652
0.576425656498471
-0.741719651973919
-0.947573176252059
-0.388888541354776
0.351331066445234
-0.750353936748561
-0.548583356418567
0.526068884561519
0.305893387604334
-0.386042547234718
0.547877060305936
0.204750162617936
-0.386674472797985
0.809829796250196
0.0776687171340671
-0.933300622476196
0.767486218594052
-0.0842093273276533
0.900046818876916
-0.892146856438078
0.548137756667751
-0.925398287605187
0.368800283918135
-0.130084962162153
0.521013241111274
-0.998568107156442
-1.00091592031958
-0.362902461848511
0.105385957629314
-0.399740697106885
-0.874614153306021
-0.632503954346312
0.036298266170141
0.545290663648539
0.605271195150065
0.958662984546938
-0.280463627512384
0.834732184514179
-0.632982128124128
-0.257407967166521
-0.0225947393535109
-0.179476590740612
-0.62668403002638
0.739692563458014
0.427803934442073
-0.837781078244915
0.765096005461166
-0.576852422697724
-0.121047511647646
-0.184763530098903
0.241292030023051
-0.943567908893134
-0.67621073383262
-0.260766289977245
-0.606875642258221
-0.814430703606244
0.700434661133845
-0.404871936332677
-0.664768298127149
0.862536580133999
-0.479983505158039
-0.21638653848049
-0.29973853102247
0.842527030839774
-0.991667431296268
0.0221223823499171
0.0662113339138671
-0.523759640377065
-0.0923819373679557
0.143195563657737
-0.74864480365003
-0.541110947336279
0.637125019112901
0.316390846811304
-0.0152522997327342
0.0855076414580798
0.377494679525808
0.18836678933246
0.120139759709415
0.155465115698665
0.514271857330464
-0.372916844343303
0.0319614422899153
0.472786338079263
-0.851921099838564
-0.085055024539712
0.0293529274741608
-0.283850251291775
-0.473971266149851
-0.807211298388409
-0.328181427021018
0.803579252233351
0.290744024262766
0.116355486270688
-0.48034561926862
-0.890128554354129
-0.339894468728015
-0.034066227574827
0.795195324817278
-0.394576958910378
-0.0953132284091809
-0.759190046262835
-0.00667314911923235
-0.19869896782674
0.284511359519358
0.441250523727508
0.0158623741976011
0.250557474218507
-0.0900228296402551
-0.0574133923604465
-0.461898782909336
0.508172341569126
0.108461974074017
0.362552790022142
-0.436147976683048
-0.393788915441036
0.330851012801292
0.50152971087121
-0.0517780053028421
0.870311153431706
-0.0850235091760515
0.446323920684049
0.287727004299028
-0.330316918713761
-0.301634102123896
-0.584692534861354
0.419303248916612
-0.0627893367620893
-0.186470117051958
-0.760306122621369
-0.893677100553305
0.00681196310468646
