-0.387438152906109
0.646648476712052
0.0208668173178346
-0.643269284408022
0.836121501758465
-0.758546297407071
0.638823589560153
-0.289971450600456
-0.668165066411009
0.89039710167957
-0.577922450477868
0.674340608490417
0.979296552713059
-0.928694035137301
0.154288226476945
-0.146229637332103
-0.314408549289597
0.389442130078485
-0.266999443784654
-0.441532098354343
-0.597364176079301
0.499637583937358
0.624610268383248
0.612335636730924
0.359623664402882
-0.0785981756570193
0.408424804125624
-0.0772709136228211
0.19133971701813
0.831938477064584
-0.483727747209544
0.0665505025019972
0.903099649497481
0.253379717732652
0.917318687384401
-0.584890954130852
-0.611953019138315
-0.806169988874492
0.237458962690638
0.454974822741851
0.726404228864477
0.375299985009052
0.270134761015803
0.20003291324345
0.988115706037528
-0.489464612392168
0.926881839599519
-0.970342936932348
0.342343907502702
0.897445949903047
-0.538643361256778
0.0756875918662409
0.549229805661614
-0.404793980278415
0.797207432161578
-0.931144210706832
-0.176552585791212
-0.831749870543097
-0.923258676251219
0.53690237143961
0.708121489571363
-0.145803829026761
-0.931880503452723
0.199416435998895
-0.626683204537076
-0.748413487649494
0.853707805402622
-0.610426940454188
0.353109671488946
-0.378548083334171
-0.470894272179445
0.212382006568102
0.496197767450278
-0.170743939558694
0.911479006360323
-0.755989091679702
-0.241499995006776
0.0430819642727762
0.667900644746054
-0.686355413601578
0.367537364287802
-0.115362643866102
0.736386593334887
0.727648005199174
0.302664575024041
-0.37134658408762
0.289001369557258
-0.273526146214852
-0.247861764798766
0.625127202960546
-0.985424506093817
0.0853185021518478
-0.739172505182048
0.363320829701654
0.339938580680554
-0.849154199786678
-0.508268161095022
-0.761303551087161
-0.177839310294297
0.82550753443309
-0.79499969602638
-0.493748966655035
0.330539862965094
0.297071240087128
0.722922709443656
0.240349549404955
-0.447972402731307
0.494265335650277
0.780133869322835
-0.333294022872605
0.276322066399458
0.989446805627863
0.630624958289963
-0.505067605101002
-0.881248237825512
-0.308926431130687
-0.358173859988399
-0.506281670637076
0.314433094751877
0.938935832288619
-0.0428961861975367
-0.000488917061057775
-0.191212778611034
0.660742802362969
-0.00679568655124271
0.253309800919655
0.395550974377691
-0.98033638864308
0.161067277543781
0.470379859988509
0.872143573901906
0.462920587728505
0.240559418097686
0.281416489719263
0.502763190250768
0.0885464907682219
0.845823205654377
0.640373119841441
0.316723130113945
-0.79844272636766
0.658417679538407
0.775919539153234
-0.857719100855465
-0.253241202179007
-0.276673581448967
-0.235739746995063
-0.144727048825586
-0.510693589660544
-0.245037468104487
-0.320034457728715
-0.298344298541649
-0.711280543607306
0.921547074516431
-0.0738054485185226
0.258059419857136
0.772449246101844
-0.563298021130449
0.571957322233312
0.0952912742475829
0.951512386084032
0.269395913197806
0.50076314696615
0.434158076040001
0.851054273657749
0.15589713769455
-0.613385658566519
0.928871210450341
-0.29326084444992
0.622842366501733
0.668894517159469
-0.624437545046427
-0.00644921722324769
-0.514043607161996
-0.284264473463496
-0.543629020901043
1.02804162535034
0.191571499092196
0.31516375527982
0.231585642695112
0.964238671314895
0.513642083619388
-0.555529070608891
0.724759289157909
0.780072207791058
0.776613483977919
0.461180251568299
-0.972323753041171
0.310745011461093
0.274122554746565
0.916998726973638
0.283691910558773
0.0310173662282727
0.585773208310093
-0.939046080576131
-0.342959689646073
0.901273907027007
-0.43850915068102
0.922613844628504
-0.583948815037378
0.764011933517931
-0.496697094601331
-0.41660797161085
0.151551925695143
0.99272410890752
0.942475452810396
-0.337162552879402
0.380179884725876
-0.408424065806702
-0.811181685887115
0.397060579895688
0.96756933237425
0.86607822067996
-0.107283957035951
-0.916150988221202
-0.762034986486587
-0.999305432732217
-0.846544295772623
0.24186658038275
0.736124324728824
-0.520686185328882
0.186288348748725
-0.891274347289416
-0.367884888604889
0.668514653838235
-0.431682094892302
0.727019938164102
-0.146325640410638
0.398674997576586
0.986671716940443
0.58443738034112
-0.765930935812763
-0.83446065670411
-0.355106191867095
-0.639660964736263
-0.7615667185237
-0.669862193411822
-0.863467903299167
0.890744490954175
0.489601463757786
-1.02260810729671
0.708923432137129
0.584975531093984
0.733047578225729
-0.43796671739304
-0.683838805570283
0.44431810614299
-0.809792233630319
-0.16891674298044
-0.386216354515822
0.574089694108294
-0.708198561759546
0.0690944825370899
-0.574951890846464
-0.351985990892137
0.0179963961383739
0.211041150854326
