-0.568569262973811
0.00788371823704426
0.703837831613072
-0.261300845333748
-0.533389774377689
0.863346842864444
0.7628221842034
0.332889259450076
0.152060216153468
0.320558400263114
-0.772700277835662
-0.899032730512286
-0.639860176027082
-0.0429442420028203
-0.121621473679082
0.205334000126638
0.555623179520576
0.0894518950016517
-0.776074144450664
-0.051942114296737
-0.879205032658867
-0.949505858558249
0.0459305307747478
-0.477643474880332
-0.837457592397717
0.473010051589545
0.649380680232303
-0.778181233384715
-0.023605063683402
0.173062661873045
-0.533097790021522
0.737197975466578
-0.255985148692187
-0.673210652907578
0.618887491834896
0.967041488587342
0.480684682125853
0.883847849647745
-0.74325754984096
-0.00635720704102649
0.349612290493981
0.489545890676182
0.967764148865095
-0.814561943809093
0.138441986937442
0.644392898741408
-0.199944306945395
-0.905468095376324
0.953807373592325
-0.187143420259857
0.53973158029868
-0.803394119982755
-0.876897730987327
0.554820503641984
0.321666683164699
0.541299775254219
-0.408541519905828
0.205229763390604
-0.924840967991721
0.727059191914513
0.971424800102312
0.190840711825911
0.732071489523021
-0.156642510584489
0.96130207731135
0.890978805524761
0.156360991157061
-0.35386226762858
-0.985342979691983
-0.0643330939415419
0.312296520883482
0.436021456279082
0.667113107193658
-0.697017948215125
-0.489846894301185
0.318834182898469
0.777898480121826
0.0768192921677184
0.37336475897519
0.0290562724528328
0.83612036140046
0.51787805088894
-0.970363978917101
0.777912620980165
-0.704750908937285
0.917382805761014
-0.41355270047721
0.92451076962856
-0.367471181446728
0.156362866501756
-0.16714312872435
-0.481643378739083
0.332350342723124
0.362440436006501
0.854339722729824
0.532846243213446
0.816380727168286
-0.885942845752986
0.593119688453445
-0.600842819843508
-0.455369418413414
0.134507186413062
-0.326265929466251
-0.100393218682579
0.450035302219032
-0.183199786894043
-0.176233057852864
0.556110890790451
-0.664751681075529
-0.349865053398727
-0.348936483909164
0.275197245247881
0.912024811689828
0.607382945576004
0.49117143354221
-0.19105402195245
-0.585559335915686
0.124379212369165
0.237977304597886
0.0561465313253331
-0.915609431526432
0.539431545473253
-0.27464091289477
0.221783041660962
0.13782348824705
-0.511284883420151
0.772859453845585
-0.510619882373864
0.811468496819677
0.900435309416381
-0.650868607226216
-0.821532139838731
-0.25726774314702
0.107257497270614
0.498024291440147
-0.645850567446968
-0.73367293358247
-0.225352410924575
0.771967258657405
0.292696314089397
0.763729277305743
-0.711714676764291
-0.343122442868241
-0.837156261175863
0.549017790964898
0.519445615673431
-0.322655698551217
-0.971038097142283
0.120912674017591
-0.378458880248547
0.596340726991949
-0.182393280835587
-0.967064528508441
0.166848635409199
0.466118199590023
-0.167577743365742
-0.47555817275045
0.140216455827147
-0.112221190475259
-0.0162923083245152
0.848383974299887
0.838323874018471
0.934782046311313
-0.376915528295633
0.589264373319496
0.864927204125969
-0.957952550377688
0.0476820907227187
-0.417501262373472
0.190906364088478
0.535205993990754
0.255321394922026
0.235463881569055
-0.479329919966739
0.48465783921529
-0.357946410950158
0.328985119245681
0.0353983441878873
-0.680305664469269
-0.640279895184797
0.343574862589519
0.620829316907416
0.882147817264659
0.162092091470762
-0.307196905132516
-0.520783685890962
-0.26276046338652
-0.121162832682112
0.103866824946592
0.749105209355685
-0.954006336350132
-0.627758888755353
-0.0829771395236263
-0.717418118015599
0.0467486780344099
-0.292244128698281
0.504030260708264
0.45467926086874
0.658264915208723
-0.63114396433908
0.705782602518459
0.811561660433083
0.528618839723526
0.795830212918872
-0.208283069773061
-0.411012675771565
0.848510763040158
-0.0138210690456972
0.631854928482049
-0.385682284592633
-0.151222994633788
-0.140792522299311
0.0761726746223181
0.401772401315914
0.248734915974813
0.432575414474161
-0.808212765980046
-0.692128634990477
0.763622777907617
-0.987871287409552
0.866177589713436
-0.466863435268089
-0.224060657322474
-0.569367834622974
0.545411561623233
-0.943909795782388
0.841886647137889
0.695115907617847
0.36710187296108
0.771445388686105
-0.476470798087834
0.921922011304774
0.758401403210384
0.690085542432867
0.0543339592770283
-0.21114256669361
0.98454303584795
0.749516326566717
-0.177200353864713
-0.217912297581617
-0.738131564194603
-0.735882875347948
0.489351693891334
0.556939124750067
-0.1078479455756
0.302977911419825
-0.266942063789635
0.935762356961897
-0.208059584264682
-0.608049687058033
-0.664118868936268
0.469987824703954
-0.562616601453242
0.75803857645747
-0.192285481514792
-0.304066084999493
