0.204733875678258
-0.760786676258832
-0.332037229800875
0.519989597832699
-0.949802394495157
0.908892230948791
0.1870271397908
-0.856996889972949
-0.991599237861722
-0.924394932264624
0.543102743338895
-0.847262937386644
0.0381156604234635
0.113010439973778
-0.509558967270823
-0.294818506818635
-0.276510656098745
-0.0925574319265294
-0.423056702628312
-0.512443674902367
0.211221842107808
-0.314066493693324
0.936840241245932
0.536416576399984
0.271628334591921
-0.831579453814194
-0.26081999797649
0.687965675323845
-0.108651496372305
0.974623414648255
0.848194087701449
0.535611637120469
-0.088336124429393
0.869373018531603
-0.348356926777666
-0.818475477140915
-0.760583843300183
-0.80905228040714
-0.756989473657085
-0.120199740897325
-0.535919273176374
0.133344831043853
-0.200705022499293
-0.8782956523709
-0.247335722076521
-0.819517302035903
-0.525970810108351
-0.38301162423403
-0.968590974986407
0.207880445673579
-0.358038348116944
-0.920837366108354
0.534496476426903
-0.861198406188136
0.152986879365822
0.388540008106246
0.50976297356744
0.292553515780989
-0.241116746108944
-0.476654370512574
-0.192823105804376
0.6045202053287
0.505821031814546
-0.554193315525284
-0.641476588516148
0.740678349342729
-0.0134256361497014
-0.464766178194122
0.787918287078904
0.40262003908198
0.353452031638499
-0.199251417243913
0.812022982858072
0.476652851801757
-0.527330569739412
-0.338246537548375
-0.561771909521175
0.357519443284331
0.8227153346879
-0.499047289134009
0.736121494873316
-0.0969480997652003
-0.361427342318946
0.867741239917132
0.276730619384995
0.669760784126311
-0.262488254633467
0.0595213866296902
0.198238117373143
-0.0744432483113486
-0.714694911589848
0.163542617951822
0.319506308594999
0.521822658117173
-0.247558188659722
-0.396822422383187
0.779414399990286
0.896612380645216
-0.665660270786624
-0.51143112515216
0.609588978304369
0.346466053583436
0.860764499617861
-0.163016631192719
0.788220765753734
-0.685378521098947
0.757385534734563
0.610014048004487
0.317227251852312
-0.867101935980117
-0.26243957783038
0.709779384201124
-0.475499997953806
-0.248530901271286
0.667710745079956
0.110952854062575
-0.18762905392727
0.835370393075195
-0.635467278634388
0.817563481871356
0.73225189429826
0.458092232991252
-0.756854732863713
-0.119516230914189
-0.116997676313803
-0.923702193742471
0.83319033415621
-0.0653639691557853
0.313581311600524
0.934865850740296
0.801708697684613
0.920611090118291
-0.240420719947309
0.432079806109314
0.314272749881318
-0.85771038173462
-0.129437062393914
0.513663988162747
0.289142941079532
0.931502288641857
0.674395844360415
0.940130410135302
-0.620214213983102
0.662856494926949
0.763579198341737
-0.74161352987991
-0.0778858314457152
-0.605110432733866
0.846331837670179
0.167048321201023
-0.0309809649398836
0.211071546157904
0.0239661004538626
0.122146517883948
0.223867775358542
0.277372181740036
-0.78782037840717
-0.805560438070744
0.0120781946289144
-0.54642533395966
0.0275619421823373
-0.775967003448817
-0.187511400788491
0.688269420801341
0.610923573775938
-0.243252537981399
-0.1774450820015
-0.693274652156847
-0.532786569599196
0.980427169647947
0.626172926568304
0.0851657376573023
-0.694672849861535
0.0137631664164669
-0.928732213225012
-0.812853409323021
0.401363918021183
0.447267141255031
-0.734280044462657
-0.156929907885914
-0.723240701245172
0.831479540203415
-0.141524683338057
0.00863939800442832
-1.01463145965095
0.540454942760491
0.556712932765756
0.133382682293416
0.452074423954673
-0.0866103127644691
0.358154764085652
0.638901058487991
-0.0606783922314993
0.923177358034914
-0.301116358728169
-0.4085148518051
-0.026354325868679
0.49344397941445
-0.168809655976421
0.470460838393733
-0.0841148285990712
-0.812631359411883
-0.87738690157796
-0.323048024622252
-0.433470788073108
-0.118629800313348
0.219495651371851
0.37043864406422
-0.228451142443303
0.233015522583206
-0.285128679528038
0.183368219625227
0.16629628952688
0.506557221664069
0.104646637270728
0.548855378032008
0.783774182188139
0.189593369412454
0.232809706941095
0.576059039164235
0.535531241251974
-0.413850362045291
-0.519705007703002
-0.817416031960457
-0.472966627478785
-0.401786072626204
-0.899730253954981
-0.338960092446348
0.373868476451463
-0.826801723249465
-0.257439598213361
0.965830929259809
-0.0679051685817023
-0.528288903882747
0.820750725191002
-0.505377356333675
0.966260206069304
-0.459542061194007
-0.933953176027499
0.987539054597372
0.686343683075857
-0.577769544312631
-0.0316793379610495
0.321892494640284
-0.630847058120544
0.400232345415196
-0.625027008914711
-0.831966287235221
0.469884613345296
-0.355380044457337
0.796895217324844
-0.37136569171267
0.575260839611937
-0.222266753514419
-0.88925621365223
0.965695875566781
