-0.778089321474322
-0.522517051096898
0.6965599302654
0.978811822988543
0.428724056881123
-0.941253740757596
-0.800894687686879
-0.453111286850353
-0.816142038926357
0.400261462463269
-0.420986237559124
-0.136170099554617
-0.699519070055629
0.20981641846806
-0.542089109478978
0.229501847871312
0.179052781026298
-0.79706320144629
0.599124715907079
-0.953073210514484
0.37756299619824
0.990917385192824
-0.591406923731794
-0.198048855494053
-0.276934327754421
-0.0391477544090058
0.290853839492568
0.417307434690792
0.633298831060145
0.327530499221275
0.918358333953399
-0.396662333462984
-0.0805224912600613
0.709922225255872
-0.598375767390428
0.158297922954384
0.420719092409463
0.575812145400002
-0.802455502019271
0.66850235457619
0.404020223327705
-0.971242708455875
-0.032641807382915
-0.768068849323885
-0.412774155033698
-0.163392676177041
-0.339212134465973
-0.861415157618612
0.593984155261786
-0.991931085424582
0.976608366599024
0.670748918665906
0.038496287562717
0.898538920650997
0.202965795559473
0.0472104427484785
-0.250492139071553
0.647049976306905
0.966887181465653
0.468903905277014
-0.964815415884447
0.63946779138822
-0.247461138803216
-0.701832468737579
-0.980355760706398
-0.118198993445502
-0.537129964586233
-0.0683647285899311
-0.00686739124211547
0.256623299643524
0.902510794530428
-0.539104842972066
0.756518905248499
0.840166114674009
-0.163567760917105
-0.768112477462954
0.205403063877173
-0.077540583733153
0.101547727646089
-0.823055346811661
-0.572082515134541
0.418258374686905
0.639610738026651
-0.149165730588422
-0.61359414701963
0.579744721850245
-0.694332632835374
-0.0491958755588014
0.684803160424775
0.114872829245212
-0.391364674739961
0.697622440337198
0.976158007807078
-0.47055704123278
-0.365824271519926
-0.00322550997682533
-0.73810386113036
0.100956142726212
0.711478595698688
-0.874723280554625
0.457488666938074
-0.0348394128400141
0.58949068441794
0.110054382194379
0.376025172765738
-0.933157103842086
0.846708834886204
-0.571435105051705
-0.182780682645776
0.876303625150845
0.320504159444058
0.833186814136988
0.128619012492004
0.0565159480705526
0.961772887458487
-0.399847254309725
0.0820003801260276
-0.577053405240726
0.95569623943343
-0.585472153848465
0.0355265382046248
-0.703949789605171
-0.818530173963856
0.679259979071638
-0.706472981758662
-0.146824972081249
-0.964357915601539
-0.739133111871376
-0.549472330413218
0.349574226040139
0.380044642729013
-0.735940087052373
0.391330555593275
0.96056951040329
0.0597479460573884
0.145733549761398
0.646560274038453
0.590277474050443
-0.677567160775125
-0.975493217830258
0.16961091869427
0.744645415125459
-0.566952559357143
0.0546487116166472
-0.714066589163294
0.231618014536932
-0.365683386656353
-0.904013630307528
0.695709922309745
0.718160247406055
0.691032730611711
-0.140634871475703
-0.126437817233014
-0.0517572313388821
-0.130202270951197
0.874522598392944
-0.789011972770346
-0.563778728273908
-0.32768215600942
0.361310652584618
-0.533740228292814
0.311582142988823
-0.843700252891181
-0.0655700293261021
0.140406247015123
0.0448003884696186
0.362182338363205
-0.724008831075631
0.0797073538054997
0.0733209147980958
0.740534298811474
-0.143918917170302
0.221294105033798
-0.987100509171921
0.194025654551599
-0.759791290745181
0.520856540382249
0.431410804052039
-0.223629610851299
-0.317029225378358
0.487337852598541
-0.838022618871699
-0.172473216688417
-0.748198248527983
0.936539085569878
0.367607205797671
0.802699942459598
0.146846856936368
0.212085668243257
-0.380778784137118
0.325792598823424
0.722057626888807
-0.267096626607707
0.0535697116041241
-0.157984550817645
0.0332759622348393
0.365458917613644
-0.983673696891028
0.948202582825182
0.762806231795573
-0.179829620389971
0.761853432764891
-0.648705270047474
0.654789792206965
-0.414777134007059
0.890495807683796
0.0272293618576904
-0.226714771166918
-0.299623227596041
0.0993942012361122
0.043737152638013
0.747082567587588
0.28573957562022
0.52321781170327
-0.764457665968334
0.807035730916062
-0.0875346106755491
-0.197867852837281
0.896075313381844
-0.406605198749618
-0.0735247775451704
0.381613236006064
0.579373344137857
-0.410492595436678
-0.136896650476036
-0.700610635648975
0.402601372430357
-0.810233794024686
0.2336215039941
0.474785304748887
0.0834566654219376
-0.574460405388821
-0.32856711946698
0.0196901498186814
-0.420627712224105
-0.87026152252164
-0.133595419517249
-0.924741068490568
0.745381186714905
0.905335711048893
-0.367234186423437
0.293677521968246
-0.947813442228619
-0.369571146288691
0.549434127628572
0.250991605397327
0.933161267149126
-0.952538646237026
-0.785484788097423
0.214892903530145
-0.412292170616455
0.57099385606138
-0.0470547970980907
-0.601054180958931
0.611417810048772
0.276113841723228
