-0.520163790435759
0.172375908171838
0.607468065185112
0.319398516117848
-0.19249312115933
0.946528396268387
0.588228362638762
0.532194326690937
-0.9820884162665
-0.223477054715087
0.778795761099525
0.604613040837803
0.523036247409325
0.37996297250584
-0.307917110724235
0.342602027361488
0.740551715034351
0.0628577296386356
0.593406515633207
0.270952054201526
0.470663581704822
0.79513187891799
-0.72099414242206
0.551118652428058
-0.446926573929527
0.0535348136788827
-0.881079797013651
-0.514892719131442
-0.710938689104291
-0.504999596291934
-0.919255134638183
-0.694235814106458
-0.61125509352338
0.216376962856677
-0.532396845932424
-0.877559659154175
-0.411277031850303
0.384996080455621
-0.000712485497024514
-0.761378475851362
0.316857496051754
-0.30078042674853
-0.723899589641841
0.112767467206474
-0.84995095309874
-1.05203642885232
0.94355961918259
0.198237355848553
-0.934486237817157
0.583409715629999
0.635699296136706
-0.87202738254495
0.0641553701963209
-0.875596242917974
0.463635055087077
0.55114351315802
0.247535583839257
-0.289113798859441
0.0555457274169403
0.266878650387403
0.959320613359136
-0.748272061262262
0.192135026003718
0.021392222227581
0.666553344020138
0.24985451735031
0.079595498200306
-0.909913872540301
-0.141598190434876
0.606782791527695
0.835517221985239
0.264859387081021
0.651599085804992
0.548429581793672
-0.515916266131697
0.585765445839609
0.518856421659158
0.790294694088528
-0.338503211457968
0.442761302825612
0.42722615173776
0.802862636320379
-0.917903867866273
-0.545761112032363
-0.916494003825424
0.0763081158997527
-0.472197145564695
0.932675848502943
-0.0231236862708247
-0.201375828923705
-0.726298383251991
-0.248579487940927
0.417057682348774
-0.684353054408476
0.840341232779874
0.183137084462473
-0.00860510038036669
-0.536997632212129
-0.833942268827614
-0.970665344066363
-0.210447482238164
-0.564042763236675
-0.309247103791049
-0.938056052890711
0.469289780417747
0.397358775866692
-0.462074109789368
0.715215415761382
-0.370735093701002
-0.12421547779288
0.727314859582911
-0.591990170435471
-0.30033998551077
0.622913940721502
-0.734592681766986
0.637716230154661
-0.163176546838539
-0.689165519032428
-0.634618615518499
0.976279246026669
-0.739562013555239
-0.493505088033526
0.942432646329488
0.195219508263233
0.472088538966662
-0.0689923619790747
0.931447288580251
-0.205639517573521
0.356510699119779
0.134023373826411
-0.420216844277079
0.102093019392081
-0.979863324232131
-0.80093868888376
0.886347759112846
-0.254985608707619
0.177341467549803
0.649251251360744
0.713343910447437
0.756445694916613
0.333585210751957
-0.955623853936255
0.898100275321526
0.728051875324395
-0.0615003242173002
0.679359145900451
-0.536474533956819
0.190787394288412
0.478190871871875
-0.743963042328586
-0.0350494787340426
0.669909288377984
0.829418684163652
0.465401478162314
0.423606065661292
0.131775312119765
0.224255281803119
-0.92077476293615
0.494303136689031
0.0157669477983014
0.873220407652358
0.484799035979645
-0.0337103935411152
0.75613222519419
-0.67374371082865
0.674746893842152
-0.314906887001083
-0.369335960957855
-0.676678596226244
-0.259958517746089
-0.0991454468004108
-0.219155786908465
0.608774502809696
0.215038417034377
0.664404658060162
-0.160655619226392
-0.240412098935651
-0.913076755602667
0.00138182412029176
0.767119197738589
-0.376070953925806
0.428606355522999
0.1521501517499
0.0854958334143957
-0.359379933504926
0.392175661227111
0.173032263256815
0.298678472809271
-0.456560488252431
0.186499070626304
-0.786808007173188
-0.801062187266171
-1.00094275660816
0.139444476849232
0.721350325467445
0.202336339523368
-0.993566674007334
0.60727848174674
-0.856850420831403
0.430653761493961
-0.0642485373696012
-0.43959360636118
-0.893302497711346
-0.0297683223262172
-0.359264283147679
0.699130418827594
0.655502075240949
0.38509109919686
-0.758801028107115
-0.823726531405775
0.23854969781554
-0.928760237418892
0.811500509791783
-0.833461021681271
-0.381283351454222
-0.269449256584831
0.512437549181059
0.771268408526888
0.605436792416274
-0.125245390996699
-0.00996491279487922
0.57910866203257
-0.458333278970564
-0.21781049614087
0.478482583266714
0.916669942751908
0.0245934149181048
0.136617865318658
-0.493793240147236
-0.583610093439634
0.21272320717442
-0.647238212164948
0.15008414550577
-0.0712307208631943
-0.824468661550517
-0.505797459697445
0.755508160709581
-0.996424584956327
0.349800012499315
0.420533415658514
-0.904628940481052
0.865820471228889
0.840178862123918
-0.396866222378158
0.333629867907899
-0.710983834318715
-0.834123161729822
0.0584327760308966
0.489920669763887
-0.397446317674945
0.876436094437755
-0.985534963516283
-0.350585008243142
-0.396126008843148
0.776176043086434
-0.964158714850459
