-0.630996660510486
0.182232940686104
-0.872477749097885
0.454466324496221
0.644179231628323
0.572715926932323
-0.720673867470739
-0.407255518142831
-0.812818952964142
0.0095328874492242
-0.653931931740883
0.0913809705808677
-0.848937548680936
0.741759082110223
-0.876977741219995
0.375674516611449
-0.875848828184026
0.00757391782949068
-0.531936016167517
-0.532393055047166
0.312130605968702
-0.895519464479505
0.322021386803029
0.296639802228055
-0.715520586429171
0.0564828328747862
0.0446625987560578
0.529198717835834
0.465200749877992
-0.796120877061264
-0.66069785200747
0.0658400392835459
-0.660326479435877
-0.69686644665053
-0.0373817903077311
-0.157071691810623
-0.597373009562447
-0.609654513670283
0.980213507531846
-0.0455925727595528
-0.595196741137887
0.469991721965345
-0.247647730364806
0.870714688719892
0.77274026420711
0.0258711223947223
0.614116910174467
-0.617420554203054
-0.657113477035351
-0.826975372363119
-0.837969980620307
0.748982850618447
0.4286333148633
0.318741601502804
0.870673060439046
-0.232132245458775
-0.0988813182749755
-0.748697499919782
0.851972377087186
0.677204039568769
-0.433969997407364
0.983701781167035
0.694005080554431
-0.877427803173003
-0.889247836140111
-0.336280879696153
-0.321216034476328
0.906395683646295
-0.130966694522668
0.520968519837534
0.875752188343446
0.386223247186692
0.854501025036835
-0.555429163158649
0.719273780701184
-0.0358116143627545
-0.752917002046893
0.0163691117012725
0.798708918350656
0.71410571610253
0.162559001895114
-0.576106103346572
0.17443854799823
0.970920425180073
0.182960573727834
0.983472108685387
0.858991687931631
-0.245599390704851
-0.86306149212005
0.712275266296994
-0.160352209124574
0.999850075213381
0.639839702703902
-0.78739087524021
0.0322790920218847
0.209694686409848
0.267911146038799
-0.820241770883751
-0.0649808413661235
0.377909640331672
0.571715304021839
0.64309015876941
0.710046876338245
-0.441290233116754
-0.377151475784202
0.283336056836271
-0.765221480345265
0.735575412717056
-0.786062649430361
0.94788647174503
-0.864699300943822
-0.222723480606811
-0.956303227714562
-0.554916918858631
0.61114516433262
0.0429277342148953
0.362753790702058
0.566329762238846
0.212193824485086
-0.216782635115175
-0.206142650075699
-0.447708238259766
-0.561500347268391
-0.281315505164726
0.0923073620486095
0.404653845274669
0.635301142052679
0.701590516813167
-0.934128418971782
0.538312611140258
-0.403874479874307
-0.391851141916859
-0.627478469958947
0.367895862446955
0.138058910701606
0.0587201202667798
-0.425006880891728
0.996795583502126
0.0132004396359648
0.652361884672019
-0.12531632638304
0.940370014553392
0.64115014042544
-0.782173274871661
0.424062623820049
-0.685216297366372
0.808276005757307
0.623943179887484
0.123353727035551
-0.18985083539625
-0.633718884749604
0.722171718952503
0.314723867186729
0.220599414655896
-0.717040665061467
0.356300150770316
-0.849517553925027
0.338274761821635
0.060875231743289
-0.414665287618311
0.705855880157538
0.993960708953273
-0.477621117332039
-0.369239449840164
0.00464081974255937
0.913974233671582
-0.228838877126594
-0.715634889733371
0.0104075117105946
-0.736061563120971
-0.495546958861433
-0.137278390795692
0.354883812014732
0.532422316169263
-0.890613071581675
0.231725320087292
0.984263717801583
0.47888123839779
-0.826230458781982
0.209586025419465
-0.00311883335349239
0.240371326232258
-0.0485803693504483
0.157555444877349
-0.532538083969132
0.487192442169996
-0.915195217698347
-0.716701867375446
-0.572484471518081
-0.190531226067275
-0.62837701727188
0.697286316123096
0.136478659010323
-0.424775940785232
-0.228635309696723
-0.434105301966558
-0.820676935520464
-0.393388183978645
0.177692876679821
-0.374764006438398
0.572074965063721
-0.134873049704203
-0.681219894801262
0.764693473373824
-0.527889628334345
0.403452890697193
-0.630728395762944
-0.349443541721994
-0.6609390795794
0.0206868451535538
-0.402653246430304
-0.921350571180835
-0.22286983052714
-0.592077889354331
-0.0735416637792836
0.351110304381421
0.371885184356941
0.127173907920243
-0.026529505712185
-0.735426044038827
0.472279838651267
-0.928636472616211
0.798869098117676
0.52294008684053
0.116496906227493
0.858623823323712
0.669792248488592
-0.468427788861933
-0.768499440218782
0.439198324061159
0.861668082048826
-0.78683944638999
-0.293187976237466
-0.647321463517338
-0.546689425272375
0.887136274531533
-0.0770371856508258
0.409855167129706
0.00823876677361657
0.643131551783108
0.0739946693701914
-0.510101601149103
-0.219367272215704
-0.848476255784092
-0.428132998216767
-0.288232767974501
0.348234850607064
0.922328164319849
0.451914320896176
0.813938666962074
-0.488266295014693
0.228344225367048
0.434952909915669
0.50748488243537
0.279698807878186
0.138629720451179
