0.869241026651159
0.518920424620762
0.927614579741895
-0.250298648350144
-0.240225389905631
-0.400134148179106
-0.215383419335563
0.10643600504886
0.570249553531263
-0.722599794691389
-0.435628842978696
0.544024946203272
-0.154117151776899
0.291383811322635
-0.568873407944958
0.396941770791651
-0.0678256717536359
-0.386163772317526
0.130081462060473
0.355625555452484
-0.631919805794483
-0.0583425265434227
0.126270882326336
-0.457267037012386
0.727450857838296
0.0884467360196718
-0.616100859225923
-0.333879132580407
-0.578311735101801
0.684291302003471
-0.10630846022845
-0.877850526844332
0.439996858373933
-0.0414336827391091
-0.474001397612535
-0.738187022888354
0.140582241078941
-0.262672839693336
-0.298411158835047
0.573486832628857
-0.0238371125667247
-0.908129576170681
-0.903942953434425
-0.754383718200062
-0.676832542542827
-0.285919074637354
-0.0588653592722525
0.464335375948346
-0.464041853347561
-0.47324537232622
0.897973750683744
0.270474235335104
0.549460583248114
-0.93443317250592
-0.491407420826374
-0.827392615248419
0.947565238062317
0.807904579629565
0.303381922904193
0.0346703323224439
-0.784009292503995
0.533962760269079
0.329663883598405
0.86041037573517
0.193758967102643
-0.932853743809747
-0.512618004157781
-0.319655892103891
-0.8710289127808
0.58967048593203
-0.668139077390325
-1.00471117195888
0.142312379686303
0.977406052695372
-0.0795410271746551
0.0495880942246816
0.705413063357277
0.452266983591912
-0.00331736023453655
-0.915287111292801
-0.73275086632925
-0.299140815924464
0.313921372132351
0.615667778224463
0.886078739418321
-0.0835435369664135
0.57337495355979
-0.830661768406251
-0.380170744563694
-0.825375004194671
0.515215546225056
0.624218819007857
-0.471856679120273
0.231202021009426
-0.640875786180924
0.011842385092829
0.684603382196192
0.120212275139997
0.945275084382708
-0.222714331525912
0.650932486412195
0.948791146240624
-0.705322884595221
0.448748041713566
0.832430044625569
0.401931329801949
0.603989109475017
0.74192250181355
1.02841295946563
-0.575796343211024
-0.0686814972230238
0.955534052711152
-0.793084623195394
0.7737548625973
0.332259507832061
-0.329246696705547
-0.239387984694772
-0.119833641330518
-0.0320950189856551
0.615144228099063
0.761018931758881
0.997123471447011
0.0669494397840357
-0.751430770282643
0.916882282537249
-0.559456247491628
0.0811674563262683
-0.539032529251459
