-0.824081278759671
-0.202255545020783
-0.375305247091326
-0.143610372080554
0.849870799509825
0.458856811973484
-0.0863982819073369
-0.75436309607541
-0.299565329925258
0.0190760230216897
-0.142996187902919
-0.000454701455030201
0.623837747329147
0.993185165776035
0.267845939895103
-0.68406219090935
-0.428755293297515
0.242189817940448
-0.87771246422469
0.93500681586153
-0.0612189179328856
-0.216575384296718
0.329561667338558
-0.288855714072773
-0.306768360218832
0.150567371293369
-0.481935647257215
-0.107647893139532
-0.700197377757153
0.780735172358457
-0.47778311613753
-0.0546714351056632
-0.18098368652031
0.439259973196246
-0.437586590454071
-0.852619218789209
0.289662029830206
-0.600415808898546
-0.00995085677234778
-0.133710080594924
0.479007059159075
-0.112696200630816
-0.485564429431774
0.254418148421645
-0.645167490649135
0.795315983129965
0.98520354188269
0.993070360946151
0.663041611945154
0.317240414314212
0.840778243813568
0.130898290470418
-0.34234274958165
0.548158955693334
0.32289404679285
0.242956893288384
0.885685637511307
0.940872789254508
-0.198894841034822
0.84868459613521
-0.561895725759635
-0.919140650285715
-1.00937751443792e-05
0.670314558948723
-0.63365932009753
-0.579415100911817
-0.580867118624733
-0.865627091588279
0.994399726965856
0.374419166145312
-0.209654973673815
-0.787369010066856
-0.686169916748191
-0.748955016177385
-0.235634211808499
-0.676537014886972
0.671009742314343
-0.861657716592708
0.638516609654479
-0.826824647841957
0.729908263380589
-0.481455525136634
-0.813353919622702
-0.356472595742847
0.394649344060028
-0.905335627824067
0.685540995325351
-0.392193644156739
0.0438858281025967
-0.489094342774347
0.645760551430948
-0.495062694598941
0.122892144565465
0.217937445271253
0.0642152877572393
0.466170886904367
0.951439411374417
0.667420279641759
-0.249819616725927
-0.328355442649075
-0.235580800363503
-0.958984514193836
0.924369579367697
-0.849650630205975
-0.200361572091691
-0.41033408106472
0.0100564150196564
-0.396784762318239
0.988960724675571
-0.774131289030427
-0.64151031577162
0.981610509012336
0.249466309884487
0.857473114162165
0.828342284659994
0.314129278982552
-0.717954354870044
-0.846502859871158
0.427663629198898
0.692786215654368
0.233599236693987
-0.729075412341195
0.025029236253807
0.292328669671006
0.182496734357289
0.548766100257177
0.893621257940123
-0.602601876326502
0.00539433136962789
0.986933018583586
0.530736115564737
0.659912354380086
0.364415636857389
0.447893524792064
0.203248111045748
-0.569543957517056
-0.0677808061834412
-0.656544602892387
0.610093576044705
0.405396906146514
-0.442316314343147
0.905944932642228
0.495227087450615
0.922327561835578
0.412125892635239
0.021021211271083
0.158104817203866
-0.461509780352796
-0.86366003237
0.57216917240148
0.326137472894949
-0.881762036386609
-0.890872286306082
-0.745456454126266
0.566276215843832
-0.295244917642056
-0.811659381914995
0.146296623624716
0.311985475316177
-0.150919726723556
-0.398156389804919
0.16811741928598
-0.289423751557821
0.401836306829808
0.374054779938168
-0.786316092738309
0.959667558588466
0.060975223952632
-0.345142781776862
0.998034232590824
-0.0169050901367345
0.222348035417373
-0.823697148772819
0.955638466595031
-0.909522096355685
0.356360944169688
-0.489138259163882
-0.283410861453535
0.740149307417008
0.477725382230923
0.621640679380965
0.920308805410485
0.139645660251117
-0.325970006613272
-0.0400175126644803
-0.114411517597875
-0.57325091130945
-0.150915108703987
-0.272799939450946
0.249623341747684
-0.467015043676948
-0.182028525019675
0.0744110082619749
0.737512139717129
-0.802596547500048
0.467836644815507
-0.571885727695633
-0.325918296728413
0.825954892019213
-0.5519973296948
0.197242691987581
0.121345377567703
-0.69976660984546
-0.307975035731722
0.12133038142033
-0.263994223450485
-0.0524595641388821
-0.360088870397424
0.799161395620514
0.608736888373852
-0.278838603609552
-0.0106344649769126
-0.728171437855217
-0.692762423980628
-0.896766408498832
0.547946367851054
-0.304462352134688
-0.127072774174465
0.634641931697134
-0.669828352695557
0.174232313153554
-0.80870519617839
0.253112016794251
-0.588652450468296
0.707127087558842
0.91313189107563
0.0823261915474209
0.780072949914219
-0.917799125287094
-0.831155860640392
-0.443773979373749
-0.937496913304247
0.808944830298142
0.992778112081231
-0.302520731582229
0.53495558261701
-0.0713827462818605
-0.37402407427587
0.934537682783613
-0.330392202677611
0.541592148479651
-0.29181319679633
0.0740456721215403
0.860240616721552
0.898407533284961
-0.242386444594875
-0.0746143289672804
0.00220134424828444
0.633761617806064
-0.851516831374171
-0.645092487678958
0.670904565321259
0.17965382568613
-0.633958653562927
0.0972721753516102
0.373434907235914
