0.742779568797943
0.264424525845795
-0.823173265649596
-0.509780462610089
-0.264332293200326
0.856413276014062
-0.524381888453109
-0.200848428306126
0.389956582944752
0.596182187008371
-0.855389890331479
-0.803641238053163
-0.804286257751312
-0.101074177095891
-0.814564861650269
0.33690052251711
-0.659194014295747
0.237608584949234
-0.309113902592792
-0.620824164866329
0.230760594525359
-7.24732899419566e-05
-0.623511523709898
0.629247152377087
0.88700784287513
-0.300058101647144
0.78831464593706
0.726045853149132
0.657200951708927
-0.110409891038321
-0.840228439926896
-0.820151333478897
-0.211064823564477
0.831005430802844
0.969179054180831
-0.190535383667291
0.199376708492433
-0.739865421772873
-0.400700608527623
-0.137228859206869
0.861600671649483
0.184259190989053
-0.327074557807875
-0.66084787436063
-0.0730667351828727
0.181679324078761
-0.345147790093817
0.652042477668294
0.606911360760048
-0.693847528872767
-0.278887995052234
0.324357918936672
-0.341175780672306
-0.376358476082883
-0.113017634193165
0.698914506483478
0.644373255455335
0.605686016480203
0.883524674432391
-0.663252993001046
0.509030272822063
0.528057302914158
-0.445060667624014
-0.600146041817058
0.510673109187671
-0.404577741026898
-0.86861884599049
0.208585573188396
0.982625599078696
0.474875397461002
-0.552813833168036
-0.372736401505576
-0.428398995969757
0.502644953889045
0.377897607660293
-0.803848300168032
0.281405034244672
-0.970708975512005
-0.0519046857910292
-0.30313670657556
-0.874981206223919
-0.0907510015620493
-0.520818873104559
0.312833415358359
0.564436519663012
0.991543168866417
0.191917325378765
-0.0186935920171009
-0.726506454944623
-0.435201559487279
-0.489832454944335
0.404691310237213
0.830836410995349
-0.567637056308575
0.491984472859614
0.547283843721462
-0.199805100826849
-0.406084878841521
0.616563288180336
-0.465623481922351
-0.46740484624473
0.464720571129798
0.302275432872456
-0.253919226880376
0.318287315581769
0.46635007992384
0.138310151855477
-0.00782537372146196
0.22174876081405
0.824477758065194
0.384883540251297
0.0944994279674008
0.87331146442038
0.156155927779991
-0.384811366481689
0.824071478541217
-0.937065377001019
-0.59668630824362
0.163696714725024
-0.197114301493651
0.886850664178507
-0.709725365345129
-0.0650769173727514
0.582833063972077
0.462288569829871
0.460113715385476
0.618087208854734
-0.320658367939639
