0.626409085090551
-0.608398627033109
0.629829494529004
-0.308702846960029
-0.431453545142028
0.831669569621908
-0.435151046113931
-0.329113545604235
-0.685705025134026
-0.917013432803433
-0.691360431548611
0.47810172904718
-0.167397842542482
-0.992312485555225
-0.868743080979566
-0.174571017101973
0.926375287395362
0.94926290716955
-0.571130654284905
0.881106544702542
-0.673024010361125
0.160011088653955
0.395279283035597
-0.632845348910583
-0.189118789751429
-0.908438730473741
-0.418318912112232
0.929277424127763
0.430302379069712
-0.527316609037302
0.681728167639858
0.76340550106859
0.558409713370097
-0.797186172733547
0.0500599732941697
0.269838165559724
-0.817115015182067
0.659507490233014
0.0890657871890099
0.105547528150094
-0.489709398191582
-0.523867772107864
0.427402591236366
-0.428242014350566
-0.54261698934198
0.808225854386722
-0.22507312741161
-0.407317069942991
-0.171924084616734
-0.238176170679936
-0.871640370717285
-0.549548323892925
-0.245166403153219
0.107634225080761
0.075333551691525
0.921528776641864
0.362493916360482
-0.11328691197739
-0.195591882334057
0.568827189509233
0.299056780072072
0.954058538045378
-0.408164202601079
-0.0781941588551741
-0.348773391638889
0.263693259245235
0.427319947918648
0.775582015333352
-0.442484414574249
-0.262948876864131
-0.601606497600684
-0.0470304829388562
-0.344369295292573
0.489525085322825
0.00934516093206257
0.309239839511256
0.608985732968943
-0.930776371290793
0.158109611309482
0.547487874083051
-0.542671694897995
0.872459234518025
0.51818905050451
0.808871804578649
0.382496000265335
-0.306625455441216
0.212016337572469
0.77089035636162
-0.0306979679915464
-0.643377428444365
0.778024007553067
0.427003078556299
-0.116532152914518
-0.866792809147571
0.507443439592226
0.158640610509538
-0.749671368788038
0.829051066997477
0.930638059592097
0.255192058343455
0.11982254354107
0.299227574963772
-0.703776997283938
0.69186270671961
-0.739878897247065
-0.306526527538929
-0.807955378510776
0.267668822024122
0.157122177741049
0.578398602442601
0.603540530687614
-0.677051933892119
-0.682848499252289
-0.600735657494451
0.745272021829866
0.891853276698904
-0.931193062109892
-0.557088723417738
-0.451481673581241
0.561810634224107
-0.218438630813545
-0.178688214689196
0.721086996965027
0.92936610264355
0.956753524851251
-0.849344295982377
-0.931859432307853
0.331911796082479
-0.729987970884707
-0.693987284521259
-0.589723710501857
-0.621156758273121
-0.489829938012228
-0.6575177302245
-0.317749031188383
0.768756048257085
-0.658234182984958
-0.482399897888832
0.208417605680661
-0.549877692521403
0.705251394941745
-0.290664531001505
-0.207013194070406
0.218817289923183
-0.16663040913156
0.833701927746503
-0.746735396846061
-0.638576002954505
0.893652915221192
0.445275818646062
0.612000278946884
-0.552446689234472
-0.0113804532426666
0.969124358249167
-0.996582018820461
0.621610700977557
-0.75019364089842
-0.172162643912716
-0.358203563974581
-0.811575550342896
-0.88934474589449
0.928899720080421
-0.539060839651831
-0.145511447672778
-0.512505595484653
0.3183717755431
0.753569383146458
-0.544714939550247
-0.00431949431770354
-0.785707446725659
0.919977780591114
0.10120106274034
0.75288868269519
0.131211948199572
-0.826769505222161
-0.6909610625
0.56237761820647
-0.25473349699988
0.588040398860121
-0.0868305157101843
0.945512396089198
0.228860489479365
-0.613819230633518
-0.795908875837034
-0.681592885683867
0.721372152719861
0.402693738858411
-0.655377571179768
0.0554609308343997
-0.593618716029018
0.242667906227267
0.477782599656621
0.965717081708891
-0.947163458022019
0.921580584403423
0.810894124805309
-0.416193287897728
0.875568005207007
0.476203189632726
-0.961453922627295
0.39186323327565
-0.959862115851348
-0.734569176736006
-0.40141208719171
-0.488409363816042
-0.58299974223169
0.610579523856935
-0.132563517919603
0.581813456169243
-0.556480657544407
-0.394335877332502
0.172166149233023
0.578096311518163
0.980328527070883
0.561034871370917
0.415821885224994
-0.734469561157382
-0.502075670297902
-0.289997601437433
0.575198483745041
-0.605565829793381
0.951303417028429
0.408071886604512
0.789599862311118
0.178643928956015
0.141296436235691
-0.334552979540227
-0.773296161450109
-0.960714746757418
0.352619497443441
0.427603316105958
0.295860939365224
0.956491559992105
-0.865487708870381
0.576030682973557
-0.350145921331775
-0.901020165768964
-0.651185495777484
0.795578042543166
-0.941464263285323
0.227718666647535
-0.0158975630398158
0.163765698216634
-0.092740465384981
-0.305471582868579
-0.269000081370702
-0.0354287349561307
-0.500375512933983
-0.607241390524361
-0.341068133854515
0.156025704264931
-0.507545314341165
-0.850513622061275
0.926075469605732
0.180035385021087
-0.703980309989077
