-0.613610084647907
0.600873287310934
-0.830498772172186
0.545448980345427
-0.332558030471857
0.664240428695437
0.483037317893024
-0.810905206080931
-0.169728084655382
0.289222698698161
0.232781732520746
-0.0468005598632963
0.616014117555001
-0.465856241577886
0.218209278204895
0.962046995715513
-0.0610777209915282
-0.138983368307875
0.90574173580898
-0.352404544713701
-0.0813958389674875
-0.652958559558793
0.930913227174765
0.0273337245100195
-0.988464560916054
0.601605261199843
0.977197317640232
-0.372511667802962
0.0846588213870433
0.962294659552954
0.757045486877803
0.0960867522468319
0.350558958170501
0.757957650181507
-0.591140648242126
-0.984495353480552
0.880534398302025
0.199124714685652
-0.642757837203345
-0.0808761595806631
-0.142470708012875
0.830574675733705
0.261528575278886
0.617166940481635
-0.663573990014362
0.677517270140803
0.763922510076898
0.444547960297822
-0.891267989662975
-0.265468643778412
-0.298582134663772
0.358234509628937
-0.272704171748765
-1.00695215679832
0.406898230814571
0.406157524397636
0.709194248358674
-0.0604977791061218
-0.940725126338351
0.762445011637606
0.155040390197463
0.104323964090222
-0.153944106476777
-0.10759130722885
0.228893484054073
0.70277557126273
-0.514069157114616
-0.971067388671226
0.131552480841109
-0.709147178651564
0.353965599567733
-0.553729169387882
0.106147859846287
0.103400677911337
0.775885317173082
-0.379151662464412
-0.717327590949914
-0.421207797512133
-0.190877864220251
-0.0771591021480927
-0.908685998184411
0.811018953992442
0.355994191509465
0.762275892156607
0.808087913807736
0.0189200740231637
0.747807488538543
-0.743840684677311
0.211156051435272
0.381817034194515
-0.597320981631955
-0.914009670623975
-0.0996240158448482
-0.643123922863949
0.584348116894861
0.662164594251134
1.0085502758136
-0.831776945527063
0.282280363925953
-0.603785984452877
0.829500846312037
-0.256657254534454
-0.73864147365552
-0.518126184278469
-0.0825860345178411
0.389773423020632
-0.0839743204933023
0.495679249095627
0.282974194122413
-0.586381666272765
-0.999571112865014
0.735733026047606
-0.916093273680832
-0.689693347172634
0.79619089614469
0.593107481993455
0.334759187233561
0.876828129435208
-0.310683904645352
-0.719684956164026
0.812447566284221
0.491185999700614
0.563185791805614
0.491158807879418
-0.980689325965723
0.981612553088416
-0.750678691603407
0.255296092171383
-0.95207444505739
-0.369601427366111
0.943723436736164
-0.617607050082238
-0.0510150630818254
-0.2500018481158
0.236086098948413
0.545469136736453
0.0354576401002105
0.478809545842063
-0.579711614877227
0.841181390979618
0.0569038431464712
0.0449104329914058
0.185339944907493
0.0671276487566853
0.798152571039758
0.892628313650064
0.899974350227541
-0.524502825466791
0.0544556448257147
-0.816299009312025
0.898779109584134
0.465498604065508
-0.843208144769422
1.02369640461234
0.801897509910264
-0.749405066628501
0.0596563023106566
0.809980930877508
-0.589147040208376
0.813855882955239
-0.10719551380126
-0.194546584671105
-0.964541310935622
-0.406612705496206
-0.589659559307645
-0.650180689607363
0.335854886500895
0.125879765840514
0.922320218315013
-0.0892429386901339
0.729012996190292
-0.297949754163198
0.830342613873629
-0.531471420715262
0.120463521431613
-0.882514180211012
0.0210356410987234
-0.557975473362037
0.607416981938781
0.616016724686949
-0.634454576447723
0.718061179962757
-0.203500438187216
0.761527834536585
-0.069366967424799
-0.44839882640776
-0.536115306780378
0.903578131826729
0.0025395113849149
0.744757617954193
0.576991787162901
0.430277501952574
-0.732574695627562
-0.584920449567938
-0.617039006287291
-0.623277904540097
-0.962597469993192
0.217862001488024
-0.152424626904433
-0.599197567925137
-0.37529744692271
0.0485858345306862
0.405368046051412
0.683332511002478
0.558791552304142
0.482223611796698
-0.83910336198828
0.412750767807986
0.680878061877455
-0.720499238520597
-0.462118049704615
0.343455571831375
0.513648327255018
0.399377835276679
0.526179148974125
0.844201991443441
-0.794930207400067
-0.358597673979627
-1.0029154767138
0.591510059052962
0.509266769594806
0.137736720177509
0.698022281273296
0.0630104298958785
0.173195523610948
-0.181413272786827
-0.900197129280331
0.250138020992484
0.481839296790077
-0.365823091344018
0.983017658219417
-0.088203434549106
-0.854451728100096
-0.85551669985954
-0.708632561684257
-0.220131541387265
0.213716682799085
-0.505613312097004
-0.998653865687302
0.441401791534295
0.91514813387302
0.371271086372503
-0.405955407021337
0.289192541242407
-0.715684733617742
-0.516056517091661
-0.145532806374304
-0.469054716789779
-0.151804337236417
0.455036987931989
0.234799443194533
-0.776638427265239
-0.510248077711414
0.0578736614566773
-0.360625288336991
-0.208083703487185
