0.319992758421132
0.273380432637181
0.569006551348582
-0.662241544819709
-0.83593031728482
0.876907311633176
-0.623081583186213
0.0159262664114595
-0.284709744582432
0.722421733111166
-0.462692143478349
0.0111802066900842
-0.816831917768765
0.84140508553886
-0.979978212244783
-0.591024561545111
0.0806963821561194
0.00441382659950982
0.539194834219181
0.578719537363422
-0.422913655019604
0.816717869553194
-0.775023542863502
0.96579594634366
-0.842613159852889
0.401800036493321
0.14579028635811
0.424276919204211
-0.600121958640974
0.418228691484889
0.173761390005805
0.710734054237866
-0.265048940113487
-0.374172834477878
0.803493341361573
-0.832008817364627
0.878871837509742
0.449988522426479
0.908924652747776
0.903583602011992
0.116594290795473
0.660162752529876
0.683783968159815
-0.0130220954541633
0.65473956585829
-0.981298920189541
0.608519484779171
0.0676225875501129
0.572894383814953
-0.871389359116879
-0.247313289647261
-0.906073274107091
0.722952781371575
-0.891362584692004
-0.899682295640348
0.0884877728557451
-0.620195911732893
0.844946059558496
0.128836074018328
-0.538569331569081
0.669228329841688
-0.532569329437643
-0.87468864863434
0.241731719934471
-0.260107521255031
0.479444456161598
-0.870236182903473
0.728254219857134
-0.305017747075537
-0.552007708681304
-0.766811756475233
0.181860883584343
-0.639993518932207
-0.521481555731925
0.442927180272172
0.604410075386357
0.00975607843804742
0.0229751253308614
0.126576496147827
-0.596143571426942
-0.930135096281478
0.000544931056354925
0.379761245258474
-0.675228065735478
-0.549968222850617
0.974948460908314
0.152935506645903
0.948271961950691
0.708482125771674
-0.101290802972548
0.218398431048525
-0.867059864527304
-0.518255422205518
-0.501235760270707
0.417874798059869
0.4698641062307
0.0964795909996048
0.60016263001711
-0.315207977065855
-0.941824287477692
-0.964602469448428
0.560300211023735
0.532602911660871
0.411199329380135
0.216482630365101
0.347457533995619
-0.327159698015497
-0.995602955277214
0.842660219304165
0.814214058263387
-0.00162320946107288
-0.671772230662846
0.0961995648950817
-0.21531052021971
-0.249365010713553
0.137887291496086
-0.677184963376182
0.57439277154263
0.476147436157612
-0.991731672367294
0.893766098946945
-0.00693993524849196
0.526181520390956
0.896856913724305
0.465832960480054
0.00467997054781259
-0.518573547901367
0.368500885867498
0.0911207351250051
-0.365058078872072
-0.972410157870274
0.694312344956181
0.723586814399526
0.216801435191059
-0.804535079587803
-0.227113875820864
-0.249393777163663
-0.980335514798128
0.731425051494959
0.354751198342093
-0.928206901205639
-0.868679253924327
-0.904482989705145
0.221448942378038
0.195457955320722
0.974883479006337
-0.428050008516243
-0.303627937198205
-0.906435509582448
-0.12141145576388
-0.692935847402304
-0.723227959680419
0.229573343640159
0.678882039955446
-0.394682897269053
0.0980832382650663
-0.0997422484382223
-0.122059769673359
0.579563144451171
-0.151518068796856
0.804521799290337
0.0861466940735467
0.264817823365948
0.990099305696197
-0.418706061816002
0.0973984244006395
-0.512871370894969
0.129775569624945
0.245282906587549
0.828078338043431
-0.0520320204132042
-0.474412791119312
0.241148621397997
-0.94748906935224
-0.89709037040769
-0.52411889461939
0.014841185881968
0.0896011880177083
-0.476759663699824
-0.762571258307475
0.720904362096057
0.103328155918823
0.777565742788851
-0.829867669410705
-0.428743022464788
0.730208070819886
-0.191079835170066
-0.0613030373853085
-0.472023171888208
0.432710338342879
-0.640204846076285
0.752529894858878
0.391923050695452
0.0739161467743127
0.619695942419865
0.00459650262311624
0.315750314282258
-0.080006418900174
-0.0159861750219754
-0.654207605818245
-0.566790728074981
0.229804042079176
-0.0459070450366453
0.206877548654919
-0.10646963364921
0.88244111005404
-0.687719537216484
0.867430717887499
0.807104693262671
-0.120560010737812
-0.839642973453699
-0.474093543357208
-0.848601829956806
0.205757381176984
0.645357542692746
0.83390026856481
0.735102766301321
0.289908329883805
0.599251307295679
-0.304988757032589
-0.288674789050195
-0.0440509909909073
0.763079501736893
0.280666945383422
0.769764188398829
0.28539097884841
0.896955038495244
0.229405601753527
-0.155136326699264
0.189719252528316
0.25508764366972
-0.51566778833491
-0.172870368516283
0.538021364536009
-0.560681388426944
0.685644669702403
0.827205381123612
-0.333093937349892
-0.752461655080146
-0.352182931731721
0.507822452393474
-0.948566776531194
0.148931694135997
0.633885238937615
0.165166728399535
-0.265622410680911
-0.519302833948714
0.829050680631858
-0.797794622429482
-0.0595072334420528
0.246836792841096
0.551645334927555
-0.122916070114957
-0.768641202064477
0.873046085324945
0.636675967304317
