-0.319274375228761
0.624634683734453
-0.928273538180318
0.622828954796525
-0.366674567729424
0.00517046193562262
0.350289043884747
-0.235570822626102
0.19964671244016
0.621488744237523
0.245876604672363
-0.757708259900881
0.111435911683459
-0.202992718891846
0.556634076962383
0.478124851214869
-0.213402135840673
-0.920319976960473
0.923897324810777
0.230739262216161
-0.214498646538236
-0.302835285819592
0.717449736277564
-0.663943463576342
-0.119909904322473
0.460758301234708
-0.949372086440593
0.296416091010433
-0.0779130175167615
0.086953016025631
-0.570075028869982
0.619480823185303
-0.657711216592793
-0.719186164393219
-0.752179615520085
0.654795203166394
0.829227526363448
0.0943165809208737
0.00584298956506491
0.264580521659686
0.754519634246131
0.883068093566721
0.671115449869954
0.955242978928748
-0.477573638540803
-0.435854560438042
0.988837628873005
-0.759652330353689
0.597004645052143
0.7673842881672
0.849334322323045
-0.416483544272325
0.0308142794492338
-0.808808187231981
-0.809980499954094
0.734294766773747
-0.26899487728449
0.674348912065535
0.0984600992898423
0.142396712758338
-0.799741472350295
0.780950492406892
-0.977161109261861
-0.203040842259821
0.58554599450677
-0.326072068518159
0.571955005870184
0.952104154059214
0.784025516845598
-0.0392525506516271
-0.503374105483837
0.0778089540855051
0.251860731965583
-0.854489214693756
0.471800963585114
0.107585228879001
-0.647179218444498
0.444660832438253
0.820294129572443
-0.821794920546885
0.551597846234679
-0.894038130994855
-0.507261257057303
0.974519821490448
-0.394770417351687
0.749067864532618
-0.228946292960629
0.198241383638286
0.523332316812259
-0.833557173880421
0.838361913022413
0.513829863958734
-0.426997178577011
-0.673507286332178
0.11374781265243
0.510740829125818
-0.743150437127781
-0.759366024871221
-0.410120268650022
0.605928963526179
-0.390066623184004
-0.28725306948444
0.387612408791942
-0.919508993829594
0.226337174945096
-0.261638654540215
0.610937276315602
-0.804364147960586
-0.769025179123393
0.603769089020527
-0.795662857371186
-0.912744250268239
0.452211828968185
0.851668478270243
-0.569909747894833
0.612292847439504
-0.197707896173503
-0.0827717673392026
0.00800146998007272
-0.236315610805648
-0.728097205698337
-0.344511666015618
0.294558942747782
0.644545017350031
0.742204879051481
0.614918592131328
0.396780315531395
0.672683097930409
-0.213456534118609
0.630988575060955
0.974499900335558
-0.320684311240153
-0.889356602617792
-0.747458602686681
-0.377874019967089
0.798776963088232
-0.207402574739372
-0.434366787947641
0.700286367213842
-0.966167556678371
-0.937106176102731
-0.47219110600978
-0.217534730779101
0.605947992311511
0.519267824049253
-1.00354327572062
-0.122979762636849
-0.0385647150372702
0.274061934169076
-0.858196308892235
0.308649026974575
0.152261967398156
0.90798572184354
0.843861994158475
-0.280895009657082
0.637559401700782
0.666326771603968
0.297533167761857
0.769675110139396
0.485079766249865
0.237927224388386
-0.465292617989601
0.143855151491664
0.498384936181373
-0.339050298178279
-0.982739040024769
-0.465760776806091
-0.967119564949
-0.288839981688377
-0.991823520525124
-0.676064325849881
-0.0266313535074355
0.908505332249599
-0.757800251569143
-0.648257650945074
0.901607109893126
0.756310203554817
0.698564563321602
-0.114265835224265
-0.58527535071087
-0.949627002800094
0.686130817441045
0.0602467105796525
-0.320080493213458
0.855126516915825
0.0854672851993952
0.235153235514949
-0.884843083086558
0.231735636910333
0.567982657903255
0.297455862090019
-0.26426114276895
-0.139386197317316
-1.00549312433915
-0.146894651271155
-0.436623791567266
-0.706566554836165
-0.666921668982236
0.479607518937009
0.99355969391829
-0.848294972857349
-0.918264970755941
0.849724633739241
-0.990888524459144
0.0847601682234929
0.469989992320403
0.736222342767781
-0.348939685319705
0.851804255173251
-0.345647090068967
0.250312173977622
0.869751722706354
0.960849830470755
0.566382783601651
-0.0252282045471561
-0.179216347141051
-0.314499920963787
-0.607904982820046
0.792675911601615
0.110128770239729
-0.524666733423508
0.468693309973109
0.490361502588157
-0.77703342461923
-0.601063680627383
-0.482186320886127
0.622413728140076
-0.122796101259582
0.778083588790916
0.41818070119405
0.233083329058642
-0.454037663041987
0.585761947505382
-0.474262884704935
-0.818346615668749
0.436069481575134
-0.0870597755937782
-0.752591316131126
-0.491037860762514
-0.716004260071964
0.732082061740143
-0.0161623643484329
0.600645196137329
-0.790915334714968
-0.213774243842554
-0.295078956030277
0.400257227099616
0.674817928730168
-0.970498805912349
-0.541319697132041
-0.562239936608686
-0.395192494984233
-0.00750564923101215
-0.705097063794931
0.409524457553037
-0.838105002468607
