0.984551414619893
0.294224334003462
0.0375196832426117
0.438217456900735
0.911494024563981
0.7610928098399
-0.573981622961964
0.555909072616132
-0.418446928338724
0.447964344253979
0.737068259932576
-0.410891879102971
-0.527314899771753
0.700882991044959
-0.574529175919035
-0.70980833038837
-0.738364358841306
-0.761599872534941
0.934823263001706
0.67867092556825
-0.398918545590331
0.873189427001086
-0.428250788022179
-0.277360709463902
-0.556218755557572
-0.973497026417547
0.282452008105284
0.178783506252378
0.808503190280705
0.00994611890044473
0.266160679555723
0.857745588949331
0.071943799731392
-0.496642824889564
0.529279719297065
0.743065096040294
0.897868252886557
0.13655327747393
-0.850180903408928
-0.434143740270133
0.361882057901273
0.165061778463725
-0.700974521900081
0.17510491447183
0.544386709196573
-0.642793327823807
0.884638323269573
0.136968083012026
0.606753431111423
0.805949333173642
-0.129693059090101
-0.216981435939714
0.583482187209148
0.573593248931289
-0.521492708700376
0.0268769487810869
0.86346893761045
0.117399589525689
0.100528269889789
0.990083244052338
0.105214689406354
-0.354581575538476
-0.803089519182802
-0.0392623424758667
-0.347451289725026
-0.487308958514241
-0.368770776816758
0.386526579026725
-0.803284819450215
-0.220174863876369
0.541486144501301
-0.0391291734093202
-0.369927797742692
-0.409156033767486
0.40445950485152
0.950791747528745
0.274609634721404
-0.768632933360844
0.535259762532195
-0.985104166637617
-0.496536635738587
0.249615504569011
0.811672929729948
0.408236482002208
0.100695628048935
-0.55642546684159
-0.106445560129784
0.989743548916543
-0.064932570571567
-0.934317853206665
0.154758641891965
-0.104591740162102
0.0618982659811979
0.972824225419079
0.642986009183247
0.894314934399793
-0.712037436446109
0.780249445455588
-0.203708454324297
-0.608875712314599
-0.750826112832879
0.157086645692531
0.411236408242782
0.125322380389367
-0.307960999484426
0.239071105403916
-0.446945507122029
0.545055543156855
-0.167055167461033
-0.427962814509032
0.422321368832132
0.443977804631859
-0.339806246933994
0.455132245161901
0.67525043433343
0.283879480073276
-0.517656722274417
0.128828762593206
-0.687333860892045
0.694891292738853
-0.702750759693788
0.140030186860474
0.767537489560975
-0.143594292531173
-0.696939502333626
0.458726529651868
0.562701216425934
0.844015013653858
