-0.0677971034871061
-0.766391651812954
-0.0248607653163734
-0.198956927091842
0.425468897298592
0.319344277849027
-0.787051887417601
-0.13389312520636
-0.296276609141918
0.756929973575401
0.400752251870588
-0.208503045058796
0.504555840417141
0.327434426368503
0.384090424744889
0.932341543880599
-0.896459857198135
0.193619407336756
0.956013953394943
0.295880793815036
0.0190488020675984
0.98206163645204
0.18121314536144
0.693594414564836
-0.94310102536303
0.400211448317724
0.798844702096271
0.671827256027194
-0.54905039066046
0.866270287505654
-0.280464383090767
-0.514981941673295
-0.326407324253785
-0.795408808592337
0.269306200954431
-0.455292517577729
0.550552789382693
0.918729512232731
0.650552502195538
-0.895339847979659
-0.69427181659763
0.368735678644151
-0.337164098625905
0.0142017149121403
0.708584559489773
0.499211345515288
-0.38076459212015
-0.6138009417638
0.531207066224745
0.251650605063074
-0.796788938098442
-0.262272806256353
-0.0158277110467805
0.776376338360679
-0.30815992473083
0.221879972312992
0.903652872200166
0.931643661917725
0.658618302571564
0.516214559334436
-0.858205606051938
0.891455178173976
-0.558856875865485
-0.0544347098236456
-0.759944586201913
0.633926945104076
-0.432318846444691
-0.846264025641121
0.296083860345419
0.639176597596934
-0.132101604220499
-0.476664712765127
-0.686953630821949
0.0441182868912418
0.568936843269608
0.182309881774638
0.888185494020774
0.441030688091124
0.826010446715538
-0.514381570712119
0.295146167172212
-0.723919368852009
0.189911110241325
0.129638775603628
0.561816956247011
0.155193005270695
-0.973596726858891
0.720213190571587
0.497932815710319
0.105750499738807
-0.59391947296769
0.356741048786605
0.656080993633504
-0.393750472554025
0.0541259937105594
0.168285799176378
0.845071838320514
-0.916549607046311
0.00258020090601128
-0.214755025705431
0.939749709759334
-0.773551191341835
0.527530662964968
0.117217507260189
0.393991377919594
-0.0199896036184854
0.0211235559577518
0.726047439299319
-0.608264833137739
-0.473857604269812
-0.677225174268875
0.819862169073235
-0.341062369210747
0.369064672712268
0.842115289176182
0.420046490912316
-0.657258962849761
0.812587687432859
0.871686067607662
-0.218006481794797
0.960250647663596
0.00553103207313445
-0.677057190135379
-0.0796100616443572
-0.417843579077806
-0.0496320364765919
0.540373588127271
0.977410981051225
0.0771000941690154
-0.735526681588953
-0.671798856029376
-0.616722251732427
0.162778868631234
0.932388057791964
0.587942788285436
-0.223905780349838
-0.499562880251743
-0.635339115786325
-0.448172750465967
0.115500915852661
-0.326474807758987
-0.877625507384161
-0.408227515071789
-0.60944846275006
0.427984304236178
0.390523601276529
0.229281082961263
0.768717702608029
-0.308889041142818
0.806791132047976
-0.368829468770462
0.495051417990187
-0.652844525623053
-0.849789915377374
-0.576071404776029
0.305259710820017
-0.274420869168709
0.175732736910041
-0.490097336957368
0.166168649987219
0.811413804563264
-0.342856873066588
0.79539896249558
0.971698772303444
-0.660507194084
0.567015924638919
0.403141921049402
0.641787335322701
-0.467719343715416
-0.357009402778975
-0.14435796177174
-0.0668149661703024
0.749098631655548
0.33476885527303
0.728454757068044
0.200890365550463
0.778989239835276
-0.286145181593607
-0.204505323514684
-0.0601665011799518
0.726782349721212
-0.348004658168832
-0.645774221901491
-0.120650283887145
0.134767978239146
0.919952699827517
0.0657508321000274
-0.525351440631591
0.957111450703902
-0.863779017371399
0.663371371751658
0.841551078643402
0.496966549094291
0.824483100853173
0.504448321368704
0.777985283730255
0.157200011672091
-0.284702503416552
-0.114661570917158
-0.903564434544809
-0.388709335143525
0.12831521175534
0.448529451724242
0.760083057504453
-0.0341672779774249
0.843211810381806
-0.135916219817228
-0.346316745842257
-0.932061476452075
0.686043206890334
-0.120416965975589
-0.383051781430829
-0.230809239734802
0.315736708805099
0.163435086847073
0.799643416420333
0.267676406178382
0.917614722263963
-0.110661877618543
-0.308445608080725
0.0203275963776087
0.656453964732308
0.216823055731686
0.682779222913512
-0.382036611166688
0.892277042665964
0.352042760265966
0.691384601977835
-0.753103221088589
-0.898467274948907
0.952853984058548
0.571136373324634
0.667946479978094
-0.731880826528566
-0.256269080879161
-0.660570926581128
0.577262043837412
-0.503162542400379
-0.941704134903231
-0.700856688631681
0.319716124560231
-0.0506493362393944
-0.0444272304188722
-0.627963569230963
-0.947305110387471
-0.753272945650159
-0.447296631157196
0.391552046786205
-0.276634290139096
0.192668017015695
-0.517518182367632
-0.28346309584932
0.427151411163259
-0.241822694715111
0.487265830426006
0.127902009393407
