-0.604847131441817
-0.113265993875852
0.0258028925318572
0.569588177486961
0.830104422290052
-0.12710291593855
-0.7673566611977
-0.646363333207371
-0.945807880302376
0.175779316992266
0.261830023778158
0.831161885114021
0.142897295762826
-0.979568564385761
-0.154155716035936
-0.84558493021497
-0.802333931603719
-0.0114107204997242
0.746960715287051
-0.710932741572557
-0.68032052044139
-0.359289033228991
-0.13586500562343
-0.0961471196090029
0.0300456929031465
0.121812410256925
0.015698383047368
-0.332921851163542
0.49658114030062
0.430472258316628
0.854590477367883
-0.427701396359907
0.6333874693554
-0.396989145439363
-0.0655138886334692
-0.620049469841451
-0.33465590334128
-0.540593154068454
-0.778006568754262
0.501458326664332
-0.984897790830598
0.144756583637006
0.383241204305031
-0.863983403890263
-0.75347510843408
-0.393564445309414
0.230965775343323
0.0659503864684545
0.615211580140563
0.126437900304234
-0.638902738439602
0.0942231909838251
-0.837073497831563
-0.659336087469123
0.118272579548305
-0.798347038066504
-0.590028705972235
0.606900072164487
-0.205674536834952
-0.820554031546719
0.681682053747719
-0.927447938068467
0.586399227898376
0.195633517575369
0.227621448097196
-0.0447495039951702
0.45074894165134
0.0456967477594983
-0.383924749745274
-0.471727699693493
-0.201989963774929
-0.979242431111884
0.360367362832248
0.159307004728266
0.0993248000897504
0.193189411713439
-0.458701569965889
0.934167254857853
0.547119158608135
0.783910441493611
-0.590876110677975
-0.523901230602841
0.321663947477551
0.932217446553783
0.605793643988031
0.106886587677242
-0.644823478594533
-0.419300474428003
0.00683531049621688
-0.191735046466795
0.299220494763828
0.289635280309431
-0.391149570998842
-0.59702215094623
0.294791702713646
-0.270218180246682
0.418160269333743
-0.450118567786586
-0.225988733314576
0.0740162562523881
0.931895614616062
0.308340689163859
-0.235230454645992
0.850163891995064
0.327955347337249
0.662417364849204
0.9678585553773
0.098414258989467
-0.0823383444006891
0.0118715428535414
0.427407568275581
0.350251636678824
-0.509305817332574
0.371729812173826
0.516387984896671
-0.558042734590323
0.0824476243677295
-0.955349933330453
0.407989726925653
-0.523551588259079
0.349165241738994
-0.957341685145148
0.828852059000041
-0.890293024390944
-0.983248148396179
0.425135413833377
-0.450548885267038
-0.13941026534446
