0.274017469968594
-0.4386340107072
0.378120646047266
0.794183145926992
-0.715803745315554
-0.359020425473229
0.530535507279797
-0.625359462249853
-0.749365367883711
0.635877292673228
-0.154645140747849
-0.573281646028605
-0.0859269183215276
-0.174755201645144
-0.543326028082807
0.66861509356167
0.428411297822206
-0.438457459077625
-0.993252714556772
0.559988052912372
-0.50754895869926
-0.115243829215639
-0.918178931245824
0.79192963524543
0.549314835803549
-0.0252629914851767
0.540674591753446
0.540955228433564
0.983898392040743
-0.328839280518111
-0.237378044021619
-0.549104962011631
-0.511682043479391
0.306406752994959
-0.884343772914459
0.261600741573241
0.345160725187019
0.605954389370195
-0.220311033245877
0.760336211657659
-0.956123823843682
0.762131075857537
0.175461835974205
-0.678417116319943
0.275666252180894
0.412031914085934
0.542203108290023
0.975263460245014
0.879877347518778
0.201669238256487
0.209773859390033
0.398024354863898
0.998156736901205
-0.40119586839551
-0.786464977488403
0.285631860803985
0.325455625254814
-0.353857230186287
0.338235060306292
0.288437382191489
-0.915946455892375
-0.397984417834125
-0.793036499732845
-0.253876201683245
0.10385400966078
-0.745766996927752
0.528063507855502
0.566348769485308
0.0620476856864844
0.95628911316874
0.0335259436983432
0.630237408497292
0.150222964249599
0.205221319375757
-0.794118181613725
-0.254687936641509
-0.5016644416014
-0.479066681477975
-0.979633832179633
0.86939832670527
-0.0923284189676023
0.341073421069502
0.00218550284990842
-1.00148424937119
-0.00741183256836799
0.0029543530928078
0.755446670550975
0.276771547032834
-0.640849488313019
0.859834272320242
0.801762809206842
-0.108751309350235
0.152495613971223
0.684785425262749
0.931973853561437
-0.182613947198266
0.901195224787882
0.239140252958552
0.545983489996949
-0.971418588233533
0.854725270353596
-0.378823222027784
0.553439572180942
-0.539180126342535
-0.538283006748957
0.266384924698865
0.774709028423977
-0.558493106525768
-0.216730707969016
-0.505266862982604
0.941673039933544
-0.2202046523614
-0.26923118577895
-0.582300487745681
0.327928388367072
-0.664766606438584
0.508490165984758
0.224886673108148
0.907883669651449
0.378906183891098
-0.138562895799027
0.490325042042804
0.150028452218299
-0.00185892964068434
0.228726896724655
-0.135221254957225
0.71145853693538
-0.496703166208488
0.206009776017469
-0.633040927570091
0.0953086377892474
-0.797218713305178
-0.799768634874242
0.829105154094011
0.187601201944783
-0.429139316265284
-0.770405765606906
0.723444320572316
0.238727221850155
0.745602297502377
0.430682830622206
0.968811904855253
-0.989596097629997
0.630764411212786
-0.00419264883329561
0.305023528673736
-0.450332788598611
0.852155532328709
0.745634694525319
0.104460734468016
0.0575260949853855
0.996780594367722
-0.803431067080008
0.396690909575931
-0.545483292209624
-0.0420380407300873
0.413268423968819
0.799619517101534
0.926759175624445
-0.96022827607732
-0.230075354199904
-0.520367758652363
-0.189502297151622
0.187645641033686
0.999166279768392
0.370450691999941
0.204597120213925
-0.0137935712746711
0.981688378580746
-0.371497345477748
-0.860563545555216
-0.499452107201345
0.955508616051099
0.685011619732606
0.880027502039951
-0.310677945817087
0.173772858944747
0.720100509444112
0.564351058873515
0.969096238435863
-0.806579198980252
0.649042537703498
0.384844921973758
-0.00179120947348824
-0.307898283631601
0.659306436239311
-0.944204167438359
0.832204517568123
0.949545460994849
-0.667006176136661
-0.0167635234254235
0.316790137655198
0.673037344492764
-0.0519508561632135
0.238915957257714
-0.996133754416155
-0.233839693811241
-0.907721636454265
-0.317153774736789
0.846128575536898
-0.0748997296526843
-0.780513014568302
0.764615681049869
0.657743544873113
-0.953826123023483
0.00313470640470049
-0.636286201287556
0.554380609551698
0.132114041809442
0.285892548198037
0.867837902665839
-0.379575184292707
-0.0351216414514214
-0.870222041889745
0.448728685085773
0.482268294364934
0.936814375605057
-0.848268488470642
0.517500376248039
-0.849387802215403
0.440927592004327
0.79999252099927
-0.949041175635977
0.133924843835974
-0.706778932470476
-0.211905118353452
0.0702272910185263
0.941433570933289
-0.824730375484846
0.879210674711135
-0.523488226279471
-0.300579052180484
-0.404750780939408
-0.833926327384613
-0.271665229220585
0.259886289122402
0.0423472976488467
-0.907222894283191
-0.884119933389079
0.465015994409285
0.662590785764752
-0.169542546300779
0.986063643564327
-0.0987751687652799
-0.553441841465616
-0.654264964672996
-0.294695107209089
-0.444895191992189
-0.800918016921223
-0.274651387786663
0.123285380177049
-0.0653477831380719
0.358995057533668
-0.139598271582043
0.883739099316357
-0.169473519890438
