0.349516945693557
0.13845241014427
-0.878658528204752
0.98954180083773
0.370060033315047
0.793176437154395
0.237338405864051
0.586270567074896
0.640222526288386
-0.135803188130824
-0.269337028548078
0.542926161618167
-0.495845886387097
-0.0568549602121532
-0.331726663443708
0.787291251975106
0.977969328025595
0.308010274800231
-0.197415824258876
-0.904582889537752
-0.0304022157800538
-0.69669685631412
-0.203114323237262
0.781524109585269
0.967396434197258
-0.659930504652721
-0.884035117790762
-0.218628661757323
0.907352095021528
0.264730087683705
0.107821060430034
0.703021619770323
0.455352110954611
0.155384107519063
0.921212542860083
-0.264355369662819
-0.410367216191329
-0.125131511082739
0.578884908823429
0.83038566826278
0.192272483078637
-0.515516049777105
-0.280310333303302
0.76869993288153
-0.292120104225602
0.764904485479768
-0.64545152711404
-0.0104563250604712
-0.980075700659017
0.186322697995876
-0.617350814349928
-0.039797489475288
0.144049790006075
0.809688129728398
-0.130431136054594
0.472745040248964
-0.262637498764917
-0.502994565604204
-0.263878460627967
0.139043328737284
0.134252658288773
-0.928576412006105
-0.792558296313634
0.175532120451881
-0.221778331626844
-0.462482276511786
-0.323208234326022
-0.106237337712552
0.441821382035176
-0.406198755959589
0.388078662158786
-0.804595079135628
-0.925163355089567
-0.483232032220702
-0.178662952675929
0.68215168225502
-0.499703773070663
-0.0288919116664483
-0.64342430063256
0.615743711789976
-0.212503943653808
-0.302368673828765
-0.870536825797702
-0.413336411515542
0.613842051317273
0.365122185080502
-0.663752021678965
0.640099698023746
0.174288193080376
-0.302030010008703
0.933765879340788
0.11991244193222
0.279992497284859
0.459767599349916
0.719628913949065
-0.524327583611242
0.63185031032662
0.933861225030164
-0.809449342008953
-0.201155448260285
0.664985460324411
0.421417424848256
-0.207837006652336
-0.727194634612204
-0.961088237794927
0.994344964424214
0.425841211579199
-0.82530508042866
-0.0883032269507733
0.953080494042235
0.159028599723812
0.33203714005973
-0.174671402787247
0.540633991345688
-0.736106369986002
0.443815127156682
-0.769038912748175
-0.257965357379113
0.0571259031918771
-0.970443396792568
-0.56022088457482
-0.587613256314995
-0.532840556349106
0.0698273452614207
0.307524874048343
0.0451750015804138
-0.295889252381096
-0.765487565653713
