0.83216927620267
-0.550883064096848
-0.0839750906384426
-0.203497682672236
-0.896504367814863
-0.194634947807898
-0.521283711332929
0.243917639767888
-0.159254658987106
0.64612510540984
0.368522589586898
-0.645609459556126
0.56450793311657
0.920225497066571
0.366638222620963
0.49849419782707
0.677831076755731
0.157727377550695
-0.529938724611307
0.816111701614373
-0.136826908196488
-0.114461712098201
0.657721720401646
0.00463528473092884
0.138803654605253
0.342396741829386
0.658892598953845
0.467757135231121
0.2465415039983
-0.0162092634886555
-0.380942290689696
0.158484095837302
0.589366352167801
0.44753391565801
0.389715068628052
0.87802488365585
-0.874123723245691
0.770365269584126
0.986114705658897
0.616636736663466
0.833081754636037
-0.97534235916571
0.461687117964961
-0.560950973863507
0.633913965100462
0.485836578641877
0.811551002501839
0.553010585182495
-0.29164696908308
-0.830061403711917
-0.280448218965091
0.0836431663120306
0.47909533993845
0.153923501316132
0.983743229119167
0.505372265997437
0.512677388841647
-0.628228983663119
-0.00846104895567179
-0.544121243804357
0.353518382058609
0.455337455112413
0.255513816204859
0.579617304170248
0.0980150257659582
0.169673367692496
-0.471866217594689
0.764311677994769
0.236407571938183
-0.50883959664961
-0.151152156349409
-0.744969770097965
-0.505633800665549
0.768711780045495
-0.477600452016627
0.134013756399472
-0.226989291718251
0.883246237700504
0.538168576959175
-0.418985708997398
0.0810421774294591
0.597816205714333
-0.719606610707239
0.631346099467135
0.184987917388679
-0.813051619698006
-0.566090209999821
0.0293612602314779
0.226519504528109
0.765775904522697
0.696292978225986
0.642857837551591
0.169242899060793
0.460044051843524
0.0692717924677258
0.343592262217977
-0.85929258032896
-0.401388846190148
-0.741544829683197
-0.261953222349396
-0.136304310609068
-0.376176842201948
0.707222803056085
0.771626222613538
-0.641558125894766
-0.539285154344697
0.721168115359806
0.371973117531299
-0.456590874424806
-0.0936510325127867
-0.134396036492604
0.821279964610635
0.452686685892693
-0.352971881159352
-0.936729163720599
-0.485038118901294
-0.817997934563973
0.427208730215987
0.268929401962463
0.584779444217793
0.81356486805815
0.746756747998182
0.243283712067402
-0.330386675403132
0.900602796511525
0.445581504525019
-0.13110865063088
-0.886028945032126
