-0.985805422840334
0.279138279792796
0.197247790063067
0.52455032200012
-0.467637139919384
0.83981725901156
0.722945347380708
0.503964131561953
0.292032419197099
-0.945984942813409
0.422770587995784
-0.0302999689732329
0.634347630780198
-0.515838814999359
-0.409519510764573
0.0837687627855577
0.26279835181941
-0.987099381712471
0.0234089869759744
0.0375122751165173
-0.41862291219298
0.709748043096017
0.394666302391055
0.73462864316074
-0.249776375664924
0.176567429435408
-0.00803053222970213
-0.998475757487145
0.565108342564957
0.697767404042553
-0.889724643387067
-0.223949729941289
-0.47074080545398
-0.804316214129581
-0.415753033393154
-0.0772947494704336
0.859236351352617
-0.521670653349085
0.115986618675131
0.308525697556677
-0.213242680569241
-0.35481606234363
-0.473631650824633
-0.579132039460322
-0.325656381530191
0.0674573520094877
-0.585821905395813
0.258241460233044
-0.946191558672485
0.695039898691525
0.213091954519939
0.796747913232839
0.869835740383662
0.00967293682194111
0.16318149950825
0.569389838776145
-0.763170412488492
-1.00133873338737
-0.909252728358638
-0.843747474000128
-0.780794728333979
-0.365226811505265
-0.258907485278477
0.83661158466577
0.106997186920121
0.961805746953951
0.080635889609853
-0.868541339734537
0.530275667326815
0.522239026549355
-0.266124208411957
-0.919689981954565
0.946709432000221
0.399564680023784
0.491155925246767
0.379932812671647
-0.694620028376728
-0.379800374308065
-0.144089317777748
0.759454637761369
-0.868941424609597
-0.811967966787025
-0.766328427771557
0.58428266319767
0.968075011661953
-1.0694005469786
0.0180098842739818
0.0436207720978802
0.293651794940546
0.00633827589210654
0.702745420984672
-0.454158210918997
-0.0326090023644411
0.0771890396260971
0.851802905614481
0.664412743471178
0.313604970178218
-0.00531786060405138
0.0406166654741872
-0.491586166110572
0.688682515499637
0.962027615879084
0.120670691978199
0.30580413139579
-0.414325430618533
-0.224684325479902
-0.745558478154089
0.545673073751028
0.506957964097455
-0.230952550636642
0.714099577802371
-0.340847350670917
0.178279396843286
0.935055274343329
-0.373164879757094
0.0860703731712786
0.419649915076229
-0.0879779381748929
0.687808862311516
-0.950214666418943
0.261216469191964
-0.980642930692987
0.222214672312646
-0.718346065403385
-0.634318654166298
0.680244754510292
0.948457425786333
-0.692667728903378
-0.0420289431126111
-0.714115789909574
0.369456719084177
-0.182718695535074
0.656886920166863
0.820914088596286
-0.190800571302955
0.722803278507791
0.962438443315186
-0.503436571653418
0.377589320528697
-0.641940366041738
-0.174482637720861
0.0656475137267094
-0.132843627618958
0.605128467538512
-0.826894719538337
-0.461735346207329
0.263937258698837
0.583714093528941
-0.518827927816431
0.845475094639779
-0.0591637910821015
-0.87980229228167
-0.050437404279459
-0.628866008543309
-0.751979989250136
-0.611871664543328
-0.103114390088365
-0.237210761479284
-0.210536281205913
0.264162124797763
0.180375736260906
0.668445846088989
-0.226453744523706
-0.635308280472505
-0.0891018563739363
0.875314697990092
-0.179240327826154
0.555252126296686
-0.727376610973484
0.318194014956369
-0.133380187695778
-0.705611464276338
-0.291243064140923
0.162511061007221
0.407628070214677
-0.69469646720586
-0.978457993388103
-0.218462736110975
-0.747276868820559
0.733758003471843
0.663350812139973
-0.389810923241607
-0.0364237038399618
0.202622832890128
-0.359967302155279
0.532638289457899
-0.867484689160937
0.784297898911041
0.173969214540146
0.467301053919218
0.183376612924759
-0.262012489804824
-0.80802644631567
-0.413432308297067
-0.975641200020779
0.700585436110959
-0.637605063543035
-0.62990171125043
0.396113981160237
-0.0553735795410582
0.165346005945997
0.414265861842746
-0.657067167666914
-0.0497517586195642
0.932227131524481
-0.25829781799008
0.342925998725224
-0.962262050797393
-0.876143611013563
0.924795896721392
-0.29308858341725
-0.175656868240426
-0.606035100838461
0.838187037966325
-0.361818927783911
0.78030988555898
-0.376375125638458
-0.647012616711112
0.771731155297662
-0.216351732132656
-0.969905840123575
0.362941426710809
-0.590410168897145
0.576114880825011
0.827656694522367
-0.491411958187104
-0.52288795686122
-0.107257251548655
0.132276523265453
-0.228363359702147
0.670424134250718
0.590381649408461
-0.806480116265363
0.518606201114979
0.67350241760237
-0.601898376242112
-0.891795875184124
-0.242104745900958
0.886665874525843
0.927181054794434
-0.504777031927877
0.956227957369974
0.938696420969315
-0.396053814183907
0.479394928178366
0.718526290628619
-0.725383808084639
0.86407212400076
-0.84252341856344
-0.952196975598129
-0.933211027649179
-0.118450973147677
-0.436290577579383
-0.0940745385632994
-0.0324692522773002
-0.85276257264271
