-0.959796269847061
0.585453764093083
-0.946882472616994
0.31542821388498
-0.179823636667469
0.0641199224018766
0.120480611556233
0.104859645165878
-0.125894462126475
0.950211294285297
-0.374248820570475
0.914968733038568
0.301262187307084
0.721980811456989
0.718122758532718
-0.435139960791833
-0.610893581873908
-0.315976851366112
0.708543823764963
-0.785612732428529
0.0394254964148731
0.41762517325731
-0.778382309430135
0.282450038612553
0.498501055879953
-0.876229355624571
-0.102477916819125
0.275370529032387
-0.475381413526785
-0.679514518285667
-0.22157424882657
0.0887863915630886
-0.947523448968599
0.87912007139833
0.321682289452912
-0.429364193527791
-0.327135767748112
0.0399486614662225
0.542325574468705
-0.395894363792537
0.883647181093889
0.932228959240739
0.72662643739846
0.390117763113809
0.805462468158637
0.641082632478452
0.554830899842372
-0.532146790958037
0.416640500608171
0.377095416146413
0.246074694750106
0.474724374227763
0.209634797035953
-0.536634856323583
-0.740547569138889
0.96438707567321
0.165292727367875
-0.783752498183403
-0.00584195358000867
0.489015086629217
0.686393532097737
0.102353779102668
-1.03222162020622
-0.555563089930661
0.526672038378363
-0.121191837091123
-0.585285326180528
-0.315203835444988
0.620647658981108
-0.349341498287292
-0.243251130360897
0.62261364333812
0.495091635941187
0.152360161439696
-0.812706593233931
-0.682870946153015
-0.255410206723482
0.158507746766877
-0.889692235534267
0.0396715883627897
-0.139335325337149
-0.0707593309347611
-0.385107851126778
-0.846445897382085
0.822600231665453
0.364408033227616
0.351356946091005
0.172521930484793
0.289514614688634
0.592803376314227
0.548547025271119
-0.0797127850945213
-0.904787696457512
0.846297671743921
-0.276212442010248
-0.131073890762713
-0.936924157315306
-0.266975239335298
0.9689215551911
0.0106307370396635
0.00481094969929179
-0.681716665940834
-0.77150441549376
0.024837907095626
-0.0466983966237802
-0.405885417891707
-0.508801251786045
0.53691508820061
-0.445911779742743
0.837608240228708
-0.528102484868114
-0.497742424761111
-0.446338119803644
-0.418839261996224
-0.80025264786861
0.332313271878891
-0.718184929269243
-0.855734652394905
-0.231191874090352
0.00234748681553104
-0.299500802665923
-0.871318886574093
-0.215776473457323
-0.295390581749996
0.623505653570244
0.0771367641290243
0.26512135602958
0.487909931631812
-0.282299161641236
-0.993390061593386
-0.831770422650831
-0.453412233407591
0.177365518061894
-0.0825107261880425
0.744786801722646
-0.991411762299269
-0.168268047804511
-0.498822702888997
0.50457866279055
0.949355736831428
0.400782083521998
-0.0354980755577951
0.962538641668292
0.875195905666173
-0.0159584454694796
0.128908922242063
-0.244935905523626
0.289298489127719
0.257778263761962
-0.325034397438987
-0.390513247814926
0.441427537562513
-0.35621179411846
-0.0894981211687068
0.151808576536373
-0.149678979693136
-0.384634734614633
-0.122689354497868
0.828349470201763
0.220056698726092
-0.504685321418269
0.936196256340659
0.82933552025239
-0.980332410166349
0.23429618545352
0.453193426776272
0.844267162910006
0.344353599609966
-0.118781809386015
0.183012915244982
0.601968997411433
0.706824754620039
0.0826334272171916
-0.203243068326731
0.583364481504533
-0.909816592626212
0.0600955125456144
0.265362864599825
-0.297627283873901
-0.587229946995766
-0.499153133295558
0.585925363427306
0.469212517843756
-0.252321867855516
-0.43535724728747
-0.685928892816365
0.785514471539697
-0.330378451992369
-0.154276715242435
0.742125138665866
0.064763808188804
-0.924412599503852
0.326100053634937
0.47852102123174
-0.469529894283497
-0.432444506244607
0.933816314296095
-0.717376979733674
0.778366416124767
0.430517442328092
0.528148476300205
0.625309051968993
0.554224537038599
0.776313219604284
-0.130477736102177
0.640384413735914
-0.447076005333022
0.652543022994064
-0.644397226485402
-0.832196713805789
0.566844513289095
-0.343171701745385
0.236933194241032
-0.749046393424117
-0.793856105969771
0.278933690088576
-0.508818877725169
0.67225375708702
0.824837578725073
0.207939840220993
-0.755113049480394
-0.0163415009626497
0.489959974073351
0.596962394679038
-0.0674251737879445
0.140102521799978
-0.244085115621625
0.206711260450594
-0.386365661970789
-0.543951940541316
0.714295879365254
-0.0873883463929865
-0.245334699043129
-0.552891562303844
0.432198472552926
0.229656840826466
0.734740926159927
-0.127793133308151
0.773816929746749
0.323082836021126
0.410993070581901
0.0989642139005442
-0.00219431620607861
-0.356401377830502
0.664568647894593
-0.144247018008017
-0.990715538024925
0.244237515467057
-0.0754445150136753
-0.950988732374205
0.0679773941152308
-0.25338032956223
-0.640267301704627
0.248265078587414
-0.432090113535817
-0.0368956174920781
