-0.74653310397622
-0.629910822761841
-0.99444886102165
-0.655354887781165
-0.217135953814498
-0.945973385828387
-0.39754936609157
0.709711357283597
-0.747301053011955
0.926309423613759
0.502053117219698
0.709430644121241
0.727703564812096
-0.786678622667656
0.931510743221531
0.128769793479614
-0.384581015586004
-0.85206952044632
-0.886007898000689
0.506087281586457
0.75033998830242
-0.986043647777434
-0.448911293888245
0.553406864660323
0.464725382459551
-0.972217849134389
-0.944336860524812
-0.568335095110067
0.656334434279239
0.891297193728085
0.356647100120733
0.162710669896706
0.623291046722968
0.137757446646216
-0.00036279816885658
-0.451371499933394
-0.930180559300852
0.46142444465078
0.965984188222849
-0.579542601493776
0.64818673248723
0.876333671447687
0.828507450978352
-0.68024310793578
0.0481395555289961
0.854165686965526
0.454267338391261
0.440299668210001
0.566059258237636
-0.158510349847647
0.0200911769854779
-0.916411774364266
0.532081139062985
0.377940441035921
0.69666383447852
0.49382080371352
0.447074019617688
0.577405777376004
-0.573308778114233
-0.942131415681567
0.466561635537812
-0.275159715054802
0.306536445694058
0.542797148132262
-0.246057798939751
0.511415231315394
0.390476591180753
0.755839745812467
0.451286706248447
0.490973573029829
-0.36688431793821
-0.49723442627215
0.229385715336174
-0.0321397742744451
0.269779160697067
-0.778170031910761
0.964865218324996
0.430243964844021
0.0175142700762949
0.211024043457795
-0.0821003583709983
0.416075249484216
0.872938920522396
-0.687462698787639
-0.35506104060892
0.680614678004194
0.400236489757662
0.827362697752223
-0.557553705948894
0.732435005174193
0.833871974238775
-0.584580374377176
-0.133323662204364
0.370197947841543
0.159228259950923
-0.624860004627257
0.813646747937514
0.638398459241347
0.673666356776327
-0.508085290268525
0.12410712740698
0.286908231932151
0.962719257724287
-0.524528396636018
0.652985102013068
-0.433155349693589
-0.670336804612061
-0.824234281176553
-0.471887788989706
0.441523816040404
0.0711315878504507
-0.665745287501156
-0.236083508384515
0.239337657331284
0.211104826272378
-0.275061104307527
-0.617053650201982
0.575938391517794
-0.124398385910175
-0.905994852991956
0.220293756769803
-0.832807708442695
0.0592067043446821
0.151559599582384
-0.43082960789902
0.591698051846211
-0.656345677191607
-0.602872171285723
-0.101813316183677
-0.366772003870684
-0.279768800541888
-0.703725219086915
0.119605516730737
-0.297593921266488
0.327486229448055
0.019547005955653
0.894719512657502
0.628324564674637
-0.477212999959101
0.0677450170958371
0.554011222923381
-0.543063451283097
-0.414610452040346
0.480937928886414
-0.0962977452287223
0.62845698712857
-0.859493903134806
-0.0226485072049802
-0.722704524601575
-0.450798987126414
0.622015510071441
-0.196670342454758
0.22700238065132
-0.159710957843657
-0.630136264309303
0.703931732709018
-0.0132782697538663
-0.670293703405093
0.384423314249193
-0.452643628158937
0.769656643838876
-0.877272254468916
-0.974611465310639
-0.199280519128956
-0.957644970228306
0.0413479633821049
0.807490003668906
-0.0338532211139164
0.341880844873485
-0.240673724552737
0.706227177202843
-0.302365989107947
-0.585154999349168
0.844559753322032
0.199722166133146
-0.0988334464937023
0.510954297032912
0.183135954123824
-0.487794664582801
-0.576754437052225
-0.886918881051401
-0.0661604235090834
0.111181874095085
-0.195415968236572
-0.059363365326437
-0.748145392010844
0.772728724490074
0.582121284006343
0.484037211611164
0.553309763884049
-0.529739265408311
0.624299964102071
0.620894479066796
0.634521677215961
-0.309840343751052
-0.0137490398873237
0.274671109414034
-0.889850328319483
-0.134227515825891
-0.793464415606847
0.455892892956409
-0.647887827212362
-0.818084320358912
-0.404456314741386
0.606117083476528
-0.0560379031987216
-0.424685961995601
0.354029665313492
0.666913576541427
-0.798733276487773
-0.201566409519146
-0.714429757504949
-0.625281261383108
-0.750160906804959
0.618715817191527
-0.150946247930697
-0.530807939136289
0.948812796136247
0.740438864985116
0.207261335129836
-0.924273867133057
0.609612729763871
-0.0743438662094294
0.560258304318592
-0.0924763785579456
0.499793488441296
-0.0638471974503895
0.810732833683072
-0.0765623897116434
0.426654302800758
0.216945344179401
0.489842012221805
-0.960633421713705
-0.810796988900061
-0.799352712403031
-0.501017850695691
0.1517496112308
0.382484500957372
-0.410741757763497
0.578344450523347
-0.87873532807874
-0.171341681355504
-0.721871111369101
-0.847995070654857
-0.589382120628204
-0.0352633910567952
-0.408189003225163
0.311010516080658
0.148132807591547
-0.377861912533854
-0.656311366538811
0.766148799443034
0.935819573341609
-0.728635709445413
-0.170894166027679
0.975048656728219
