0.357652847552536
-0.38698262326416
0.169988068070281
0.601273467273247
0.950724902751788
0.659953079718523
-0.77953449251865
-0.0318521716015306
0.928732671114092
0.476259218432354
-0.0279426278177676
0.141260265336433
0.948309415086414
-0.0299217896038084
-0.617300113202705
-0.105383909420224
-0.152987107919308
0.0104442058592775
0.396139606390782
0.751497380974237
0.951892398408231
0.718609467502279
-0.777024034384929
0.742833868217352
-0.110817826028116
0.479001915128878
-0.0450966972642089
-0.260211845144301
0.546772320374528
-0.34717376372533
-0.158633763600369
0.018327688383053
-0.134742790788796
-0.408471801386608
-0.333153352669712
-0.0019935171112496
0.157410282096093
-0.12925259553362
0.229329265138417
0.795475119742829
-0.223084523481863
0.487392091851453
0.101937223977399
-0.107781521880416
0.182013458854181
0.2481646018914
-0.707683737342255
0.647974786445012
0.717105680699867
-0.265685782447647
-0.597443075645634
-0.425632628571666
-0.116219826588609
0.718534953676804
-0.321217545519044
0.0262099098421882
0.552161501313002
0.527182017008719
0.221934352258994
-0.121045125357387
-0.955526034247761
-0.832911428590927
0.88242419037677
0.406129988001003
-0.453194410053302
-0.327216557957277
0.671298538869331
0.802409889942589
-0.790372384573586
0.421147933601863
0.58553621931103
0.305346205563382
-0.370893440724978
-0.95750499050845
-0.731240986709736
-0.940050250652071
-0.724419550964971
-0.185469002346427
-0.420837801022356
-0.953586295286958
-0.115136097556089
0.407598883815763
-0.507374776800792
-0.408541649270196
0.973548072958194
-0.617753137961757
-0.0687521172821128
0.906837315591889
0.357698494077652
-0.597104682021534
-0.555816614450128
-0.304756189540232
0.622814698668514
0.645955524844368
0.654864624733349
-0.373613762873438
0.565644300016613
-0.870616281821579
-0.366706394542412
-0.0668681132544182
0.891185147659766
-0.161903521488085
0.668253754016307
0.307581769527827
-0.584113815402577
-0.727796023617936
-0.787854828326852
-0.932446599836822
-0.401668327065548
0.983190304848837
0.158967060395922
0.615138060241633
0.241567431839715
-0.437545914350942
0.485599885676794
-0.766859934664624
-0.368150638128019
-0.661119342357251
-0.987613452573297
-0.457114343699311
0.636509898089668
-0.601025179018354
-0.0506023457148128
-0.104658043414724
-0.124015962947014
-0.293544186761041
-0.520029150913683
-0.691975211450014
0.958100086910518
0.289766580478464
-0.185078771313476
0.874719521614573
-0.89487632574435
0.0764561154413382
0.390760425820499
-0.913554025277578
0.42412201912492
0.501964182870062
-0.0882005471330198
-0.581140095686701
0.0222574796682169
0.697981849991779
-0.293785314713131
0.844999575124223
-0.495890242982074
-0.194577529837835
0.000374368935781025
-0.920462395769718
0.133628810630124
-0.431617109068251
-0.831737976901814
-0.884813745025682
0.917666003962012
0.851679189686136
-0.167616692661923
-0.901204221763983
0.237335991541624
-0.424413330615308
-0.489955458736781
-0.00867717427791459
-0.665954741668102
0.748406877539031
-0.594615033979636
0.1428542378057
-0.401551200756596
-0.250416766492187
0.23665926250738
0.529051189963647
-0.0637995304104919
0.833833499267445
-0.328068710731114
0.69363821684108
0.19148686358211
-0.908720875961704
-0.309643444772534
-0.691441431201993
-0.299106228833928
0.502715489644689
-0.370844124453566
-0.732378513021561
0.0248821845164055
-0.968428317765247
-0.0776905402022123
0.794679561551015
0.0674066548672652
0.153534008791919
0.855958448148133
0.843074569048104
0.579073698991037
0.0423839274257314
0.00299126956139228
-0.924552240983736
0.283145352499445
-0.891287631832758
-0.177852737260465
-0.949728148603585
0.234509327761855
0.203743336894469
-0.72190288831407
0.449381714038994
0.0224083499639935
0.554710670850753
0.213909111171038
0.848998559001727
0.216993457410529
-0.148380018616194
-0.735883508841306
-0.658870838863854
0.910403121040504
0.527854928699343
-0.883172926321822
0.125229131445653
0.708636960499035
0.912877593605505
0.173865083381563
-0.54982581867084
-0.262640866335925
0.137725482202749
0.0828343812245966
-0.692890885798003
-0.425952830325107
0.891567937747496
-0.675716211302645
0.782288736873524
-0.98468782706593
-0.360233617032816
0.164230255326312
-0.555363172191449
0.303173939184259
0.1872944347796
-0.826323469164854
-0.829615768639673
0.510966773303558
-0.511905243685071
0.11164721900904
-0.914254982564269
-0.535704497576705
-0.117882487021764
-0.895297679225876
-0.967327093846595
0.657570853773517
0.365091646202988
0.238384209110068
0.544853074124654
-0.512949746721901
0.613979804311785
0.0509391727852824
0.524287951330465
0.729252775796332
0.0608897625615979
-0.0333215088147259
-0.806693878396367
0.917787572735227
0.729156876126716
0.584217656968947
0.348958130250518
