0.406658145408497
-0.451791732103297
0.46282500077787
-0.0996347352998111
0.138988929624441
-0.979706662439548
-0.844519928024598
0.36244123822671
-0.203930662311069
-0.767235418558828
-0.524228315493542
-0.196547562690758
0.842369657974465
0.019846843063677
0.195412997883494
0.356533449790062
0.732011293894619
0.793748519898891
-0.893190597550801
0.398991993358283
-0.255731865191808
0.164020483196763
0.682540439250476
0.833093017412033
0.863710863579258
-0.129726372584802
-0.0581816910086987
-0.949124360864961
-0.158283173313078
-0.446701378371769
0.60919245756826
-0.685712160833828
0.307873517794689
0.142494280728875
-0.777532391255551
-0.0275188370790238
-0.285681820776748
-0.948542605245688
-0.603669039397943
-0.354263515763914
0.625714511574684
0.704377245582775
0.0665748192070316
-0.606745569491444
-0.942878882831159
-0.214777091336763
-0.193723216102116
-0.516246338199781
-0.292390603572064
0.694833934543943
-0.715247675460331
0.370546560071464
-0.618724704299489
0.377666334127
0.318127438137762
-0.791979224074875
0.872344325710255
-0.207490035256226
0.312015392892044
0.683865164366946
0.944791949925443
0.180078468253383
0.565553084437115
-0.766238991396309
-0.0112331664247634
-0.362697467537262
-0.260030681343999
0.310178578721841
-0.960013656459445
0.550104660065835
0.625611393762924
-0.249837837838348
0.450464121484639
0.509217420050415
0.891344581106976
-0.0654207415740036
0.140477573259392
-0.286426623189945
0.648709426736469
0.39140937160528
-0.753435967509052
-0.388870254223506
-0.84417905398506
0.951559400059355
-0.197314317593228
-0.723992123036163
-0.604294914215776
0.502766661505442
0.11712205346597
-0.0458634952043683
-0.0936692609145845
0.270504018291241
0.190497832869306
-1.02307141006152
0.269009525089513
0.42736797994499
0.361711465478162
-0.00729567836120726
-0.223993737210476
-0.836416847579544
0.891194133070527
-0.887755659634181
0.663319779305352
-0.0498448216737856
-0.723414483453775
-0.715752301909693
0.344494452158812
-0.454845189674755
0.0215506865634298
0.182635484460485
0.00699157728260202
-0.707876252026298
0.233971919281919
0.095288177478569
0.719499455740897
-0.40389422798886
0.558873749084723
-0.436950591953336
-0.730094275696149
-0.255729078222584
0.683419975208754
0.0496822735219287
-0.226789367021967
-0.996109847966516
-0.857605184406064
-0.654499644579993
0.460310356929024
-0.112475826865463
-0.785855239664418
-0.51121214926677
0.41136593539874
-0.331741924671185
-0.515736522506067
-0.20291182956966
0.797377849914692
0.327341849870543
-0.874004472624154
-0.265895988514311
-0.373401027835411
0.0783527676732356
-0.836575017562091
-0.146068619485405
0.602577345341835
-0.116357901670691
-0.422900932334504
0.328005767811692
0.587581988424022
0.637229225891594
0.595292100648471
-0.051023588394776
0.322181873316563
0.508662942229192
-0.107250680995591
0.932070878440949
-0.68882625229371
0.265035065053564
0.145525432134247
-0.597571443254066
-0.906617833537609
-0.924593759493096
-0.355743444170476
-0.905686916059626
0.169547796055588
0.0162244128826374
0.122958296990716
0.447652948165462
0.987985780073983
0.581091071685226
-0.636000085741964
0.280220327626568
-0.900653652680126
0.571855367516272
-0.235248723929425
-0.642592845374742
0.102793497784986
0.947776274059209
-0.89605320907991
-0.967444162320582
0.254783612302916
0.765563566847163
0.0268448136359353
-0.121351005827518
-0.520875550042995
0.932972376711405
0.768018228981149
0.7936522968136
-0.759898374358781
-0.710342518234488
0.862548431351579
0.939822374056648
-0.884150523059235
0.35644708398424
0.655104024555885
0.818643357589969
-0.353844539164915
0.622538538430309
-0.146201419680877
-0.880215329026925
-0.0924229497106538
-0.706563302625235
0.0688800048530223
0.385078838116482
-0.914119059400891
0.819329234585395
0.00717042992076535
0.332126921621287
-0.833801146158851
0.119770591582921
0.978974791192065
-0.305267366465554
-0.98359232868705
-0.364842634092846
0.853153544923026
-0.0710088731202055
-0.457564712266946
0.342181116990691
0.212505696909404
0.289657683140427
-0.874090787164903
0.61717609103381
0.185433103849425
0.281366568113011
0.163696616552669
0.899342568547333
0.938687416671031
-0.439199527617766
-0.385206732911635
-0.0175206717146497
0.951467009700651
0.244845762839459
0.344862931779961
-0.361266269492217
-0.631917893380896
-0.726480155623641
-0.729238918024162
-0.470582057532716
-0.458230219372294
-0.604835517438203
0.344214492122873
0.0110682929284822
0.121457111455794
-0.57699050368265
-0.46361677374219
-0.736903451900192
0.47175920799706
-0.439910181570059
0.622549055296174
-0.571462503157228
0.247180955458033
0.872804739836841
-0.805369553813176
0.203350015486675
0.263344214251944
0.16921154280217
-0.36881248230288
-0.570228104668963
