0.802634739229993
-0.871098415328629
-0.99368662262952
-0.267010603000441
-0.679518795844795
0.574063646623319
-0.704626954825948
0.414522573964891
-0.869734887194729
0.332784447036937
-0.0377833664236397
0.0974542170379829
0.296119379130489
0.945702518990794
0.562991975125203
-0.667830361086073
0.429890916467528
0.758002304881866
-0.914113889445347
0.479974103623376
0.973990008847187
-0.0352495236942983
0.390835890605374
0.0609331610901426
-0.266581340326718
-0.0391558459802839
-0.564346254534575
0.831658383573375
-0.172700125298164
-0.161809831549464
-0.93518528395052
0.331042450079372
0.0243566906837512
-0.30534218710921
-0.762208470886403
0.418780072350761
0.103375372282899
0.702065893234287
-0.888989279021141
-0.910074217120197
0.0823882916118116
-0.232962486389963
-0.168174847981205
0.714783493147019
-0.393068618268105
-0.936086483242736
0.0614391339530018
0.567951884830007
-0.518523346408868
0.53778442711296
0.80311778900719
-0.531945987423159
0.356346883229395
-0.784269733000853
0.478612973178653
0.664726683051254
-0.120113034120787
-0.673753552525586
-0.670831636186128
0.834888048608923
-0.013696960211997
-0.594879084860509
0.263646869074341
-0.741394449829787
0.365736514512663
0.801184004796132
-0.406563098087103
0.204246514725865
0.942788348313486
-0.909825808130359
0.670932363441563
0.604004944365902
-0.487168695887713
-0.414736703376722
-0.344149422479451
-0.990674531688497
-0.417148894865559
0.34640366535504
-0.223026716241054
0.352248582006307
-0.944800671320286
-0.0069165560286708
0.821032727949852
-0.867631481416207
-0.344669650973372
0.931205288270592
-0.523319136718521
-0.731697136100442
0.765703088091583
-0.359715650842445
0.805390098192804
0.0275954906520583
0.0883408890469845
0.0331369789842373
0.460650398979178
0.452530638964052
-0.300669704997936
-0.0940398929109314
-0.32842453626184
0.763349699423251
0.0722574456999294
-0.872748062311957
0.712616263567244
-0.312363206004683
-0.232996449607839
-1.00334162934127
0.622882741196714
-0.0318003879329511
0.0463831574234782
0.893660500187834
-0.16311219707609
-0.243651510191348
0.170224838951697
-0.549787472821522
-0.292386176133461
0.470427728914397
0.867663242136209
-0.643091654856014
0.638986367476102
-0.321067580403034
0.554140573352718
-0.522808968984963
-0.115243046604509
0.201984901142747
0.140448969098658
-0.567111670172982
-0.146596815713106
-0.291815562708629
-0.309257914894939
-0.573111293584333
-0.908016588467569
-0.495657770906584
-0.113483138278947
-0.210454506894107
0.937779046779749
-0.800313057172722
0.00808195644378391
-0.532805903455903
-0.733919596123038
-0.853349884175476
-0.959811271413971
-0.203850352574942
-0.0502650910315383
0.718225624469204
0.310484908578212
-0.0518360810376029
-0.968033775015093
-0.908203529142443
-0.432241917722076
0.0463034097752211
0.185030541901132
0.383170527475451
0.737051345907902
0.702578183013316
0.264923104293107
-0.907886575294496
0.0526169341766268
-0.705392090577198
-0.374237489869688
-0.582349504386736
0.540465833975766
0.400033988053228
-0.363616534340622
-0.688459765169698
-0.380953136109995
0.820150382302199
0.39178399677722
0.725466192821432
-0.832058108900459
0.793688935838819
-0.734053676469286
0.000203472084877614
-0.527808515404283
0.330452897213028
0.111854373022101
0.550175430816197
0.975380518187714
0.610921872201442
0.314672984548942
0.262565376093148
0.360665658802524
-0.9499654465314
-0.722677404838741
0.811574592695932
-0.940357532392973
-0.653813397785868
-0.19508070417795
0.544364622794036
0.416428118146079
0.201806388874747
-0.0953940722632057
0.115019185443691
0.776660757310599
0.978658336545136
-0.548745108823431
-0.846039255365029
-0.191844809513001
-0.986931136604244
0.434963531913218
-0.6992686332057
-0.210518363645624
0.749282951493227
0.57255959953315
-0.645377297877594
0.254840784779321
0.0826423586657225
0.660650560811192
-0.364201212559495
-0.482910350375066
0.0161405929343253
-0.274743945415668
0.91468827562353
0.816430989960784
-0.609543464145418
0.0142964080041918
-0.678445468380208
-0.485309610704002
-0.880825282896101
0.700834861273175
0.0872190638512477
0.763789114464437
0.469538922044722
-0.37921769834392
0.239730460138316
0.218840414083811
0.817132293960093
-0.351704042659893
-0.366565369708571
0.864199337923651
-0.556589378943728
0.831854795085972
0.652156858251199
0.670579899136875
0.143625527369222
-0.486335465218106
0.37202217089708
-0.195838822135156
0.369227445117612
0.865536948294468
0.416285386183777
-0.695327711849007
0.356338134574469
0.9246792771278
0.823448776574386
-0.0587145772294443
0.959367610632853
0.373531506090422
-0.8610834774777
0.129524861574775
-0.440739237745838
-0.218695492446535
-0.0719329902927618
-0.347553850182729
0.969108530958682
-0.900673364533454
-0.59511763083432
