0.539440264812601
-0.323753946530164
-0.475856245069242
-0.823596042729818
0.814969300242122
-0.530556541858851
-0.430754468789667
-0.127657817175283
-0.0130560295040412
-0.102769048721013
-0.0616897160222054
0.702830116181866
-0.0412506489247946
0.809908585659238
-0.89384125244729
-0.693327110438601
0.757146297613188
0.688518602014033
0.0635331730099393
0.216491943488549
-0.691374352002736
0.399536381440759
0.200067939134785
-0.117691201957679
0.563601276467631
0.491732363982461
0.210861179662859
-0.522265976244117
-0.7446217014504
0.505355960469756
-0.390743506467786
-0.514609829332429
-0.427806020169913
0.994131672476821
0.654191219387446
0.51100039393362
0.38545623532561
0.669864252081098
-0.257198275821534
0.972430391566966
0.939187721921148
-1.01004596125709
0.485117720875876
0.869155055956421
-0.640459717977558
0.836761093518256
0.113065540670592
0.165224568401926
0.129504916925545
0.366146017927848
-0.961859179293296
0.395917524785199
-0.894336564462988
0.924647965703828
0.252711972269664
0.271267114260304
-0.586757941720531
0.624513199702639
-0.51707502713237
0.551733876205431
-0.449516647126286
0.926361722048713
-0.67066528456183
0.843313250484811
-0.118053557683681
0.200099598797214
-0.816114546404854
-0.64599567478281
-0.348006261043377
0.0300147850874561
-0.00683286743835873
0.558482512970211
0.620259244819612
0.935559929570047
0.527485743123457
0.490687552932815
-1.01344029706814
-0.710228463356557
0.83683957086495
0.246627116351092
0.144301494731271
0.709737465078849
0.276660354385068
-0.00720422708342508
-0.187299220319173
-0.852731443928405
-0.737223030962294
0.775896923348278
0.477625754651456
-0.373680212130253
-0.874740780955063
-0.385988586757376
-0.939235049030632
0.423672336304468
-0.819873572949317
-0.38460297284037
-0.805110246612232
-0.74881923151199
-0.923523715350846
-0.584389418269487
-0.691422905985931
0.833473698954134
-0.995244980422924
0.761222060761399
-0.153875974824262
0.59635443180629
0.974277853253346
-0.691035673471074
0.144267268884378
-0.288046867482094
0.674761202248895
-0.800291711040258
-0.395395404419265
-0.9372392482465
-0.0481519178040023
0.705319443983266
-0.61499797512384
0.743961859814953
-0.733596213269367
0.308048121875508
0.743430225006553
-0.687142067258309
0.683380162424236
0.0466459436242787
0.66908454835954
-0.644270837839907
-0.632286291101684
-0.920481614013092
0.237688454123141
0.818384636347284
-0.251222257372496
-0.345101898448843
-0.101308500565985
0.807237551275022
0.839106995824772
0.699950545634122
-0.098334899472225
0.578131256033369
0.465312049254788
-0.388982982801501
-0.384526513679532
-0.393386384665698
-0.455523397416467
-0.422025205947817
0.303656474207265
0.0771716212231198
-0.717677241034852
0.882773319815969
0.0589722818722313
0.918920405274155
0.928369680448913
0.425988948137062
0.813619415770617
-0.528858834634095
0.737289586376182
-0.874275460827304
-0.919855082573918
-0.732355228153864
0.589464836001239
-0.0501067140964065
-0.0594034124112663
0.20641188742098
0.415034509826566
-0.209335460940309
0.506693519411567
0.0784941249493089
0.738170716662529
-0.0519868447540476
0.867213569137464
0.182229817483886
-0.0155717876223839
-0.696246064782221
-0.634544399242215
0.608312135458652
0.239705427999268
0.243835676087722
-0.399233255686269
-0.868878160106469
-0.145275489024443
-0.582208733905375
0.876807111061227
-0.889964865321047
0.408773520843602
0.0704143962025406
-0.279899375691788
-0.399427744619944
-0.903712262839634
-0.700254760461305
0.876756447045972
0.991826793369323
0.74242651681243
-0.598500287412275
-0.342723145127499
0.33606331319859
-0.752686122108506
0.849032811187968
-0.189987203686445
0.307397165079218
0.37103840023027
-0.83001105469549
-0.401055251006201
-0.662745006143995
0.750963210882877
0.806211373286193
0.779424068278941
0.400996345737768
0.685211424232081
-0.422846160914859
-0.0734974301256519
-1.0064149842926
-0.833906039701747
0.707686690022452
-0.986698122429284
0.11583442863425
0.794099218878117
-0.808861093885023
0.053557577828254
-0.0264617150048397
-0.756050745447007
0.938251847970429
-0.781867414553024
0.685758213238674
-0.204930436706995
0.815676115206678
-0.184394679978115
0.0078783584837422
-0.469705083822305
0.0727197342420818
-0.675075994506048
-0.528751593156109
-0.502913812494858
0.216207941607564
0.139760301110682
0.415621343824755
-0.35529787565406
-0.122322368087888
0.219430865542285
0.129410101260375
0.352516441749037
0.834084501568787
-0.868532390413734
-0.489055675651348
0.25030479001345
-0.0999549495967759
0.683796576283848
-0.750807633883719
0.599422998627902
-0.878144141876796
0.775083072513145
-0.659664842948179
-0.552968906842901
0.126347277511226
0.263765249373523
-0.482016342228619
0.801727959494408
0.0125861841130173
