-0.571351707547861
-0.619715558729179
-0.676012268388507
0.119111208845816
0.0886548257949479
-0.741167006573485
0.702554812403547
0.77523749993805
0.861729244541664
-0.257287885138789
0.830135213990255
0.715988464792422
-0.876415459002592
0.646531621468931
0.294690882246124
-0.192251539433888
0.627275178257968
0.287200074066074
-0.210837252117608
0.395849174622186
-0.346334155051641
-0.437501822039364
-0.229930657183965
-0.974450861510427
-0.326551837898186
-0.0575761534363126
-0.210454988439121
0.507385025291985
0.712213095003786
-0.469036027682581
-0.520462794095798
-0.286986661330941
-0.329597673031304
-0.0718401930698921
-0.660878366134236
0.618657763043736
0.700376626009089
-0.584782527815278
0.646424713044024
0.868706098602866
-0.679613784132074
0.0858817998875592
0.382148903328168
0.738939438529171
-0.549645064720428
0.864928109136567
-0.0738379796264558
0.954875842094531
0.856587963937235
-0.66923660442188
0.275519492104506
0.789370764287634
0.18114742119818
-0.066684264962056
-0.637166580303319
-0.0536194783040905
0.616929935005129
0.763570931804685
-0.15020808907469
-0.187328592241267
-0.438307297703143
-0.601876797023143
0.830056140563156
0.514332795528845
0.192520420253571
0.627160430177969
-0.745473819286135
0.33855557608104
-0.201642898083006
-0.617119723728608
0.530767959206864
-0.826822885925198
-0.78785582366398
0.730351496729214
-0.0825161080560542
0.516239547461096
-0.182305226603132
-0.634543666108258
-0.236898322403867
0.538971087571076
-0.100879033576521
-0.0147591988197957
0.51173145874612
0.412313248277792
0.15651427023719
-0.820579421460592
0.47919232873315
0.834982097681536
0.574424733522606
0.614845317703981
-0.752578830067304
0.255209965318292
0.843601718200574
-0.860824019147566
0.641825123618426
-0.866126850414
0.165342265024213
0.633142186735931
-0.585337599293683
0.971051816434338
0.805942404545895
-0.620211652828381
-0.941304127259988
0.323726111729838
-0.894128569979127
-0.816392898489701
0.41046469938047
-0.81672410742967
0.525696738557983
0.588176572947707
-0.977463149197131
-0.952058891401761
-0.442705443024216
-0.226518179307227
-0.111722820803581
0.015281326095367
-0.435420022183268
-0.00659804324156495
-0.793372321031482
0.972237619259276
-0.106242991026402
-0.443688461907211
-0.852841185238643
-0.646794541387494
-0.405255491488595
-0.0865049563842055
0.869144106696913
0.220799923037049
-0.698088309571135
0.111351719930888
0.637052629639005
0.190383827058876
0.588699700108508
-0.738945874187765
0.856809090002552
0.814619298153972
-0.161888978000277
0.583011196545589
0.35984061269603
-0.682176209898884
-0.25349230646876
0.682644391230469
0.375566455683292
-0.508047145279233
-0.581021115087534
-0.0480002448180486
0.908001697558688
0.7391799199624
-0.0475706716420991
0.424818136299635
0.84212909719256
0.385229246395133
0.0913828718643716
0.638255034477335
-0.333834278991911
0.450166741454903
0.41091359494472
-0.511224580554431
-0.723674064119022
-0.918345907039435
0.417763388366394
0.857648143773748
0.014614828990266
0.440908282302118
-0.182280408684038
0.397641563837906
-0.764376047770798
-0.633939890130378
0.307833730128273
-0.923190639128325
-0.343257670145163
-0.265946377284903
-0.961349578341544
0.951665890573387
0.888328691862198
0.950595097128864
0.192296034976757
-0.748733664419984
0.348429380155017
-0.667548860463274
0.590450463492139
0.627143625875397
0.500994350917831
0.825992506538627
-0.157175156005687
0.583099027024897
-0.768026287187248
-0.427649617820782
-0.166413589913335
-0.311195755105562
-0.0169338624524931
0.527262457841676
-0.249414836219713
-0.696294430658143
-0.262441537217662
-0.566343288335538
0.663403967458477
0.834514968858987
-0.90883729021152
-0.910453495193796
-0.956174335979311
-0.936747632381632
-0.897482358895475
-0.766576149079176
-0.0846930433463591
-0.745077927485815
-0.568894457301052
-0.68806144484552
-0.828766674371101
-0.0638530379708891
-0.413134193407737
-0.765622442559332
0.0803253513909924
0.379823671297327
-0.00703870355873041
-0.19962731438268
-0.13695361320651
-0.540104388640835
-0.326605304371522
-0.0775228084990505
0.0794909128541479
0.0559426597989331
-0.109465452194876
0.833425804656664
0.559619171789355
-0.98348571094999
0.139680229479424
0.500449657984035
-0.843242139795729
0.966816120897252
-0.227183886118672
0.960546521327062
-0.301622545140818
-0.792434393887857
0.819385910656468
0.900361824566196
0.701034606873817
0.95996740292392
0.173330823237257
0.092170660454908
0.897404323061282
-0.12622622982185
-0.166931152013499
-0.937949722755882
-0.663194823968933
0.124130802643499
-0.633660817761954
0.289278339733904
-0.882685469679993
-0.351693471032424
0.454509426602073
0.277301910507122
0.38839936966702
-0.965827992205202
0.557255533928399
0.668856749516255
