0.68396880851786
-0.204545269762627
0.808548087341846
-0.144431647377046
-0.930478534482851
0.815550857372502
-0.371670828721447
-0.803748548014649
0.716159229759342
0.218523524280473
0.833031993988087
0.253510345267928
0.0553272678046473
0.259588161494606
0.557132280252229
-0.348557983290471
-0.876237120819821
-0.918058987294704
-0.634572960200904
0.0679759712764865
-0.0768084887008893
-0.493883039692162
-0.122732613063346
0.937721641230814
0.235294768339445
-0.816717989933163
-0.72113022774911
0.927998032412822
0.717077685456972
-0.947706243071283
0.642731589318306
0.703024630086949
-0.00885581080996516
-0.835537962107539
-0.25223710357326
0.721682238825774
0.875928447722803
0.42709953076459
0.771975005455989
-0.664103993613245
-0.163250499757492
0.239599325447114
-0.414374747076598
-0.254531401941934
-0.939086235192995
0.113081231445408
0.870299542443706
-0.822731032931337
0.437198748765638
-0.619008219010285
0.93062233532474
-0.23519066608897
-0.947437241989989
0.833275747419501
-0.679015933103652
-0.0364863980301108
0.499871156871739
-0.0643925224704261
-0.053876009929478
-0.422719319852457
0.0469314407890399
-0.365810366885897
-0.23660470211195
-0.753255989107884
0.671998863830545
-0.734464401614085
0.0905015788216361
0.0855203199839613
-0.0986068398877396
0.7347014616989
0.927127499204994
-0.219508364703831
0.187837487571528
0.875767444864138
-0.135454203470604
0.540139819198154
-0.487933602622008
-0.610926364841377
0.148864817149584
-0.92747856765704
0.522759759797119
0.911418293152275
-0.969767921324932
-0.538991418005742
0.29459791431296
-0.867653243406731
0.46335545552661
0.894346992336007
0.515947944125279
0.162806009659805
0.799047590414491
-0.204713847283662
-0.445542351659264
-0.477069215479901
-1.02862240368552
0.784682385090822
0.479328759927931
0.974336015943617
0.920007459399577
-0.361987874068608
0.693936472385691
0.66003844942077
-0.489785034529775
-0.595275085019168
0.629465619730566
-0.660057535506054
0.451761405788048
0.129619287284713
0.163327244031171
0.541866557806996
-0.133203207085611
-0.746500335011083
0.929234373609615
0.816977695420129
0.442569113128723
-0.316282138182469
0.944185372108268
0.131746226451924
-0.159458983225455
0.927973699866368
-0.902491311918064
-0.0472063985835795
0.297990278393143
-0.594108289455457
0.742108865732381
-0.459770155147378
-0.12052773438934
-0.30177771326172
0.858115934725474
0.981246119361991
0.33828807363135
0.0420228696161247
0.53163687586352
0.831786159863894
-0.794046473897143
0.534660666022344
-0.30855703496667
-0.659220166766181
0.712892237910191
0.668060879934242
0.291919071567386
-0.514667676865221
-0.361338453284802
-0.695236927153684
-0.198531500383568
-0.788120876196088
-0.0708852768524484
-0.38211175448718
0.928689523901349
-0.86138816817221
0.656547830693017
0.0258922159289443
-0.232779915837833
0.307155052988624
0.0137557835938848
0.476864900302092
0.243105699803635
-0.939644869018756
-0.197996623347525
-0.717172510111308
-0.129330344117461
-0.249126715519509
0.596992068689122
0.0793049796324437
0.0705966814090122
-0.69935644718456
0.884449696559146
0.551925902546682
0.89690077024237
-0.881581803627476
-0.953326495831337
0.324925556088011
-0.0302746638721683
-0.0447095818519987
-0.0140195407901744
0.377451564911209
-0.44238349496781
-0.118776560313326
0.0670169411661855
0.927888706793805
-0.440992557653061
-0.795155102435576
0.240474787211125
0.0732373906358424
-0.826495949298109
0.846794009130118
-0.377110331787199
0.951854361738465
0.22456634142867
-0.935506177589907
-0.797256584689876
-0.389266575746436
-0.528969658284474
0.423214350597704
0.211870197088958
-1.01735099316419
0.784082514436857
0.851141575293237
-0.399126476059109
0.621305695657449
0.32801919594011
0.377225808601638
-0.74372288899819
0.164440893292554
0.698869142478568
-0.830369026543827
-0.632342132905081
-0.765357472203554
0.0886525391870204
0.225696387258188
-0.985384759916823
0.855728704726908
0.413633477232694
-0.531062993656468
-0.51143917647716
-0.12121879194254
0.721540907961912
0.96061137615146
-0.377395861492593
-0.318833243762732
-0.476095468611232
-0.567337690118172
-0.160232235190308
0.151176375784829
-0.337942026115709
0.340310478348286
0.479483859662425
-0.690298036252744
0.408120452265981
-0.534202891674535
0.756426037528557
0.238428291828295
-0.225248816737221
-0.399685724407597
0.290963424782235
0.910591903715334
0.704409303321914
0.217567298508314
-0.859850359512033
0.785380609372273
-0.530500319715656
-0.557815014267195
-0.790365826274743
-0.74298597400576
0.650903889650943
0.82334895972603
0.941153999045327
0.410304578149723
-0.873301828138391
0.0954461882838289
-0.302306993745029
-0.10742664735866
0.952007580164379
0.146210089991272
0.313868205351855
-0.850319497114964
