-0.167917728054832
0.810472592266428
0.671698330915123
-0.98818058520717
0.0378656537393984
-0.91465686049372
-0.900373078648611
-0.363968262149122
-0.593919159081012
0.502297733866659
0.129529677158603
-0.901082507188754
0.0857509744095343
-0.400339158264687
-0.756705868526125
-0.853170702935408
-0.331284135065345
0.839139584362535
-0.972768405402627
0.429163101813232
0.471701345480724
0.074203107959626
-0.302495805977927
-0.0207905443817135
0.861996089449871
0.239933576064661
-0.0728829427383858
-0.696215985414987
0.628646841253763
0.61668262177636
0.789303285548075
-0.853613806082235
-0.272465823895033
0.0567345447328907
0.89633289795085
0.430686914286031
-0.450208143675986
-0.139085777226384
-0.465029118963151
-0.516683111468543
-0.42486528491275
0.424979739601465
0.810010155722631
-0.817722896131069
-0.272272821451402
-0.792572818549892
-0.821220296067209
-0.860071046255487
-0.909565613554498
-0.112759511257967
0.55920539168588
0.486355640793672
-0.717611391415006
-0.960960002028173
-0.52504965024677
-0.511429981914637
-0.374230764242471
0.67598693328419
-0.847543630479759
-0.829570405374501
0.34717187198937
0.332877759848578
-0.681680866223072
-0.934442461783156
-0.415998153284852
-0.240262405155695
-0.0855947527162339
0.455073064603683
0.814844581985921
-0.704001345934429
-0.242598380798414
0.250408051444156
-0.608299697276603
-0.963732549614489
-0.169361600618728
-0.197514253842591
0.882267366179207
-0.810029389090121
0.0908820466801062
0.601839657732916
-0.106844879387384
0.794963235154689
-0.327377706604979
-0.856456073388847
-0.296613876654652
-0.177560251229334
-0.928235313441699
-0.630313864642952
0.712896493500753
-0.797080191215979
0.0972554134718396
0.899581109781399
0.12927298408469
0.963591021325265
0.515397602003958
0.175598199349496
0.997682451889418
0.689208625968783
-0.0257673461318637
0.282546739711728
-0.364171286269569
0.299875591904645
0.209044265225078
0.811324462274799
-0.145060365548731
0.169169503340222
0.574871610544108
-0.741177897365726
-0.870105798213518
-0.0378264500736193
-0.409381074267925
-0.806155506218609
-0.853501270570373
-0.900823272206417
0.180312053339197
0.0798020677933972
-0.131877365430685
-0.0473494770536943
0.677480500297448
0.114234616147635
-0.0807867760133925
0.194176499446593
-0.983162576077088
-0.583804391180689
0.632451688991114
-0.679497786979992
0.126260492834635
-0.154015538576376
0.611245811200224
-0.103983983038939
0.751588272708838
-0.643229569047647
0.67028089311379
-0.531553722461647
0.927271500907266
-0.094072228048175
-0.462765164308565
0.557681058754218
0.903621258911326
-0.87597274198881
0.619317441677193
0.0515989781558267
0.882073600668713
-0.259489415697118
-0.705106479355799
-0.170504352663628
0.681408660027138
-0.840633404345189
-0.549699065377787
-0.317347892948087
0.44836565415037
0.811373614436826
-0.774152642282869
-0.590592556704717
0.241108191691413
0.56990624725494
-0.932184043655549
-0.361195439237661
-0.743023693069754
0.41943289642298
0.421623776125497
-0.518440653969953
-0.110051212525103
0.927157837381413
0.158726491099653
0.797891688771549
-0.457091772063854
0.564254904156021
0.782151552927266
0.173567106705045
0.883319720026869
0.600627793956077
0.122827846351749
-0.0837079396794577
0.257197786045926
-0.437890945585907
-0.337877316978305
0.982789882573616
-0.105517659599765
-0.550474060850706
-0.581424774738556
-0.0508197848486061
0.550825695448225
-0.255021354821045
0.164326537229763
0.170993621658194
0.424701817687509
-0.293601827172864
-0.391361833479377
-0.54399426434531
-0.332869279961737
0.873165041622127
-0.976650184954306
0.206778890200823
-0.083087147966449
-0.752567464706497
-0.852900833281059
0.629203687616678
0.040451877382106
0.659806600749714
0.424856769217262
-0.9841795786437
0.577947520162639
0.517293465879762
0.0689627155593103
0.644039121265574
0.171460855175835
-0.984881394132155
0.0435109574262089
-0.764061041558642
-0.92072314176933
0.125011679718337
-0.129914941563855
0.998376618148148
0.243033202917836
0.825742346892216
0.315620219369224
0.450345500244663
0.892301876433728
0.903546701585775
0.274373876845463
0.717307040976442
-0.0781712550350488
0.47477659795958
-0.203676500324299
-0.181688027524006
-0.237806184445933
0.638102455277175
0.82888507382466
0.364614948847181
0.3930822218294
-0.00815655431391829
-0.028914433039142
0.452834663167567
0.407852249297497
-0.502704064220933
0.561383447153298
0.813050660701844
0.273414188410746
-0.428429251729825
-0.769187263204104
0.762890078476921
-0.946446581859462
-0.201706426245665
-0.71114232602827
-0.147996037905081
-0.33939032197296
-0.405628213272898
-0.798830501983313
0.0539917552132654
0.813925603717654
0.244591055229643
0.5817681191489
0.633446000817573
0.640390159043888
0.250915806715744
