-0.673705361399262
0.330616685152867
0.358370583361241
-0.278394082066018
0.487341560689307
-0.162439387776224
0.808153027375929
-0.147042608659328
-0.924249418571584
0.585623263256703
-0.322778515325789
0.234477173104164
-0.664000589854923
0.444933206798882
0.251421898614652
0.404407649807481
0.172837761149755
0.289387182836843
-0.854025632125817
0.19933836107203
0.193831147753364
-0.87128581483044
0.621738577376156
-0.34000443483725
-0.99043405049673
0.0495642788320993
-0.0761328886558853
-0.013089102351168
0.654512073487526
0.749226666754712
-0.676993988950264
-0.490284957604203
0.403409634110198
-0.196500913629349
-0.018455036695554
-0.154295769821697
0.822437394111576
0.404990964666534
0.639196513218352
0.543181764432255
0.00788745990635625
0.094305856272822
0.522382172008335
0.119604749583097
-0.558931724751439
0.140332656722189
0.527444440063822
0.11564739162109
0.344849971978129
0.166493524470125
0.55436005021595
0.409029059804028
0.392359397722684
-0.439822366009775
-0.911380812232599
-0.201994029741034
-0.113246843268686
-0.638306834190933
-0.150661134887347
-0.531900509481521
0.364783404899078
-0.584909836132538
0.793453972355343
-0.196022529268087
-0.306072291331139
-0.937481154600027
0.566224302040136
0.386738882808236
-0.176444778561743
0.360397285576569
-0.114194368992644
0.147014374105794
0.32277238602853
-0.597199859096502
0.132848033744966
-0.510198348188891
-0.56564363070528
-0.621115350206831
-0.104411667790101
0.42730839315738
0.190753114866156
0.559569228954854
-0.930986178744432
0.103991133195464
0.890588310199899
-0.585195446480007
0.723850417783038
0.786668068000906
-0.548806287406503
-0.629452597808978
-0.249748712396182
-0.443850160076149
-0.385788894715972
0.372987635187307
-0.220792853494969
0.0570089814128045
-0.793260931564867
0.0993269195947386
-0.266283287312466
0.471804024743413
0.661737523225073
0.447393036420321
0.582319120161435
0.824030694529239
0.455555435912968
0.426263526936748
0.557594937749263
-0.0213304386545781
-0.162342151093118
-0.484063568086085
-0.041427534573543
-0.390769340377489
-0.317318830253382
-0.878226736949952
-0.572218011068001
0.100105187356643
0.500517123585338
0.635007326926759
0.727630569136135
-0.110899308876795
-0.748454549110781
-0.881160013426059
-0.388120285864342
0.122642586799951
0.360650513080187
-0.404723765738015
0.258571015851984
0.988655467713662
-0.0835677966190078
-0.458401781616062
0.290915462208936
0.649837564613593
0.577549747823947
-0.832960811794603
-0.788201266287165
0.177632482688159
-0.190126281999509
-0.458470798942838
0.879142661057798
-0.587893239795998
0.886294338691043
-0.628475406957725
0.494594301741802
0.0658249531759127
-0.381143173739774
-0.819024840207024
0.15985404857592
-0.0448333673545297
-0.033798529484647
0.392970958937931
0.0211525612100891
-0.140198199000914
0.328546587045103
-0.69870464310671
-0.25386184254198
0.422119510076045
0.721380756864396
0.829794402351504
0.316290097589304
-0.00749968036351397
0.389627025778438
0.947627064646148
0.971254868140837
0.341159710761651
-0.608668888886566
0.126376224506284
-0.108721542962748
-0.49791635433898
-0.420030149064637
-0.876519993258956
0.134121494187548
0.184569801562338
-0.0288242265197908
0.081466638869961
0.959829221408341
-0.323676584384307
-0.277313634347718
0.716321032452859
-0.34270750670045
0.380737844223496
0.878788147626305
0.477884969699393
0.242520409473743
-0.652209988415747
0.108367072887672
0.196453052909158
-0.706098954924823
0.0109360712996005
0.148849670282936
-0.154468568154454
-0.508181103940681
-0.642017599050447
-0.803191347041256
0.498915695747945
0.416415979256937
0.816937184077967
-0.331562918864496
-0.943096840656015
0.267941707476014
-0.735372558105646
0.702718569194177
0.805103514056843
0.0434849019643097
0.540336783095183
-0.466625170541342
-0.70313734991161
0.522057326824679
0.664757433039469
-0.137783281314076
0.451047786838729
-0.109599082163194
0.813352354369949
-0.517682150546494
0.113419220556279
0.427422231011866
-0.266952496581101
-0.280408128204281
-0.0781171685599193
0.853597707879914
-0.129888648420653
-0.60849899499365
0.347323957618369
0.345337344594478
0.960811855257892
0.692150123907472
-0.423156371008078
0.977621340554432
0.610826433852633
0.0953328921496232
0.695124029976076
0.929279541670406
0.422690952792158
-0.446387505897933
-0.320604491610148
-9.46024465590156e-05
0.143545697927528
-0.710898099670519
0.889470818032876
0.181064053766352
0.997366355662666
0.808389674929079
0.48355134336963
0.155046525510691
-0.258430784129905
-0.279694052646866
0.455629304836661
-0.380684826069721
-0.178720790546136
0.97938899020968
0.859767862017504
0.188364591374221
-0.917258991118441
0.514624252786187
0.948973078628982
-0.451600623053922
0.502986262811415
