-0.842090567271263
-0.984297915144114
0.657213424523904
0.19775481585144
-0.761630278330931
-0.734769914209725
0.779229830721163
0.155114229297189
0.0972391021832311
0.933776435605061
0.921164468860421
-0.886580219728096
0.635430346528615
-0.125308872073799
0.390655592563049
0.00242655807219515
0.613980561858299
0.13046784412296
0.638440542733103
-0.139950231934971
0.0586902904776203
0.572010576227048
0.639731589099535
0.314527093227742
0.920359985899317
-0.210159433978625
0.723754988853702
-0.909522290454296
0.849156672142903
-0.594580663985649
0.218301006109329
-0.719813281183423
0.335165811473488
0.603019613665493
0.6833886790502
-0.520549367690117
-0.151182980126133
-0.892521934386937
0.701609197706865
0.996125113177261
0.246442686886235
0.492666523255419
0.205479028915803
-0.545423916382393
-0.741296020201572
0.419573511546037
-0.406412864773198
-0.489673055595788
0.300831662286812
0.676950941710845
-0.348577811358074
-0.0933442110290712
0.611234786244995
-0.806459820043177
0.642375556239792
-0.258736175142039
-0.367840277619046
-0.885406504379914
0.414293618918151
-0.289232950487915
-0.397957491268409
0.0850528554320087
0.385019947413035
0.975037413692211
0.413749150441299
0.0813839946429229
-0.427345316026337
-0.819943727305385
0.019711181871484
-0.953042934712042
-0.192846213265072
-0.968793313906401
-0.567996824230172
0.762958912362368
-0.857675130410671
0.877221547696269
-0.487679651678285
-0.17935925531125
0.0271660081766236
0.896111201002297
-0.958952136671965
0.615799537251292
-0.124299972926102
0.173592512132158
-0.285040443896636
0.839310444206939
0.139276374629602
-0.0032167335537592
0.271290796538923
-1.00849824990115
0.454783138271984
-0.0540948708777908
0.11984235961611
0.374038931490913
0.441405211751502
0.243040672523169
-0.664245846268618
-0.776451314380125
0.685863849009728
-0.188601259913679
0.732230870016373
0.274791438039682
-0.351654039425
0.023518645060155
0.277795040809774
-0.3749530960869
-0.127888636348809
0.228986814380775
-0.281900440052371
-0.980382011461137
-0.966275751880163
0.105041788137834
-0.0133446062726513
-0.238036804748258
0.669329964233509
-0.703721425699427
0.325944107176652
-0.258471822384856
-0.738905182516073
0.714728812823586
0.0892028224419086
0.59382690822765
0.322425158275382
0.9488971600706
-0.761237225340051
0.308287565568387
-0.964942674191649
0.644269528088219
0.0976366873452756
-0.268986174890556
-0.85724300978444
0.700768135359937
0.259804420394669
-0.060266388081565
-0.0138414567014208
-0.528786981565415
-0.601306390802981
0.0829818378408511
0.0658159685165242
0.0781158812517144
0.5188561326057
-0.0206786634016614
-0.770578595697853
0.533781905545502
-0.614436637824753
-0.5925963687237
-0.35774545299797
0.185929698719736
0.659123602587475
-0.664984524261835
-0.58675581951315
0.427235620088806
-0.171667209938979
0.685765412973206
0.337285548529519
-0.69586349752852
-0.463107842950508
0.0708861531369346
-0.568546962425165
0.156288340221395
0.0488688844104552
0.990636634364739
0.306390630732852
0.777662078830685
-0.445839740690419
-0.66298310206422
-0.104075224130057
0.631579717798613
-0.620197146376939
-0.488466666714979
-0.895972647365282
0.322071389510864
0.371136754839677
0.186130297149406
-0.134005696452171
-0.429089375158647
-0.686960418887225
-0.709781010580287
0.256288184304438
0.0353193810996773
0.245324986881994
0.601421304694568
-0.174617157128755
-0.486204327626636
0.17997733477349
0.758405804816279
-0.0738352498737398
0.769951115402778
0.578680304704428
-0.83563458856884
-0.973834888489424
-0.530425548545339
-0.326941423361612
0.109045177286383
-0.0875261310279759
-0.493927802132915
-0.710994183120344
-0.70425553800479
-0.426607564718405
0.202735808596451
-0.0285564915523861
-0.851087318983539
0.0596172103455976
-0.791747050485795
0.629790714707996
0.76154319881026
0.331459011870937
-0.808110616180856
-0.315371013415159
-0.653489433767189
-0.712465909599879
-0.378005895782983
-0.828235308207996
0.160342372888653
-0.27231804572177
-0.321043487303712
-0.290820998610553
0.795304939096685
-0.263821172976708
-0.576529531349759
-0.759064606494585
0.451019162825758
0.755114526603684
-0.0530424090590236
0.847840521535374
0.373867967191173
-0.754177300813305
-0.844401433777276
0.307465437640444
-0.250812605717703
-0.681121751463935
0.166037446521524
-0.44835579572902
-0.977264109222718
0.0563326480437297
-0.293005107011684
0.0315175584550975
-0.751347397871004
0.891817212786614
0.945587851833049
0.452613279542514
0.370282979546292
0.602723555812825
-0.916976729589467
0.268541858976995
0.269798457103003
-0.928047757888605
-0.149075222550178
0.375693042915228
0.942506086977977
-0.325897437548691
-0.44091810075464
-0.678391707183229
0.201862496554519
0.661479467450139
0.451346574778135
