-0.836033986043958
-0.957637705108622
0.71015693437086
-0.639637608469421
0.359971414545246
-0.881206122487048
0.548184994849571
-0.126525913405274
-0.720914840353492
-0.978324112925361
-0.00684467795645405
-0.7782468916755
-0.197142082917481
0.384361202005687
-0.621353345326953
0.333190973728236
0.219189621982673
0.177198255964276
0.933777795096468
0.934067405031344
-0.914678210189989
0.625986006189913
-0.253615359858418
-0.368994005300145
0.374868156268494
-0.876231496468555
-0.429286050380318
-0.970162224591356
0.897335972446747
-0.553518181923075
0.277033003657119
-0.245824906156849
-0.523113141111674
-0.12341669542646
0.555368348422736
-0.690588939052249
-0.964449882765168
0.894508535089367
-0.112598388338682
-0.886187540969269
-0.112708849146255
-0.301631264160271
-0.095031912377826
0.880601831152828
0.455700450883075
-0.846166667322412
-0.708677366747198
0.482646291792025
-0.814994080132498
-1.01213071896821
-0.193981072556956
-0.728218991781793
-0.0794102121825031
-0.932829044065012
-0.378868959350236
0.276713288414457
0.678837377342729
-0.609568514856736
0.409640874946214
-0.611956444894308
0.591455491613286
0.586804279545026
-0.721077407414265
-0.0533190736864495
0.801301998599801
0.901644237308701
-0.788524226448725
0.610448389131526
0.558786109422906
-0.698824829333131
-0.657452964524719
-0.878872896690574
0.218480837514683
-0.530019676578571
-0.546420440189389
0.347560923584977
0.944923514603194
0.142103075055606
-0.560694698903549
0.172403613046935
-0.914799694966193
-0.426084415305187
-0.859083828893792
0.960520380158642
-0.790287938615797
0.113560394398667
0.844402538991457
-0.168435827918347
-0.897578632676063
-0.396695114730814
-0.357526266800071
0.0806244713096812
0.36517342492389
-0.365656807212452
-0.0429143681606736
-0.735850553295654
-0.608039163520589
-0.179628446551775
0.560243594767326
-0.264466872926067
0.511681320864264
0.921885510720956
-0.907217032865472
0.379287288882384
-0.0758658586874642
0.37630767746259
-0.501750495662154
0.629201987500582
0.96770585937981
0.523956545447048
0.368541170167952
0.686436655245667
-0.454044069286098
-0.891279505338055
0.696369175301827
0.590162708152639
0.588647396004513
0.42200766605514
0.162997764559532
0.231752171991731
-0.338249672338315
-0.547900994670691
-0.648020497224067
0.547484025242312
-0.681985146726845
-0.633502522756023
-0.650516142585614
0.678844306905464
