-0.0200002310385168
0.504501512395482
0.561035510847268
0.794026656403668
-0.194725553042136
-0.734791870728664
0.492544829638748
0.613515145387523
-0.299067701650972
0.818456471182895
0.265013083228288
0.873845143056694
-0.046217921017187
0.327916390700946
0.816035574881088
0.457792271228808
0.680705259226213
-0.533315920982383
0.208508021578445
-0.982207652869137
0.651149550705939
0.91846503793003
-0.472341827946473
0.935438477067502
-0.701870024199846
0.862786553922014
-0.677276911688979
-0.320183575032239
-0.263463711186262
0.349933056268151
-0.193085655938228
-0.88373183603339
0.831061184942784
0.959663753151597
-0.57093883118174
0.107971373922339
-0.354694131706012
-0.64168656767331
0.795579731365837
-0.202631269107412
0.0157531896411471
-0.444319409087826
0.925427826734196
-0.883712770465086
-0.201614458131303
-0.374552441727336
-0.269937255162839
-0.80326693103541
0.904468073812243
0.377091297584321
-0.705447039664802
0.137653595203715
-0.0189855347949789
0.960482946554152
-0.222190036030756
-0.0946536513273174
0.0964241871586313
0.171473641398586
-0.077825528134539
0.402074698633206
-0.151503103859262
0.0304384589231188
0.571842976117268
-0.81287540606614
0.70003429035925
-0.626341195492334
0.031665669087256
0.743268711009067
-0.297778150682563
-0.705233499816903
-0.88020462290412
-0.861902729674871
-0.737697142029928
-0.954951520100803
-0.0796753215814644
0.203380003245729
0.360798602500486
-0.441127947701885
0.0363948566728053
0.778208876962025
0.806329424146246
0.598853229941793
0.717207237890458
0.113231378171182
0.850716726365187
-0.750626931916623
-0.845551748723508
-0.576477151099052
0.634327472553059
-0.267254538528901
0.762372165414528
0.627865098254841
-0.129709129120954
-0.156612139611149
-0.548000347997258
-0.799056365641613
-0.00281430768166547
-0.989395666351895
0.490427333418607
-0.159709434298996
-0.797049530070237
-0.0763473700957479
0.291615537280363
0.878022699010054
0.579060111380987
-0.954282541540981
-0.908513613596707
-0.130608688117915
0.153341491800196
0.928053890222816
0.834744866978786
-0.371214450858852
0.83356560225076
-0.405364843936689
0.265406424525376
0.0701770873263894
0.807256234543434
0.541413226126504
-0.12071923003065
0.856042531382525
-0.608113534814873
-0.130345674253886
-0.33318017758138
0.218645220375154
0.679288255567485
0.593523707353243
0.204287840063943
-0.370809663867554
