0.36980583986545
-0.761361843917107
-0.365843965218069
-0.0552937603859311
-0.507005808683169
0.527415874610461
-0.738760211529805
0.622317161210186
-0.509193725732634
0.105798471575196
-0.539892233781913
0.123431854453015
-0.547539622138974
0.314644737366706
0.525177651783591
-0.209631733771837
-0.582051023363762
0.00455720583088826
0.143188309271034
-0.688543712583103
-0.781381798576689
0.814647617160125
-0.659859973625328
0.94030905760893
-0.974432973388158
-0.219661842740143
0.233600973072723
-0.0784003870864502
0.173952035453316
-0.775243950937573
-0.0864832949176706
-0.713820363977817
0.991124831637907
-0.281870076452377
-0.209512637775261
-0.718484821778723
0.741640543079072
0.0690817833990251
-0.227534503164032
-0.0854026016377649
-0.978531641199205
0.385021821542641
0.949854892140859
0.665764194965223
-0.658298852221376
-0.0352425339636677
-0.990784206300778
-0.634881704178639
-0.74717655092775
-0.302069023105421
0.619261316064828
0.863664207020058
-0.903876733745989
-0.540869995430174
-0.536151007061632
0.751004308824309
0.973579329874048
-0.525390785700473
-0.528271784490352
-0.52962963412731
-0.0491422203389767
0.632689390591184
0.26633478383236
0.841807180895551
-0.241411913404726
0.0470489638417278
0.363632936480363
0.605959525444619
0.404421772541061
0.946061924796978
-0.00167161155071803
-0.37367802279219
-0.497640453485123
0.601059501565878
0.406517321210428
0.460589049873838
-0.167633905914022
0.991594265981803
0.525143484344641
0.727457251683472
0.0728254697641672
0.227839534550129
-0.485451049706633
-0.206664654650928
0.40463229178084
0.44265377395269
0.0992430291265034
0.228491317050791
-0.126591788124641
0.522275943215905
-0.420529424592333
0.0750861155079655
-0.54553204766422
0.213265307263217
0.189486574082444
-0.219586764545803
-0.0546195612596072
0.997774267064674
0.368212764199865
0.568457570538738
-0.56630078525281
-0.0610762604619944
-0.653736980531485
0.633181705810275
-0.608524195297042
-0.544416128578229
-0.375881317833439
0.713748065409575
0.903424829700287
-0.235277613079982
0.818533273204368
-0.76835506167194
-0.772745829851652
0.389390870957376
0.138608385874475
-0.852505917071274
0.291450720266356
0.414711250320056
-0.71987567706496
-0.352051239436971
0.211985500121845
0.44153986866125
0.827647682782329
0.161541652898233
-0.682269004795129
0.273461895283305
0.557278904810544
0.598150292934408
