-0.58716971684729
0.972719360719897
-0.454722423738092
0.509233514584784
-0.0380697206896764
-0.158121280586897
0.106976920546066
-0.147997915634376
0.48946885326418
-0.626925034978163
0.0240288726777213
0.245150704202662
-0.153198595214058
-0.358828827026749
0.522398110143626
-0.291238834440444
0.0806205843151632
0.914658343395845
-0.147821834094877
-0.168051726306578
-0.0203044739708311
-0.541411384523223
0.496248575671265
-0.0662881739302
0.823609474337373
0.590818911173268
-0.689085023844198
-0.686867816466364
-0.899362964264502
0.336808454427012
0.858647382140764
-0.116737807096194
0.63291742911769
0.568890203557989
0.474476185731017
-0.205567544421044
-0.397192692892378
0.0626249022685715
0.34093880015201
-0.15329155660473
0.617946163960956
-0.28737188413099
-0.899622202199687
0.528264443741457
-0.691922664814063
-0.716364504937789
-0.758917951503441
0.982336071477208
0.742726136908678
-0.350613567690046
0.994964129191925
0.662178458055705
0.318959543894955
-0.0666581971320361
0.512045441559106
-0.582589485381282
0.92728784405171
-0.31546585861333
0.242775477476692
0.228531572500647
-0.135115262457598
-0.208266521964687
-0.612922139436839
-0.890198180668386
-0.207501246086884
-0.754335988379763
-0.24437256179414
-0.0303786189382455
0.952088438187657
-0.433530658088533
0.481780577889911
0.860033467483022
0.323518253120132
0.438300938208819
0.0277711705333166
0.148591320874656
-0.28967436979769
0.921592419558007
0.396422429036018
0.336755783192083
-0.258141946933781
-0.934349667447914
0.936441132614927
0.14110438828148
0.757350421432943
-0.372031598491493
-0.649080944963631
0.601131534815691
-0.396248798294245
0.363052889244601
-0.712464515328313
-0.283792389643614
-0.683267764372427
0.552098743422435
0.304505043288306
-0.880820201638127
-0.364232248878584
-0.060228565893887
-0.566651816912041
-0.551123017196945
-0.163636841569295
-0.507408435113719
-0.792560602007992
-0.813744700364426
-0.269619328323082
0.443068782425318
0.644612226309939
0.753792279761459
-0.426216223857249
-0.327348197073356
-0.227270558635954
-0.829821177884732
-0.484271331946668
-0.951354256275255
0.544354010304735
-0.752693966905383
0.90965369658468
-0.317581870882387
0.273677517091024
0.561382063255965
-0.976443377138944
0.504696505848948
0.860383182665064
0.695234433198076
0.925455217994456
-0.448018625860688
0.197399832844144
0.486391287439319
0.313003425441706
-0.773071731024357
-0.326888304387695
0.44083598898489
-0.150799421490319
-0.946814755104125
0.657813273388713
0.142170135557779
0.169695713447513
0.413791802838771
-0.00947618593203726
-0.0155117140853175
0.440050160788621
0.871196204158605
-0.124147920453508
0.0102384091475697
-0.389689599745118
0.37218071587174
0.59275491815085
0.24836895951006
-0.849054305876549
0.83377100509357
0.0458445904813242
-1.02030862567538
0.80389919373198
0.105016648071745
-0.549263127086562
0.809105428634152
0.231786542747437
0.381977855006751
-0.511640903003061
0.78146710199532
-0.20649556972991
-0.250739270273093
0.616250279393343
-0.596477329281191
0.0603233856889383
0.0869118048060345
0.467863503435106
0.103432050282775
0.440649506682478
0.307914711345367
0.454581253403143
-0.455602896157573
-0.633102963351909
-0.577710759314773
0.291967881250696
0.825373599224735
-0.035170172450318
0.833333442167239
0.121935524449221
-0.311739565585918
0.229006573945586
0.476954823636241
-0.0559824430027186
0.171008626051934
-0.437224134458633
-0.304814121507278
-0.521856444294183
-0.580581743625312
-0.835593286257172
0.362391955044732
-0.898394714150334
-0.777099149592478
0.117916403875969
-0.691060693740704
0.199838331889027
-0.115273197391147
-0.272519381288712
-0.757275131253564
-0.658581645258912
0.886120145489564
0.108108537219399
0.881860856195785
0.583404990521328
-0.635794886734943
-0.951008815345051
0.873556668311731
0.387531402143632
0.984576363501799
-0.620237947710853
-0.649802545449841
-0.903432484767328
-0.848831298998367
-0.596246924348248
-0.300865508843081
-0.412344549080246
-0.0553442837392111
-0.13569928507277
0.706519105870113
-0.489462706527337
0.92483698900004
-0.132366197800903
-0.990480027626655
0.254782661428462
-0.795052886226146
-0.128558782718086
0.10943474022613
0.44126338195517
0.930087801129961
0.430021246342632
-0.61689703888589
0.889780028663358
-0.651342163040732
0.388364118508932
0.954864390099945
0.273886308616341
-0.631053877525986
-0.336993463754748
0.683611853584204
-0.98417633361007
0.970292588257831
-0.311728695082767
0.63051290144346
-0.356887591175607
-0.786882602218018
-0.893906377874608
-0.234893558240048
0.105544772950499
-0.480803615442344
0.26500199031601
0.361015408776867
0.996566367089793
-0.64493711104517
0.307132257185531
-0.210240597877419
0.357397200890327
0.145103924478759
