-0.367360814615506
-0.910006225267787
0.69908857400208
-0.0482751593748991
0.69521834185015
-0.534849191737629
0.653144290578457
0.632387813095623
0.588678714015001
0.719296339697441
0.402607466185659
-0.686311017472821
-0.144562440615251
-0.55970322322998
0.643508358925942
-0.712521268022596
-0.712911237468845
-0.0760133756269981
-0.624641707164602
0.0514489591672538
0.813359812733851
0.386194393359423
0.211216006174549
-0.564631914670861
-0.274958722413983
-0.654739948447596
-0.923264769549986
0.538970882699969
-0.0697522561961263
0.459991610857507
-0.496819275036098
0.810702534274829
-0.801245633784869
-0.923742934349903
0.452646167962088
-0.40523993537943
0.75557679301054
-0.110167715599578
-0.484146542413606
-0.564710217664192
0.37428136579042
0.488729445360382
-0.880304371934362
-0.890037871617083
-0.342872707565623
-0.391109817949127
-0.465564628837459
0.0578949393799841
-0.572524531294382
0.399712917761503
0.258436408793518
0.993709832972482
-0.327255506839745
-0.505847174506352
0.354306895766854
-0.448294792384056
0.585012723420056
-0.998745274715177
-0.907576250183226
-0.0487220177772174
0.944898821522116
-0.895209498587472
0.42393797946345
0.572573290072799
-0.0045710952635678
0.275885281765371
-0.0171074867435983
-0.159031637527115
-0.801848582535816
0.64460446717664
0.103469772386553
0.514033417563801
-0.794631394492213
0.393250993006717
-0.563267942168603
-0.936451179793311
-0.947998694861348
0.672876229462021
-0.218310702564531
0.447313263158925
0.90419286474842
-0.816145706158092
0.447869549140582
-0.776126123534383
-0.90277950027424
0.16916264607028
0.621822830083421
0.213900544110984
0.271085455236206
0.166406992872214
0.740338618354679
0.723326137286558
-0.143411421262336
-0.887323269089473
-0.109020536718845
0.584231021381305
0.432600166697927
0.690547118821136
-0.57285291328583
0.771538680070486
0.767220513377916
-0.751458791516658
-0.103104486618435
-0.371336844436527
-0.987323136867191
-0.606114338740873
0.38273646780668
-0.154110465949523
0.773413255970464
-0.326901057695714
-0.785179903055753
0.0943467241543583
-0.107445829124736
-0.272368317652927
-0.722523596419571
-0.162689373832154
0.526465395316337
-0.794930907608311
-0.227899852558964
-0.430340301324081
-0.850821176782494
-0.77559497788891
0.102539438245078
0.0924504637700507
-0.554738166828173
-0.149062482583715
-0.067426590722536
0.305866405194259
0.155227175690095
0.950657207685563
-0.512124355141256
-0.954068033149571
-0.565942038959695
-0.396655220720342
-0.739524038127958
0.624823607702879
-0.0599180989546471
0.954564728258909
-0.152832980791803
0.954973070070211
0.926668649212277
-0.444251686994061
0.418838512880048
-0.188720220142427
-0.582794843402948
-0.902531859608202
0.368472647023689
-0.234950085768719
-0.375086600465237
0.0630531031553843
-0.654496119392572
-0.153829684202404
-0.484020044748004
0.738187465717154
-0.528890178352166
-0.0785010874920595
0.49367826183119
0.5567664404511
-0.625259574787769
-0.104390391419342
0.0853194459606914
-0.486905614282125
0.237166147481168
0.90874815914903
0.588952860081869
0.0397732005997331
0.342122897351233
0.361636595280897
0.344478769463814
0.592869730593916
0.0626182051091322
-0.461256269822598
0.507793189451213
0.112306649465332
0.541867343061342
-0.37019046144912
-0.191617680596302
0.506791024994394
0.804120296452643
-0.950017550558008
0.113268941350954
-0.382759114698527
0.101113649569742
0.248211250984258
-0.0980684362770463
-0.0443609166015348
-0.380810626484274
0.803793795014764
-0.503484149408896
0.626314158702853
0.464202334846986
0.083243556386384
-0.155976261054432
0.823655562844988
-0.797785419429998
-0.599022139824231
0.197878372343842
-0.398620592839408
0.874679296210464
0.250620011929631
-0.552847013279869
0.4408770406309
-0.448286109896217
-0.0224257498248208
0.935930878369411
-0.343342018056683
0.0926258695513646
0.46705420690842
-0.727071712585706
-0.526372845850824
0.527849236935983
0.712318884881998
0.199964420849989
0.438520987776427
-0.152072869299207
0.449322750153382
0.246710215484624
0.0939290946789544
0.955052217489104
0.225005390756519
0.164527837240229
0.988154806709606
-0.848396199643135
-0.384782991777839
-0.371759350669332
-0.66457497396858
-0.745141852429117
0.125082663829907
-0.0359335115411299
0.364917075983169
0.67209264662112
0.878600071623247
-0.587218516717277
-0.198686952235107
0.073608902892071
-0.117302158565376
0.987085690376548
-0.271677798267811
0.614750454093461
-0.108069860311313
0.574827019135808
-0.666366295861722
-0.451866815345393
-0.1667324065094
0.410761561265902
-0.957930340091247
-0.0288279971561651
0.285001446384088
0.373076296341258
0.905688287297016
0.755951265350128
0.914426533206151
0.314071031503447
0.914456509327785
-0.0246516933162235
0.0314705017052519
