-0.531474588113116
-0.810623207184219
0.208654529707879
-0.439047132723665
-0.235067727336272
-0.956159250164967
0.431792472757112
-0.881757454824003
0.471208853266796
-0.861422431608335
0.942252557921107
-0.593024864006916
0.68035629577449
-0.306086472663467
0.341104503789174
0.531866061563606
-0.455665529568209
0.0860760703334227
-0.273340899293314
0.402054820923639
0.0646841126164663
-0.58991042388283
-0.715353903815114
-0.387440070150718
-0.0427055409626054
-0.134395869201631
-0.0219972403365125
-0.636835224330344
-0.00831126562900408
0.912539644058636
-0.224730232475643
-0.719364298059231
-0.734136689610327
0.693760042289356
0.192949671203734
-0.503303400642191
-0.482940243932759
0.369477177223157
-0.72390783206154
-0.350459728060108
-0.584104403562722
0.363848210823896
0.76671799785647
0.63394604237319
-0.0890154790637869
0.446047335316985
-0.349560687042007
-0.97303863896417
-0.718533574577252
0.888268117778846
-0.314700749514141
-0.769998774486928
0.974166658456313
0.674365749185782
0.640766257829266
-0.439281001350284
0.153106431117698
0.693483758239671
-0.199540445527905
0.551947021371948
0.253743690631338
0.916988712320328
-0.284365244150915
0.446936632667303
0.214649212844929
0.803989043876869
0.0931200749184953
0.906437056896105
-0.0163375231941423
-0.736202530556375
-0.253922511258942
-0.438846493548022
-0.872986002014183
-0.189755185827008
-0.351239386413911
-0.27780765115456
-0.445473030277051
0.918199537689754
-0.961670583278037
-0.827518590310043
0.0675293522302907
-0.905783889530985
-0.686011062976194
-0.1522694365251
-0.917485736661337
-0.399525731086657
0.747654056724819
-0.158941506752856
-0.709289825789468
0.547577964650179
-0.299091087723941
-0.365957141068743
-0.335041973236955
0.0616549991235127
0.374780106860009
-0.14856807689196
0.764220608239329
-0.203903258733573
-0.8015425393064
0.708685411730912
-0.881684158947369
0.535879899109327
0.152948321135984
-0.0769076639240076
-0.115734021576055
-0.305360713399386
0.0204513567032176
-0.0418197886889378
-0.112410216280048
-0.304753473694692
-0.322852554707104
-0.510679286995393
0.0297667910067836
-0.517316764701457
-0.102743866652107
-0.370820170867888
0.825344349074774
-0.767509288504763
0.521687433438598
-0.302960803668997
-0.519234962190105
-0.151930706762546
-0.292919830455487
0.77395470129141
0.497048312508154
-0.307390053725334
-0.154361878652557
0.93229261139072
