-0.827024444237199
-0.373277196659522
-0.937318478494698
0.39660871923791
0.9274634232622
0.0938737595726989
0.915037692194591
-0.342591260651782
0.693653532310107
-0.732643008549942
0.790314902318755
-0.376863697618695
-0.647128808385724
0.183529107708893
0.93990121544651
-0.0449340184220602
-0.489495308411955
0.0768655285307539
-0.101938239767312
0.671696913619802
-0.626716486765368
0.473123838179594
-0.548611175457698
0.220963176181915
-0.214508649408938
0.814536942258379
-0.0645096612216973
0.237532162462509
-0.329550359598811
0.936973514010105
0.787399306987491
-0.590381404497364
-0.864666274930342
0.0455268909257365
0.659247643072062
-0.113923580799701
0.934097352840968
-0.394784542041129
0.471333421410397
-0.343093984389908
0.987738619380586
0.938668425647279
-0.262138427323499
-0.907330687302151
0.673783625281703
0.931046922922036
-0.466660129225043
0.414841400396825
-0.216034521571294
-0.977151363011817
-0.233536669374112
0.399947142508578
0.267588419176899
0.392390992666295
0.675477452348761
0.60231143966465
-0.250252752799763
0.774829267037676
0.443276057625677
-0.130536874991499
-0.177656754662603
-0.595548235179832
0.818731938004897
0.191776720741833
0.8037034614538
-0.1226547238751
0.248553698491994
0.838652071683202
-0.737996549173183
-0.0309407183437495
-0.0098468413525815
-0.0936205257602332
-0.394449764828048
-0.853210623002613
-0.0643396646153863
0.328579944073358
-0.891362907530348
0.530267344398215
0.790215990831506
0.494488645779505
0.715458852518231
0.795951718223951
0.563963249171839
0.467693375698794
-0.578661181333564
-0.00227401651816002
-0.122915879508034
-0.395868839291343
0.891473714825121
-0.517021586629027
0.120827822084785
-0.0734967471814455
0.81005364345449
-0.0190053375183356
-0.760857086339372
0.0701922365414709
0.781275153825611
0.516071659124044
-0.824001225452659
0.16295534467489
0.531288695478119
-0.258263482901516
-0.502500992995934
-0.235442145760444
0.69967387231428
-0.880592020936346
-0.448666129191002
-0.0870249836416838
-0.252348173117726
-0.00453442832160947
-0.213190629875364
-0.280945911576645
-0.237886489020344
-0.91691369787527
0.528032813150152
-0.322844633894815
-0.1439090674425
-0.803254505677933
-0.0350685398867594
0.896867779678851
0.174826723855146
-0.297779014335854
-0.440395936496466
0.735090165840211
0.518745362738754
0.116204837338021
0.735689264545516
-0.471283339695759
