-0.0241998759926037
0.423861720497096
0.104675596567369
-0.733177887844362
0.330507717787096
-0.246305664022964
0.439458833147851
-0.921442970595969
-0.392888636092742
0.9022878794009
0.253727909744304
0.467520948229708
0.456166029593899
-0.832702795098575
0.905717491268067
-0.149227650617778
-0.516445335205803
0.249245950566673
-0.968641828616826
0.789899499574632
0.928038184438707
-0.312142410901274
-0.845815083632012
0.662601089986503
0.862497212608308
0.502673916977523
-0.481214522168821
0.200119608591569
-0.378311548061463
0.430521069093779
0.0362132824773704
0.619995654600341
-0.169233428976483
-0.859122125710441
0.719197437450523
-0.898558377560481
-0.19301721789256
0.625767329206418
-0.942791624528393
-0.524567538826264
-0.0806890983215583
0.521475612483594
0.441799713983066
-0.478458492247772
-0.552915041887666
-0.823961790068256
0.17168705387236
0.822703249540564
-0.644360368464994
0.725547781072341
-0.782344684715681
0.577244188293953
-0.0871935819683897
-0.720553107133447
-0.322214276542246
0.49486832781039
0.0638823127847169
-0.295774402214038
-0.586659415124077
0.32122342876107
0.0816114211121199
-0.0394882589713916
0.680684925231996
0.577656958830961
-0.136394430799961
0.358370566192417
-0.541569533422402
-0.638921906652449
0.56402850665683
-0.789656098609727
0.769198577441804
0.0784266566206705
0.636555047097779
0.247968788004019
-0.144790225506359
-0.466940800768344
0.651103425511297
0.382357249427301
0.849443622808637
0.867947070848599
-0.204497702010371
-0.915674424935577
0.873834596187244
-0.761724008893963
0.747042652855064
1.48020510529407e-05
0.61736610560557
-0.672375400744795
-0.092750367458636
0.887456700766842
0.339780853442441
-0.674986392492232
-0.0529640279190201
-0.0151620169376486
-0.946100104972483
0.361286162362582
0.474855650943287
0.491364469206705
0.410748339638185
0.898853268849628
0.0684071396472037
0.00954080320452275
-0.647850363728695
0.235724739940768
-0.797634382531028
0.262623129787567
-0.271295567462584
-0.527883184898107
0.0255228246733594
0.135481292870833
-0.448318431719193
0.851906059901278
-0.0966271812524525
-0.554361008074121
-0.164465607576216
0.765644883575357
0.356037490395234
0.537895875737836
-0.495024471067202
0.796659594449322
0.361487210016507
0.0506887154841411
-0.883555151668287
-0.0488915324493959
0.340869145200221
0.311743461446673
0.06135343026574
0.586668004021569
-0.998832830279154
0.174363182145003
0.195175826650652
-0.0124127264668958
-0.88804992054423
0.515680323899861
0.619660704469828
0.151943588134734
-0.0509998235056199
0.373115599819866
0.125708317162891
-0.241071818883194
-0.244530159764187
-0.296057240792746
0.31892101260772
-0.651392461984529
-0.366558132702622
0.243014695586158
-0.134457521373425
0.774636486609687
-0.0968761141379524
0.255044583066207
0.911623592207365
0.127301460213378
-0.353229333500746
-0.299992858837692
0.102225231968371
0.753242414887219
-0.769584710483195
0.96528302816899
-0.883144499858964
0.337186095032031
0.203344294637104
0.986197392308473
-0.69510143377054
-0.893401447751335
-0.282606493247094
-0.252919044125932
-0.770759409478767
-0.676475876209467
-0.60471494466907
-0.973939762761981
0.0230669953258073
-0.296057711057868
-0.849404138187786
0.473697808911765
-0.905340521507172
-0.887398977926998
-0.728768710218854
-0.713446234015157
0.150226417260816
0.961473018360721
0.566476332981362
0.973807105624502
-0.224520222788963
0.539151645966637
-0.588643161189845
0.969884370451882
-0.664407187076661
-0.694464355601764
-0.245420188233561
-0.637320536616576
-0.987643518290948
-0.543974316320508
0.301431419081688
0.810956658459734
-0.631757624708776
0.321698136701774
-0.812417509274981
-0.0123157352822461
-0.0270040704588547
-0.559090221721827
-0.97356460440137
-0.580503530463369
-0.375958748080608
-0.351026036159243
-0.119867508219064
-0.964862903366764
0.840526765699835
0.133347016829311
-0.662748172047339
-0.857217810296036
0.525883726411024
-0.99318043320536
-0.094930336057923
0.546279889634706
-0.342326523920568
-0.0526467121761194
-0.737243477715909
0.814632146928782
-0.776772755107057
0.379434239575407
-0.749797233504713
-0.298506748871376
0.181053356538259
0.189660207633838
-0.619685545401306
-0.684957648564076
-9.4858826242266e-05
0.741219805478746
0.498872631725232
-0.728589698131834
-0.718002630253143
0.466667025151539
0.0684685972819703
-0.276725363457172
-0.348559954221398
0.671406435903378
-0.0809956750456478
-0.454663823810838
0.8783012459355
-0.188991075140253
-0.284271889361195
0.954333901676803
-0.289951313308142
0.681389509273545
0.860062023645653
0.18118834219448
-0.432187089883889
-0.807375766147527
0.0550779574301314
-0.639987305007386
-0.541644542108753
0.305130998264599
0.384753114274384
-0.633880000306378
-0.863404583235495
-0.272689232119609
