0.37788718168862
-0.183418916156915
0.474520759903051
-0.176170392269868
0.704577850759029
-0.77140231909482
-0.290774790736463
0.511130801335072
-0.808198666580703
-0.472810659873671
0.615026755198322
0.463754574130594
0.766473721815066
0.105470044280775
-0.359684317789243
0.86666046936721
0.513441424716628
0.414440025496998
0.443094780763621
-0.319940900663865
-0.526252851975465
-0.95584486937072
-0.933875552058406
-0.500944689219183
0.928164673800626
-0.826756754352922
-0.262514667285998
-0.871933924936565
0.0887997010912085
0.528269784197726
-0.0658800557717296
-0.752569450889954
-0.516530641465508
0.399531012388927
-0.499517125823723
0.465940029374769
-0.904049588338103
-0.0254700301747737
-0.116092249075493
0.145665830507842
-0.133607219168054
-0.261545075195756
0.559166071330071
0.628172283216603
0.535711782548748
0.937639813190695
-0.757307322514821
-0.796188926044035
0.50965006155856
0.0291343163544001
0.579843058572227
0.920784354583647
-0.925093820522825
0.371064314550684
-0.718941707881387
-0.922774118284412
0.220599070839472
-0.305281062572543
-0.464739610828489
0.176071965084564
0.538761277827076
0.155625223520931
-0.822221199009415
-0.395061052087553
0.822336970678721
-0.632812158650319
-0.702647874568754
-0.731706110683948
0.755412895267712
0.869095095176053
0.691291601786668
0.467760809255715
0.527517632495945
-0.0236314206922514
-0.370148023757094
-0.217615653754253
0.552615050105021
0.867633670105412
-0.471276204361244
0.67214299659607
-0.605090848138825
-0.430637259720266
-0.349988609189122
-0.95497955267552
0.388202368851127
0.181705247534543
0.637898040509575
-0.331740972250045
0.417647726315387
0.995754112480066
0.298403636375359
-0.539861663121189
-0.944821606818349
-0.242448542890477
-0.305279700602235
0.263562924409277
-0.00298679487430252
-0.318339028495996
0.342760432206652
-0.515113381710391
0.0858879125301278
0.280579707086845
0.774493981917551
-0.551047665884916
0.702781023843
-0.471700187159988
0.329223941048742
0.804870350587049
-0.173396238760978
-0.0818655058318887
-0.840995431629898
0.408949769603185
0.635970668499988
-0.908269033853142
-0.45168718036739
0.971634856634852
0.227813367235516
-0.499110703339256
0.491532216683364
0.863556948989397
-0.939092502577009
-0.189565743514226
0.277550956478832
-0.0322393637568902
0.045596170006568
-0.383791161491793
-0.797716658133652
-0.203983151578355
-0.915463554629526
-0.706273176149733
-0.922711346974745
-0.212611292345683
0.613222545481048
0.256899218209103
0.25319664418461
0.969105025391988
0.235748094456601
0.60328657558443
-0.270132210208412
-0.991360275236324
0.699968458641926
-0.329507239948084
0.948093963222625
-0.695610419096477
0.469893446418632
0.0557454148326334
0.568693993957835
-0.770007764599111
0.430221596828527
0.196357185427705
-0.69408683423771
0.211501827047329
-0.730624437805156
0.197025718673743
-0.615677767796801
-0.358339418025609
0.35387561416534
-0.0717372500991006
0.0432055939241596
-0.338366074278686
-0.241198697894188
0.847346638690624
0.533171733858378
0.180756204797997
-0.769400412815828
0.0236104040413294
0.903680435162516
0.26885923173519
-0.156996031543823
0.595149810084732
0.416654432080171
-0.132529232504638
0.168850264564634
-0.659833323535856
0.298590384795739
-0.589339566682136
-0.511939054088771
-0.989618732373235
0.778476855035117
-0.592637547168766
0.498906776076962
0.069478532660022
0.471410845930694
0.840490972275126
-0.0601764148594761
-0.384940203474438
0.251659789031813
-0.347463908381509
-0.0281854528766106
-0.49050030911444
0.0980429755148225
0.0740517245987498
0.926994853711903
0.642537845247589
0.620017352288349
-0.941564401922594
0.0155208441531284
-0.996032831431187
0.374452035491646
-0.0257029094772761
0.559870088345051
-0.714885152523506
0.287359401091945
-0.910604937926678
0.29131220974451
0.185929891508156
0.915774070270088
0.410028539713325
0.898432781350143
-0.96620726765153
0.946629008257801
0.686968263486547
0.142677912375004
-0.390015001055557
-0.43338493557478
0.743074968664029
-0.043975189388567
-0.0423049096894014
0.988203692717475
0.126038998267277
-0.0808349427207917
0.6034682446667
0.597051330924444
0.146613689390405
-0.607177559752289
0.436778902637119
-0.803505769754833
-0.571678509159723
0.0698261845793969
-0.853291720476125
-0.994228940119413
-0.740827060828444
-0.138822989919686
0.118090717476413
0.209164877558818
0.682527607654358
0.51961313263406
-0.440405234680838
-0.755019372283595
0.832315842725684
0.516720248066063
-0.330220635185142
-0.274283904099744
-0.0648004798174493
-0.288980731449593
-0.575457592277065
0.149697836032646
0.517860017836474
-0.187396551552675
0.929492126562868
0.993401877391877
-0.0293315133352321
-0.561823694764054
0.325792911550734
-0.471839410465009
0.826175181363371
