-0.456684985706283
-0.629289447330486
0.647741186354392
0.415920387486654
0.342348233114375
0.577404786373748
-0.746435196118375
0.202435950747804
0.741531330713625
0.985970457781618
-0.0091921032272797
0.987400864056663
-0.449163112756475
0.25915154542867
0.207540347100615
-0.530198326708858
0.209710180296919
0.867536633211083
0.810748074331237
0.879149327462475
0.948333903409361
-0.400038764873295
-0.478477567587315
-0.770896874888291
0.589476317340367
0.399656291308512
-0.0826774998037006
0.765617947514993
-0.213499252143863
-0.941578354890268
-0.19625974076845
0.0464901352240594
-0.412719627683499
-0.315199615791166
0.833536636020302
-0.344673087656384
-0.897884701088264
-0.417445964160227
-0.00717956159036077
0.178225509129964
-0.509377295398932
-0.183105647814626
0.46450855892334
-0.460065870989023
-0.70280098720379
-0.67057639849481
-0.402389994547398
0.255754367836917
0.125988046898552
-0.807647044275039
-0.775848011954205
-0.359497930408552
-0.207501934096989
0.298408486241416
0.818041493446796
-0.994839371487539
0.926680063353294
-0.185444609308641
0.791284409742267
-0.322461200544963
-0.509418361117174
-0.798767334758855
-0.860813307642291
-0.563788925027783
0.143994699992028
-0.864441845114647
0.550149061519504
-0.342959754842026
-0.0249581111795102
0.0855100498588514
0.772698018478094
-0.337017454648134
0.267757687392474
-0.455338610481815
0.817746238591052
-0.76569221905183
0.53855551767387
-0.765209027631125
-0.531278422643308
-0.450961898476139
0.518810071116191
-0.0745427930069017
-0.0137502987381815
-0.499247991809632
-0.744570454487164
-0.99280331566764
0.629031774335663
0.925543528977132
0.448612881571453
-0.604571986657715
-0.926599858232797
0.0466912999229597
-0.963994067736235
0.683167206191304
-0.402537168822611
0.436393619094331
-0.42229504788849
-0.372959241672963
0.386263245300809
-0.510292507415665
-0.889901562665086
0.633478496344157
-0.835456302697525
-0.24641566734474
-0.528331368764707
0.176477180403413
0.753839739521653
-0.785941807796901
-0.541010056156964
0.0384023296906141
-0.984082820645641
0.851725273636279
-0.0991245072074058
0.587882999792389
0.748352899671404
-0.327933777720561
0.635846619182359
0.345942671898776
-0.373398955481693
0.000859168685957368
0.407758189008068
-0.336475412111899
0.862422239181719
0.00941936645093538
-0.828330957438969
-0.192742616409745
0.0318200367264364
-0.304160847747939
-0.0731455233352794
0.356726181981222
0.72456967409789
-0.186388537473669
-0.153701898565256
-0.561910727612575
0.878808053466006
-0.651686378051219
0.81057606579838
0.29731933451691
0.280311983674464
-0.279151757325439
-0.846872680808988
0.00331952013146064
0.271292552457301
-0.990031239299403
0.231548568513123
-0.338245200944673
-0.0651790717874875
-0.607819683672618
-0.720732057359315
-0.352791533049277
-0.512511277674698
0.802344359511865
0.320123616620413
-0.984941942947803
0.722159338465949
-0.31012525762603
-0.143155626652142
0.815866458609355
0.582635036945971
-0.559050627177859
0.214977768785496
0.371443681694015
0.694355823060727
0.625308282309391
-0.0212429403809401
0.0290229425283399
0.233042632624298
-0.242159299079725
-0.842782705511253
-0.352692608003872
-0.363448342635372
0.421527377794898
0.938021279070059
-0.663368897316551
0.022638809676552
0.0146347283027726
0.593736066257347
-0.377280980722602
-0.72680126274891
0.681441325716618
0.895726697738635
0.801548763199267
0.92642550522731
0.547009103956567
-0.936742495668906
0.875619163721738
0.955196644559565
0.597480991048792
0.921481139906416
0.811312651793222
-0.171590636236378
-0.00182006421274264
0.161696569174619
-0.144510816626739
0.173670233765303
-0.049217331028409
-0.22342806089036
-0.158310617063676
-0.0264237174466219
0.191369339767379
-0.481428610677812
0.669732849805019
0.237445795747818
0.591056192825115
0.580144491413045
-0.226308073799336
-0.693043942722763
-0.316723362841771
-0.70782679757404
-0.76433230096703
0.28213059755158
0.080466625905865
-0.338829322211345
-0.84229935598822
0.995233123177489
-0.497395908963715
-0.57948711603261
-0.0568989331942082
0.869769624252779
0.00261347270231398
0.739304186007225
-0.60478158178437
-0.079842086358431
-0.753190881740517
0.395861292870098
0.657725260371047
0.00206953101280222
-0.651605779491275
0.00981147035433899
-0.00082246792005771
-0.77691106417272
0.153297254901474
-0.25998209164875
0.31252251489131
-0.997930424521262
0.250141339387145
0.279020360622442
0.112385317293298
0.538034508107754
-0.211237156819851
0.840801901085539
-0.931152586167874
-0.375475274669224
0.482478531028296
-0.8707554227123
-0.0780187040596108
0.611823167320239
0.100265763416854
-0.188481442167058
-0.66977422910502
0.251232133261233
-0.20269090718043
0.395777660179382
0.786111783341885
-0.981276363096134
-0.676489537177674
