-0.854066597765726
0.741898283700662
-0.335746357935116
-0.895847230204509
0.163166043366289
0.400456419269327
0.067111703421254
-0.487462837059756
0.134242125378466
0.286694279847604
0.608225783476693
-0.345797169388552
-0.890376553184985
-0.0344785391844991
-0.884715965629567
0.608176841632598
-0.675835068634379
-0.638671432380642
0.932454420239564
0.345798205517091
0.991886124490838
-0.0485380530262682
0.251887324023581
-0.539987272498544
-0.408875912996493
0.89762410425571
0.445207823634592
-0.72263306519606
0.416440140750807
0.377806079894197
-0.254312345222728
0.811985129037676
0.648245821383504
0.67485334604685
-0.687910529528573
-0.827452304498926
-0.473298269726116
-0.73333073765275
-0.490600695249082
-0.707754137669137
0.467941918746374
-0.886817529535847
0.631568977608571
0.662939471049759
-0.71046826963708
-0.996044041379909
0.393324628489447
0.39435943261904
0.746078852835017
0.0555522343889646
-0.263661403724549
0.7091817965403
0.256922409085299
0.795805692271835
0.968198571923738
0.108286251694099
0.208429303513585
0.42085125489563
0.386597199472669
-0.757020529798694
-0.889129949522211
-0.745183876277626
-0.562054320437365
-0.553924831420623
-0.732783124213704
0.0273885465306513
0.685826155259158
0.0217004679971037
0.047868286660341
-0.344659668818888
0.4683919763246
0.712116768281988
-0.107320230176188
0.828079314581596
0.92022116472194
0.385433448220828
-0.906230066839475
0.0419183364894738
-0.672186733062532
0.297266809770714
-0.852302354457826
0.280530262692565
-0.0930065224986362
-0.421915031469379
-0.147050918069211
0.247692938645973
0.849662115090539
-0.588907484437196
-0.658331848821669
-0.279108573147107
0.962381385236192
-0.796050916543346
-0.59822490225426
-0.626763707769085
0.175469446375099
0.886577783106422
-0.517348016558334
-0.991776770197817
-0.252652207811575
0.832914013552397
-0.943086828027288
0.700101733850116
-0.318329952826622
-0.944878184821289
0.359736373913405
-0.89112985478236
0.0469058415165203
-0.551221810460316
0.20869651844401
0.515396030975036
0.746804668198364
-0.990216588435857
-0.679165808820497
-0.930121891102935
0.638017493971342
-0.306461245620383
-0.2449736514814
0.829394126491668
-0.099565444123644
-0.607303236214988
0.816712775856509
0.679665217420093
0.439620238082543
-0.0370506902197887
-0.845910297133735
-0.35153464431899
0.469362760750114
0.804214178904081
-0.485788968115557
-0.945177034806491
-0.507235192010848
-0.264582417121205
0.352783764567988
0.663655358463111
-0.915788183077188
0.654148835071682
-0.528079789832997
-0.796793348533768
-0.145548824084357
-0.169211351781098
-0.921963446124252
0.0839125493858169
0.585526497371656
0.843603784940395
0.499417895135084
0.781767782057681
-0.953807178193899
-0.232456934959245
0.373156170567135
-0.607784842581229
-0.295683378691588
-0.355441743107261
-0.743179107599762
0.816222400812594
-0.219628163090261
-0.750184457047109
-0.546356680065205
0.597846195326899
0.535380313985088
0.438168902338835
0.475612052969337
-0.0829001743981308
-0.517588963107939
0.0364650741271118
-0.799223763111762
0.178500150086017
0.415168169458834
0.408468340097197
-0.408112539088877
-0.468128021020715
0.796376666636584
-0.207990979108951
-0.0501023039865397
0.849032017846179
0.091162145233437
-0.955504735937013
-0.8211561768003
0.621071041884881
0.324419303489769
0.667284031085263
-0.310064395469079
-0.833100019469129
0.668134901563216
-0.28867575692281
0.925387771747268
-0.778685489135344
-0.360300598970898
0.943902179972029
-1.00464227225523
-0.699527853971045
-0.813583844202382
0.843311230603508
-0.84641355038076
0.212288515119911
-0.0581043446881048
0.190792649874776
0.141610179597452
0.187412029051069
-0.694622887030935
-0.412198740046527
0.534823693872889
-0.436689783540085
0.859773126682374
-0.713492097999678
0.40165447548263
0.935388537038145
0.630444853766509
0.766921671586551
0.344581048403118
0.345740482995345
-0.104569081363009
0.146944599114907
0.101706987010841
-0.471352321002918
-0.933974931307651
0.197514467622731
0.510906066574094
-0.156516840655964
-0.109150332279215
-0.261707402764072
-0.129088882639495
0.340402708730459
-0.466805239072143
0.0471816448469487
-0.57878016141937
-0.379063292959449
-0.285437977849738
0.00805924705839775
-0.171278554441069
-0.988651479356685
-0.652638221775032
-0.373850299315737
-0.552901645478204
0.480870853912794
-0.552787208934148
-0.371020141316712
-0.209325999355636
0.74051803553755
0.762623931067998
-0.180983815923804
0.183075726291379
0.80257602197813
0.834380890421645
0.155827924643083
0.86803805618021
-0.780928277544853
-0.571075079123359
-0.938585481668854
-0.305798117254265
-0.303885220677733
-0.945761269861665
-0.881514729595482
0.189036939557095
0.674478385169671
0.14727336631755
-0.0275193239901488
