-0.24372340888273
0.446667203240916
-0.501822542226037
-0.169001245440346
0.675489000085816
0.823273337962327
0.307597787700778
0.302198315515629
0.472217431422878
-0.270577840134524
0.781944312072603
0.913453145358304
-0.587098209724905
0.84543935195554
0.40657748712434
0.765057318769038
-0.040053734999003
0.378674466399721
-0.283982819985306
0.411422044077313
0.439061186429239
0.779616588575804
-0.749422321430683
0.902287752594328
-0.323746369223823
0.913725125566404
-0.734021124389277
0.775869504603451
-0.885926426706979
-0.251435514970727
0.103705541195389
-0.262782191357581
0.229752244592333
-0.194694107152257
0.289389777822415
0.709225744673621
-0.812815839141021
-0.364360805746185
-0.846357765959649
-0.752977909548004
-0.121471341093857
-0.542411062261943
0.50538675565746
0.750452054478002
0.00603389906116205
0.932901237462877
-0.807854076232286
0.182611412911295
0.0707215684740123
-0.976776495844462
-0.155611107413471
0.813636090762036
0.736646886250096
-0.842492509968
0.890589792807601
0.10198094731859
-0.70645522136182
-0.88486391899765
-0.998171076716561
0.162960913121824
-0.59302995089487
0.497642130030338
-0.410417396845705
0.848131093722732
-0.685566420576232
-0.838327884761896
0.238782800351641
-0.610462567699409
0.211759669891895
0.210686718248698
-0.0548819716530516
-0.563734332963954
0.727347958742065
-0.246795712651622
-0.477968223414543
0.779102839517416
-0.983169336560129
0.323766494622533
-0.00528316202917477
-0.491505406495698
0.486510737076055
0.242393710497657
-0.741560612389217
-0.187341809021593
-0.360478348555551
0.953096879626427
-0.754201888805207
-0.975847313986417
0.903124352965082
0.257897324845257
0.142668811218475
0.507017492406131
0.110069207199227
-0.177225119079378
0.61184907413117
0.0231425869400389
0.125431389430552
0.639567345137296
-0.645117897975739
-0.115049416053193
-0.963271504270932
-0.00241190811298451
-0.562426345124813
0.129883724157128
-0.197111093916812
-0.876875936373309
0.85041596413826
0.348497376823195
0.705992904807387
0.130487253794927
0.531595496527501
-0.0861357507483814
0.573671095638817
0.656187759514516
0.694389006822211
-0.461420357746978
0.151553508147766
0.0649483730434346
0.934909941026402
-0.349470421753008
-0.793081612485746
-0.883943170765347
-0.983581763825864
-0.108437407332822
-0.561834637229691
0.12733958635974
0.568480252832045
0.10569191382306
