-0.579173428490769
-0.104733488713518
-0.0601996052534663
0.69575428893466
-0.585060071429561
0.141191855035507
-0.0104409005285566
-0.103640429257122
-0.340209461561899
-0.130857086864457
-0.332970887501054
0.794384854920401
0.247681986473634
0.262499319921258
-0.695501067844972
-0.181876354027762
0.0140675398558383
0.300710101603709
-0.819868983140018
0.277146695904731
0.021323734223353
-0.239964728100953
0.222034989897722
0.523930915826047
0.602714038965329
0.678018956713444
-0.155329605269392
0.127220151218105
0.207593426787896
-0.0617881673079413
0.318508143359082
-0.00089955146919079
-0.80479283458326
0.0528215962270448
0.0173868652444079
-0.116796105053692
-0.893355217320008
0.705369170657436
-0.85332824582714
-0.388767509982356
-0.542320291355732
-0.912153236801944
0.351105342144732
0.290694815323121
-0.597466906488051
0.111916196405589
-0.319246322751437
0.890951657637629
-0.754323598084113
-0.906772860375716
-0.328371324816063
0.105659214627243
0.269815779003694
0.76792399074547
0.849514283814658
0.906647430770745
0.631739661403907
0.629765500966945
-0.506514412798838
0.578085217105959
-0.393269059043031
0.259885330277316
-0.491307731531559
-0.695712177268927
-0.667637289911168
0.572798467606638
-0.146770594241978
0.0476766540153807
0.311730945429333
0.811611747524036
-0.973737498075084
0.852057496807921
0.494301506317633
-0.244324620292567
0.974567131233677
0.818550595739223
0.0103170813757575
0.285623217933297
0.834379830897483
-0.940184735475104
0.829014234555354
-0.318693336782422
-0.344784362410054
0.834407260831125
0.314815830445776
-0.704845009546082
0.205472490530583
-0.195702131786736
-0.546253194760065
-0.78609143070578
-0.53771679421081
-0.322981960700522
-0.0836373668204318
-0.475294759292823
0.107607060838197
0.0906779813254625
-0.816555169249783
0.761313442189934
0.344566360688687
-0.596807062635519
0.531399377179749
0.90137995701114
-0.336787127894101
0.491342652575051
0.711384481474572
0.253995954708445
0.932095913862988
-0.0146285947948356
0.969222992530377
0.357935958207521
0.0663525880390342
0.63452491878316
0.595918277024215
-0.167570703754727
-0.918414076687045
-0.537922279243001
-0.646782851597101
0.609881773961873
0.640458207568542
-0.310037144286855
0.245653229066629
0.757261390155428
0.267127702409034
0.706003768222297
-0.469139151603711
0.480167411490923
0.806346322633684
-0.293299679930374
