0.082267494140921
0.235528674893782
0.0862166405870841
0.0755968877988936
-0.909376476342525
0.667169883382362
0.445133751289047
0.689844153343311
0.791669632997941
0.447876668634421
-0.274381764491776
0.547196762777738
-0.270984696480861
0.574619106904855
-0.105317622987534
-0.268125569460689
-0.910990401002538
-0.76055394827337
0.406824449216345
-0.730042263115439
-0.805333711156953
0.303693764109156
0.837493094889206
0.518400971606478
-0.883652331363474
0.411683277165223
0.0440128502884621
0.255199356749156
0.432708419618353
0.83085326493054
0.857978362652695
-0.822969803788896
-0.903826137265733
0.455619113618896
0.0843481221997963
0.995658071897213
-0.218024106583105
-0.650233590184952
-0.558996164036476
-0.899732493217134
-0.300634970947066
0.326634347919778
-0.015442381057923
0.295596025058658
0.267407435746297
0.906027118381854
-0.629241253556326
0.373845520383491
-0.101864252204105
0.380636568324413
-0.246766301156315
0.676172399645824
0.399558442492046
0.0620239189070749
0.873093841216011
-0.459965647908912
0.632265230619857
-0.204661858074118
-0.526683725956588
0.197058811734055
-0.822595256554354
-0.791804940025123
0.229829495625736
-0.499495796366797
0.375931661090178
0.0895187116863368
0.661049672658261
0.384288918753971
0.174436044185034
-0.98076909184292
-0.929691095741342
-0.983215070063604
0.642875084416921
-0.672665181569648
-0.605554499087917
-0.123792477147827
0.46352115547617
-0.760402699707755
0.069461891095242
0.800386908212718
-0.833245317347661
-0.705049469387826
-0.672058647160837
-0.612816193114824
0.332498314905997
-0.953900903122106
0.770054637951793
-0.2022498206857
0.244343434077257
0.820359541813589
0.533571614150238
-0.32055780189935
-0.559958330977252
0.318792764464424
-0.0536324320410689
0.378126358342026
-0.113882102585399
-0.366663263224496
-0.797562901795031
0.959461234557779
0.838914315088673
0.448249462094467
-0.544152353446158
-0.566362775722108
0.243482341006439
0.852885679695961
-0.0527532581410342
-0.0655594588637458
-0.570457131509487
-0.427412500662698
-0.053473445392837
-0.705639246992611
-0.819871039747114
0.0292164386974503
0.0291598981823123
-0.757443485490934
-0.933847188377162
0.881453722740849
0.34757099735762
-0.840661490356625
-0.23056152786857
-0.248696673808365
-0.709998467749145
-0.142559674402
-0.432825877777654
0.754648368098568
-0.180162633666559
-0.599331127616562
