0.914747122307175
0.454280847617133
-0.0659531240276841
-0.25553300047961
-0.595239192947269
0.614968964653797
0.997837890221277
0.5478021813515
-0.899432520178671
-0.884724608440058
-0.497268132082078
0.982045074467103
-0.354195378859016
-0.970044279042718
-0.765781748584739
-0.00377168118672596
0.848532141414282
-0.118941158739642
0.0653407438483963
-0.983018416555022
0.505828166129715
-0.650194564317764
-0.275024339188624
0.345628645788865
0.380847232673274
0.926908253563556
0.430289802980499
-0.917493595079478
0.930987805897075
-0.113405955006836
0.443308407959919
-0.917837939387272
0.439620442799151
0.0426398721830274
0.454777104097631
-0.102859171797211
0.358400539582211
0.234559945855923
0.528405570071055
0.576414888251473
0.26362687315331
0.0265248855042717
-0.4911696854846
-0.0943120435202426
0.456246740973891
-0.914985985957595
0.767109755321989
-0.543599017027932
0.948115816622149
-0.10415211381093
-0.833973270782393
-0.184833763493009
-0.481113762392703
0.495297657457245
0.520144155375669
-0.59985968646691
0.761808877192504
-0.872383801297793
-0.465186693662752
-0.133745471946862
0.857715921451229
-0.125832543623539
-0.820592739843213
0.206853128607829
-0.0394687468568583
0.630611797176279
-0.437120482620624
0.871316940731469
-0.19868838291287
0.590937346408231
0.381824948347677
-0.605095236566068
0.211122030585923
-0.97576115058629
-0.815338162161035
-0.904556012971567
-0.263417826626921
0.569691828694575
0.437034918784836
-0.74279523634296
-0.772036205361422
-0.725455243206356
-0.47299555689824
-0.817458342471776
-0.834671437124498
-0.316252771560613
0.857466848643737
-0.819629829858072
0.789948384941978
-0.842269087611837
0.544528078564812
-0.0618218288706271
-0.238572323253435
0.344363010677225
0.302478659587436
-0.686734137146883
-0.982660800234488
-0.681866462540127
0.252045630055884
0.315994765427177
-0.61858979400145
-0.204642378155797
-0.321111103172751
-0.000592113081373965
0.0711222329347676
0.442559664464941
-0.48319238061702
0.801711059146477
0.572146305509498
-0.151907445214493
-0.930102378920679
0.941566354536797
0.693369192165863
-0.776024173801127
-0.87937352308154
-0.145619832373738
-0.855166447755961
-0.607158698800402
-0.478766474669027
0.319939404988673
0.690183022594634
-0.35286528609462
0.819159405282879
0.844271560612725
-0.762427623404616
0.279273169205327
-0.997719270712513
-0.226205085603009
-0.239902264696196
-0.378361822473636
0.517154561636039
-0.916428414817565
-0.0379188683370314
-0.850346632290179
-0.29109798985596
0.583734717436922
-0.522106668876048
0.789184712801038
0.84325737931784
0.0268174315852514
0.571789227590557
-0.0226223680230171
0.852453003550079
-0.767523905391009
0.546664447214741
0.346884158848806
-0.989914069699408
-0.295496560286115
-0.345828170971594
-0.579228239056649
-0.23606621054857
-0.368805576251684
0.0212488525370079
-0.740323162831165
0.250096532180111
-0.592827599866341
0.329694931980511
0.293656919282427
-0.426847180788434
0.675303439001826
0.157653039000967
0.439185286647269
-0.13287381864362
-0.563003134725279
0.932441141008099
0.847366725711045
0.558579648605038
0.968925823774181
-0.40163945464764
0.713874601159944
-0.677191045660569
-0.774027333424832
-0.593937011202082
0.825466918045267
0.492216114683232
0.152477924606267
0.926334147779617
-0.7497333348504
-0.282473714776473
-0.6996672276658
-0.384016788209672
0.645700928245286
-0.429712438471299
0.879640102355058
0.954958058341303
0.519998094383064
-0.69293301900753
0.648519032755439
0.216267129394412
0.731755380241887
-0.283657854978695
0.643955271807535
0.211205182939963
0.282506494829408
-0.553671975511075
-0.938828921425636
-0.463755969478002
0.0127382849851491
-0.960470630937387
0.769930340097525
0.559322356307583
-0.946047058551109
-0.71209365872028
0.403067848788015
0.344934240656033
0.954458346517658
-0.124663548717579
-0.546580835947537
-0.787106307577467
-0.599668435403832
-0.157675410075784
0.0551831116714698
-0.72336662900661
0.463815267319385
0.835393893690809
-0.829949710772351
-0.201884189873396
0.118344542584682
-0.320543382312688
0.823913051987936
-0.112475619525812
0.198298395701725
0.107616887347702
0.72297694857622
-0.975960057208869
-0.244359073520943
0.574501946564806
-0.815100695632925
0.629843015309518
0.816142079497463
-0.537333536644711
0.873498466832447
0.765473662479337
-0.142823548955983
-0.49632951143952
-0.561570280241438
-0.217792234830392
-0.453700618041874
0.60253589251259
0.170761391714376
0.954048596253879
-0.817818752447083
0.51595850470235
-0.320153852033433
0.967641700830191
-0.00279126291346613
0.0413733495173106
-0.236765221351227
-0.247315407646396
0.24075997589997
0.849150714171371
-0.175380075249396
-0.566107248606407
0.183968618692282
-0.678901487469953
-0.133724875163825
