-0.459992028648359
0.359212476107086
0.297062218335042
-0.890719253421594
-0.494194958751685
0.149698391808164
0.658066765664902
0.145929228298586
0.797096167228333
0.929257528891594
0.474570335530674
-0.0994944895050229
0.0161641783262187
-0.931118282910267
0.832578995326082
-0.675927894870963
-0.467032485466471
-0.759754149294359
0.314229390575712
-0.472572792472355
-0.909838474325521
-0.279318685525307
-0.828892933149253
0.380996128478491
0.422201276800018
-0.837968051539365
-0.305725835522545
0.140059799491901
-0.421941167198788
0.851676709682768
-0.825043483912745
-0.848697185683794
-0.183726401908451
0.855141239032229
0.304347329727957
0.974144648209808
0.0435312294720724
-0.180578515967684
0.728015697354359
-0.388901482545573
-0.770531046001408
-0.118776482859754
0.147484455717474
0.433055375227046
-0.693505213578575
0.727868861370362
0.649731135869383
-0.121854009756154
-0.583147931748937
0.765966532079006
-0.422335511683999
-0.597906379090901
-0.0636913293259112
-0.376184331872805
-0.813455895626053
0.301683998246856
0.798792180421812
0.0277987710614463
-0.337636124975737
0.473411066422936
0.94097530094519
-0.0619555941037396
-0.437205102597623
-0.431070974136586
0.503071187449945
-0.824210241979263
0.178945238336458
-0.187814579458716
0.501680990095098
-0.423656654671651
-0.325622873969507
0.0927796334150419
-0.192708920577278
0.476032245853962
0.844805571376041
-0.306297936176764
-0.789386045043678
-0.014023857022536
-0.937971070245891
-0.861816999923196
0.657467507612869
0.49495965323516
-0.629810960451281
-0.5187872417832
0.353823668927454
0.506428732359397
0.417857889354411
-0.395723917643921
-0.540475917786208
0.206131721220188
0.720349827181687
0.100512029721602
0.837730721556318
-0.808424057397242
0.0447705410416262
0.663667398271508
-0.45207936077706
-0.586557305916125
0.31964170484007
0.584443369232009
-0.247818754337821
0.243862155359252
-0.364556588884653
0.193964884473977
0.737911418679253
0.894585474298008
-0.819331800368762
0.241511033599221
-0.783243277048619
-0.524320791256616
-0.0888492000017237
0.878262894025135
-0.165090670851802
0.716629855300577
-0.482829932245548
0.73798344810033
-0.742435562917931
0.162941497670721
0.521221671105206
0.0884715590844268
0.939304105281701
-0.211033282199535
0.251345620826702
-0.330846973788208
0.354782858775844
-0.61595266345551
-0.033151978274504
-0.876314336181113
-0.302357846764497
0.73730547793142
0.320738569820224
0.626857984493713
-0.187902009003925
0.620409630448272
-0.724457190251913
-0.866154187901381
0.192583438609795
-0.937378241216525
0.459475463478243
-0.619721446155537
0.804789276924328
-0.397789546352566
0.441784404451567
0.351271312863674
0.431905322922641
0.0241375998712816
0.414252258052875
0.298498544577061
0.865962331387177
0.103446745393224
0.400385947965737
0.227946308062747
0.696323738644751
-0.763576377034172
-0.775985178458936
0.344681384044817
-0.88571827483081
0.0777169901937452
0.979600200436173
-0.12334009378157
0.684764418154998
-0.188374297921757
-0.0358475065978916
0.611349917281883
-0.293670138176404
-0.573818082584424
-0.894065663671016
-0.650902983801936
-0.460269221129513
0.162131553145297
-0.154406786568453
0.850939526102748
-0.433422057676566
-0.372409182951195
-0.700666754507546
-0.399005992577726
-0.899616229133065
-0.983215461159693
-0.104085821162116
-0.473280126628358
-0.168544452582783
-0.432258379727659
-0.403404436127448
-0.828338265836359
-0.203610699568884
-0.414242982186061
0.454611194560253
-0.41269818974401
0.424113319957508
-0.992329310002236
-0.163280148536941
-0.48761228052687
-0.628272473771597
-0.517283811379993
0.704994968148686
-0.867071844540425
-0.659563835002458
0.636138594368734
-0.867606302572909
0.58986594716057
0.678673587621025
0.418583169536398
0.970485433802048
0.486573342105353
0.727548923622008
0.626130959038744
-0.381420563211543
0.363154087412533
0.650343102807385
0.817068807370727
-0.542710547683543
0.102616856912006
-0.054850955200699
0.143842513832635
0.218128755986049
0.040937592830682
0.160220228990907
-0.535891990103131
0.0949369607501188
0.943971212245298
-0.522915074662138
-0.914986365061904
0.340785213125249
0.815709128421809
-0.257113186826472
-0.734036783636823
-0.832651330539914
-0.6066515090431
-0.217921429724891
-0.535771836519642
0.71527101854462
0.744769302407394
0.907630255426545
0.637198528282562
0.73212364582666
0.2921567741805
0.0193522872706588
-0.700825543052736
0.87075506345324
0.766979784706731
0.859231889094199
0.755324250777
0.981717677114527
-0.206117331391629
-0.385335480860422
0.762901061850693
-0.747592777780074
-0.894404447862441
0.691060853804064
-0.645241778953625
0.0591028118287216
-0.21633728059506
0.827235362287898
0.647424820438888
0.158415539627034
-0.1103883368713
