-0.122044793195864
0.67497825406916
0.670730844271667
0.270380186065121
-0.737593574514054
-0.684573704795882
-0.438403289163491
0.906995948694598
-0.797355878558114
0.608942044831411
-0.753852961969273
0.132944523177984
-0.962686867565665
0.232646364339369
-0.946198880662971
-0.0662215838399083
-0.486198670217179
-0.510581506770042
-0.0109646361152771
-0.180145820060512
0.0586881488082238
-0.151807902554233
-0.663300660326954
-0.885630647686517
-0.153992674011605
0.263647844538289
-0.916798351461541
-0.318494372812732
0.106215908558062
0.0263360786557677
-0.678351222056102
-0.874076112644839
-0.324845944082059
-0.205776278312343
-0.149917509927709
-0.806899976449208
0.445560916863507
-0.0745292655929829
0.244542090005417
-0.786311313030818
-0.684480426966347
0.555568933555182
0.381490457513928
0.0445606474435239
-0.684192848333356
-0.337875013027206
-0.00788424239993857
-0.646482807451301
0.595045251350072
0.563202110918109
0.266011777548301
0.183220897365472
-0.938197033573359
-0.0709397724295438
-0.550132465781611
0.757045928338319
0.412535654974692
-0.844359461563073
-0.967645076302987
0.416034133188308
-0.485158924519503
0.864520878528705
0.619368013636408
-0.436774868574889
-0.00375700778701314
0.257211518142277
-0.339394042679566
-0.570609526644845
0.523940520704869
-0.938669287505417
-0.194569507818913
-0.148830846957361
-0.3495024493782
0.441558261071104
0.278659269013583
0.679005063952959
-0.646365928923454
0.0922245909922798
0.825195469486772
0.321832962482343
-0.270006199770071
0.817833474931408
-0.906167862372029
0.464180117140753
-0.554029106766402
0.108055336574288
-0.842292363725716
0.636763049892542
0.379693454628123
0.776435013776965
0.18712508788569
0.0939251283748841
0.596196024853972
0.517099455206114
-1.00179612846253
0.258140642523082
-0.127393904030177
0.585154471775845
0.38911207979372
0.0718605597859412
0.322160709268378
0.530621580727889
-0.968394269776056
-0.340109711719165
0.949208092077662
0.775533512386089
-0.875380348213741
0.00119234930738242
-0.659013453186169
-0.90381655774379
0.943106842643678
0.821498064793561
0.784512091901332
-0.858234276413324
-0.960541981495264
0.226455553496205
-0.980260695230435
-0.425019083511467
0.358131998425464
-0.488955190604829
-0.0111965176908593
-0.367153858808938
-0.606308622378831
0.941949317578525
-0.648677999693203
0.208311297332511
0.81004224819553
0.217115912933154
