0.600185025748802
-0.555399557421546
0.109778050617104
-0.513315934995028
-0.176505435804315
-0.373312225948935
0.678117679894491
-0.623880390943797
-0.0786968569571789
0.570183297539265
-0.927841349228767
-0.360627636606391
-0.917752870108003
0.711072592755596
-0.726031182127665
-0.193634527195581
0.191311872510971
0.747582887417099
0.506824791323318
0.585723894874368
-0.252501040616378
-0.451106630655511
0.481837434922909
-0.651537428308046
-0.458369167325193
-0.960364137397144
0.23295383115928
0.0202617944336898
-0.229800790603128
0.247110927092978
-0.624129617428123
-0.602665684543948
-0.999306054612543
0.688870038862686
-0.619634166141345
0.893790682236205
0.25868157264663
-0.944540073152733
-0.459786711079109
0.780059633468493
0.218154854629152
-0.479875757054984
0.127701948626022
-0.789319703045357
-0.424359708951192
-0.923548396877817
-0.817063496589493
0.95828217460447
0.0461739776977712
-0.0262372510708254
0.232329096525215
-0.916405260777327
0.329726744725171
-0.908919979049492
-0.396147192280265
-0.297330914249806
-0.62133804512307
0.252128582366484
0.807615576841116
-0.188234089678532
-0.402137622821717
0.661656774252675
-0.218892909086355
0.673488239079281
0.0496987975412003
-0.0883709207918027
-0.237145079687885
0.768910223232625
0.382809263477891
-0.330666901898947
0.927195766288061
-0.288336423806281
-0.684750640202028
0.447343597859455
-0.629720687002735
0.0242630804505248
-0.0884948310551494
-0.515033029412683
0.937449502794186
-0.87610927339259
-0.861635738134485
0.823330678428592
-0.047782866731553
-0.0409851539667902
0.624474630390762
-0.667370084097825
-0.668607128253636
-0.8356010246777
-0.530619993369627
0.775231611686856
-0.816399729940238
0.872076991488765
0.169515307777814
-0.0455170615772347
-0.810024154912622
-0.51423097259608
0.783447005215296
0.492584371160072
-0.164388612840644
0.265193402415555
-0.860254105708961
-0.0419401176892372
0.409719079584048
-0.0119612233794653
0.951189833543229
-0.640347210007243
-0.970457748351621
-0.797341451479971
-0.831146563368169
-0.0760255673642732
-0.867395475599781
0.777795018664843
-0.826857327071159
0.538895068104877
-0.0654976971023117
0.741212650493321
0.489021237137035
0.249545151495495
0.758357735034885
0.976326323528969
0.888661842622347
0.596847238137289
-0.198833859581556
-0.0417356402480946
0.464654446814101
-0.976693328088201
0.676887283120073
0.872533366582874
