-0.744100642464857
0.778552615389671
-0.546560113387296
0.969416259009336
-0.723373993036472
0.683238406101839
0.431899561172451
-0.841942509359496
0.189679777517217
-0.701865125365656
0.763020073300019
0.468432964998311
-0.336802269966226
0.341075988172115
-0.589886300727706
0.184003671048124
0.0443473377735216
-0.312087081177902
0.787373789968477
-0.334747148743482
-0.41514749932882
0.49016507244051
-0.243368549903371
0.603075041504576
-0.333907602966177
-0.363823331920361
-0.676207163655287
0.775408298368409
-0.413626811463237
0.0916191696545826
0.0436056369396434
0.857856995620844
-0.803128228871122
-0.122608616354421
0.398428103015096
0.636141481175069
0.623124148173334
0.120748063430378
-0.960749290335846
0.836609628665345
0.684196158990215
-0.109168325329942
0.604618663586816
-0.770481735753619
-0.0541716571734864
0.0755709157600288
0.22481145326384
0.816022528215193
0.60981056751796
-0.718178071319162
-0.470725291761973
0.872028670170147
0.513033755535971
0.895681790705219
0.549074935930982
-0.5183188942441
0.671265356783015
-0.388449991511484
0.700391716940837
0.234595686618949
0.0238907965614871
0.930052849641628
-0.598362871818023
-0.400215685119968
-0.404505011937025
-0.856678487297611
0.450986817934502
-0.72102220783943
-0.011682968826439
-0.631828077601929
-0.398462241844292
0.0263858558306315
-0.952124932499433
0.780958519670534
-0.508179197088187
-0.551227160246092
0.870837225815094
0.60164656052515
-0.144478496732861
0.521399684240503
-0.650736936737944
-0.869210663352961
0.736114803182659
0.870188388018454
-0.881996174882112
-0.505559946650596
-0.757779986446262
0.537337890273236
-0.518815721152784
0.327588919580528
0.111542394163889
0.389404817957624
-0.051684328341424
-0.903932849913443
0.323878398022222
0.225126868395871
0.399049340613938
0.0114029090137188
-0.22124854139152
0.0144946472541388
-0.204621010345132
-0.147136270364175
-0.393695396006234
-0.434078644085177
-0.166256312051936
-0.245404872493781
-0.660836978892626
0.591777207961235
0.905960355441302
-0.710183390070839
-0.991181213451709
-0.592755897627537
0.314763331224663
-0.769914942585267
0.660563656110686
0.594361035006242
0.622903609985756
-0.647527747602348
0.301391668400184
-0.518475082386764
0.0984151800538618
-0.826094430289847
-0.860359982095492
-0.261874074570942
-0.579967426483334
-0.156063174185576
0.793416000170716
0.0308631828863347
