0.261933152549079
0.312977458199183
0.454276727448625
-0.128728730643663
0.313808934256353
0.474386972135464
0.665815892839861
0.546889208250586
0.754016914717507
0.900117136421021
0.57952170673445
0.280619097677512
-0.577449964985575
-0.782270784108719
0.794913583741992
0.433556377683004
0.0520966124762806
-0.688928997138883
-0.68736455611256
-0.630682756023637
0.0961578491438051
0.235630326732779
0.550580670988294
-0.0473117465940051
-0.64885015099726
-0.542460260489028
0.755910673820121
-1.0492446028222
0.351490071139114
-0.0575824761964683
0.677414406866702
-0.41113476286508
0.285682513641962
0.3105595190901
-0.237679157827828
0.25759485676236
-0.186377927988032
-0.784400139473093
0.815379143578649
-0.124538494971667
0.263401901948858
-0.866747847792493
0.477764963569894
-0.139449824153682
-0.0983785421293199
0.11121530654692
-0.357280969141404
0.679355760437811
0.919046103846753
0.372274282546149
0.762368655802105
-0.0495663607806596
0.0948278352454055
0.459222825049011
-0.00526643250094148
-0.541571265835202
0.0159813462184159
-0.241633503898142
-0.0195732285774785
-0.97207983632006
-0.0383433373859253
-0.633016054881756
0.351418448136668
0.101279655134785
-0.65412515732478
-0.0617180632361622
0.752172959730643
0.74742843106615
0.959817620899242
0.43244983384882
-0.782113108965658
-0.0303688608426162
-0.566016898176472
-0.355363793815051
-0.718557867775214
0.1070171164511
0.481669115316843
0.439483432861175
0.191998443126155
0.100094116166838
-0.859655813003256
0.721967617454379
0.889640355855879
-0.629307641188965
0.0258559625581725
0.328040661529116
-0.0768640827909152
-0.120620705082765
-0.524712439877938
-0.923724506281932
0.751883836823232
-0.812634561369865
-0.69661385874122
0.994603500848783
0.232712320615628
0.146111248049703
-0.660607538434543
0.393556454525908
0.47655183983213
-0.475000609723254
0.879820343783668
0.270727572496533
-0.0807882277043595
-0.520485332061732
-0.959472660402456
0.365636040859568
0.858542925500245
-0.510025334995443
0.743083281259214
0.965629441781795
0.42052562245024
-0.7264641537804
-0.293331482392535
-0.204069779754758
0.987861795965405
-0.866548050298591
-0.0581756708633052
-0.539261663203703
-0.410000050299894
-0.827730146405597
0.00850144310029945
-0.228137383396914
0.388504096208308
-0.909841997339827
-0.2549950071729
0.727780011214239
-0.0713362865724342
-0.47994506796899
-0.815160098945069
0.522850687567234
-0.0862616136668238
-0.894969813972777
-0.790146055054052
-0.532699276136258
-0.758335037818798
-0.235477914261638
0.587748944259443
0.164956372950251
-0.337052763262779
0.503182598822289
0.62014096661447
-0.0618077386495842
0.899604898299396
0.311447017806369
-0.743870539279176
0.721078749658361
0.613194016422576
0.841276332959451
0.367577708005031
0.261160673888315
0.949636647846148
-0.585468587698928
0.0204997707061955
0.0815189354123977
-0.198142821635247
0.857903508075192
-0.616346505397762
-0.746088695550561
0.15901645757912
-0.282433958340225
-0.208499081978173
-0.986227208067673
0.94345488330716
-0.11280687644723
0.729206365889219
-0.111115059101798
-0.513512759049461
0.707112118914085
0.698484706283467
0.171788272759989
0.377697387665168
-0.647474081328113
-0.0781497337830394
-0.874532703484897
0.86622698059608
-0.988438892662033
0.94943769004774
-0.11341680800667
0.700163702844176
-0.623119573362705
-0.0190885890890582
0.0044896526046076
-0.648238618074569
0.0747520585612768
0.127867954324409
-0.695656436449758
0.162360539699046
0.764311709280582
0.629608455723666
0.192842715873834
0.730056758250961
-0.616147411793489
0.0966766964514059
0.353153784270865
0.714769025000887
-0.890782233051397
0.539354005005948
-0.576913593005727
0.544510408268673
0.270809905760482
0.251389314995734
0.59701389550997
-0.366778656429922
0.469171964141173
0.313375202535044
-0.451180040193209
0.439838851813438
-0.426646854300661
-0.24984509800799
0.0318930357679605
0.170014907792093
-0.213005112332242
-0.49320027974479
0.676735064356394
-0.376586138438854
-0.915905265444242
0.00516889586261957
-0.946257899487908
0.5399757079417
0.157439079300928
-0.839435024057962
-0.993786837829901
-0.879239085865023
-0.754557039567465
-0.914237798142786
-0.188811957055013
0.778473081866225
-0.838140883607366
-0.0247177134255098
0.526308950309162
-0.854663921677861
0.118632676223465
0.04869540443043
0.150395663694907
0.398421028605306
0.751655807162572
0.786169880077729
0.466752380654071
-0.89745747211479
0.893004294799033
-0.541936913360432
-0.881549543407201
0.818813252554412
-0.171758339978667
-0.566183928646078
-0.977725345445641
-0.953647976519655
0.171828011171263
-0.674938081496042
-0.162995005024641
0.70844640556496
-0.20761246974385
-0.936019230998643
0.169292459414531
0.383949084573294
0.158458550759372
