-0.931908689103272
-0.737451660613626
-0.236925101472278
-0.797015963059228
0.0655122810813702
0.579717393722202
0.965051284137754
0.720719511667353
0.271738575479913
-0.167925721156584
0.953187941921878
0.231948342160638
-0.739962267342393
-0.204307770703647
0.492662152618508
-0.547388852298962
-0.530837990255115
0.902432055354934
-0.668695914843434
0.219999977514104
0.277745154470709
-0.0931416993400943
0.329528973247656
-0.344284642700604
-0.727864019853446
0.702225864832983
-0.705969419525679
-0.977633497000458
-0.681886220566303
0.580440121202418
-0.888718925673572
-0.214037665897933
0.918477719354379
-0.565738714378748
0.743440921734438
0.061668767056558
-0.243319243037375
0.846928821814937
0.0120466332735698
-0.766561039157187
0.530637040473143
0.770884937177392
-0.268865660461659
0.406747956920632
0.630688664384837
-0.864368902136237
0.254049156828518
-0.465334674313683
0.506432914310181
-0.16612598703798
-0.474119180708632
0.797405396352639
-0.462186280961954
-0.823791760720261
0.535982502033463
-0.106505969745905
-0.226615785915805
-0.393948554579905
-0.987927717163963
-0.681270705701401
0.289863776700921
0.0847656972217269
-0.246916093094662
-0.506831414947855
0.832392604059022
0.563707280315022
0.876411078124654
-0.561018274104733
0.366765537496149
-0.167439159423454
0.737418600762254
0.0447698920234517
0.882896291818287
-0.217741613958283
-0.785425610788269
0.652107035892088
0.457266063844786
-0.678398902967205
0.40100011696852
-0.618630647385497
-0.861765780471748
-0.535514192207309
0.440036129919537
-0.880596302002704
-0.983954047037236
-0.786279163338216
-0.131980946925528
0.593933669504273
0.209411213058326
0.613566515001308
-0.386929489042136
0.440506918773322
-0.0483016941928239
-0.426012682432746
-0.223005240766483
-0.888263256250677
0.72331007393507
0.386107844293205
-0.532163534765308
0.708229533862663
-0.524156261705159
-0.405618375222999
0.742110360302936
-0.671854535295137
0.971665397677882
0.811420321470375
-0.907884934426345
-0.825668376824632
0.752683729220716
-0.503708129608569
-0.987726930499172
0.722009204881623
0.698921533043376
0.124216675476126
0.62597063373783
-0.892469945868697
-0.590279753624047
0.113730215468098
0.238239854110287
-0.048933691670652
0.14137563514916
-0.741689717349618
-0.612055963299257
-0.920540696885964
0.689705689466624
0.519184878675482
0.84494448182146
-0.433134402837185
-0.808146175180817
-0.489248506836614
0.0395624248120255
-0.435141185612613
-0.207459074213873
0.427605879331826
-0.200744462669449
-0.60670591641613
-0.0576383250252576
0.798170602489974
-0.593258714055865
0.895611713826358
0.194530266487578
-0.498492399838199
-0.736018086835804
0.0553960225915594
0.206583504600962
-0.00434429462060989
0.841728026432724
0.149113723606447
-0.0880676101643416
0.769534218003012
0.270043913386499
-0.638426299233886
-0.588548140649865
0.942709067486263
-0.252821107738042
0.30148853455797
0.322224005957037
-0.345110482967383
-0.815485686634615
-0.382492895085555
0.696719233154026
0.478096791840484
0.598090237837227
-0.267220850534668
0.253762299845224
-0.710157753545334
0.442270279486447
-0.261868382764211
-0.73975309576652
0.871393449969481
-0.220114368477413
0.414036966893092
-0.684584266851616
0.819361034451003
-0.994849815754791
0.13694139410117
0.0726783616782778
0.124993177887918
-0.0290891272480067
0.876392010854016
0.250175113454926
0.603125574894155
0.734019751249339
0.392426717501773
-0.0889777515625332
-0.811818581634576
0.414221429550864
0.399660772561172
0.708576743907013
0.879134004757841
0.144729559829008
-0.93039659788321
-0.51467919915377
0.512751057204581
-0.836073024904978
-0.117494227469275
0.609096255094218
0.807901675326192
0.184921816276239
0.412175780274222
-0.430711230586411
-0.843944049890543
0.562066908722882
0.74965089353096
0.495472922839912
0.451233923688335
0.905341528862297
-0.870667466828345
-0.167101700295687
0.82729276984241
-0.634611481296868
-0.196720359796964
0.608100788875346
-0.759231929795602
-0.820614556800138
0.401432916368246
0.278585011533128
0.909178698091314
0.505877790488446
0.86882094132505
-0.458911506761515
-0.750432073568753
-0.352982102711233
-0.023978181370623
0.169821717456586
0.301734614007626
-0.830399568787865
-0.0209239348110335
-0.493256458783765
-0.973613233214919
0.195669695921204
0.0712976056435531
0.219644932403887
0.978166331737172
0.595211257505246
0.369167342377805
0.956493641471577
0.403502999936252
0.848210724354017
0.40635897897762
-0.0219043490853976
-0.487119865353149
-0.186465087630637
-0.423553833623555
0.437936824463645
-0.948627684097435
-0.408510164139746
0.15828853936546
0.223603483088437
0.533678949302113
-0.720985257571444
0.347066333463313
-0.326116470452701
0.0674691500221736
0.667537721152058
-0.744717170066492
