-0.445889397716285
0.000279367735499849
0.943770425656382
0.663793098324206
0.134041135385223
-0.176768115847652
0.778353927777358
0.0697007724603877
0.644251437985156
-0.243771741908849
0.794691194654221
0.614336877568186
0.678000552621835
-0.433436068994226
0.590576304234926
-0.271040868094489
-0.0107081109612342
0.575948973956953
0.929192655062175
0.398476820444872
-0.707317266944994
0.974966987814984
-0.98959072769252
0.983217202922948
-0.317546691589043
0.291533207143931
0.156926080542917
-0.702745548326305
-0.284889701449493
-0.897507175626314
1.12049516905498
0.954222674421007
-0.478871860606332
-0.795635889649308
-0.313609763997693
-0.576455743281377
-0.00382385778765672
0.426704320373512
0.741531598549708
0.951981278316416
0.317168432673032
-0.726758255017348
0.130430789940367
0.360870875879052
-0.0919405908223117
-0.847475798054474
-0.383427907888258
0.832475488990459
-0.843877505208827
-0.581146424839587
0.0255776194200657
-0.239820943930894
-0.47438592961163
-0.279705460416575
0.509854024349198
0.416930790659773
-0.844776554541082
-0.116527100087242
-0.195707163253016
0.970104393675576
-0.805833515767842
0.445355315599209
-0.770892111240298
0.375932584282721
0.983256077803501
-0.730919890436419
0.676339586302968
0.829471489041426
-0.769705309048156
0.791745956364061
0.337679988587702
0.555027528627209
0.546553164012431
-0.388156934373722
0.581776088816493
0.407005729194915
-0.266917012268806
0.701272510783959
-0.823478838569577
0.789387772380408
-0.68956278888694
0.537351193905279
0.467763082058474
0.427035319211863
-0.106010793252267
0.309639724231868
0.159471905481842
-0.281890535010649
-0.756456657345391
0.403420310445592
0.707314735010573
-0.442751547818792
0.111358649451717
0.842367496644383
-0.777699631607056
0.114333356917664
0.446964479128422
0.268459595671157
0.155933772070496
-0.165311398163041
-0.499711147183363
-0.708557148106728
0.469717522246549
0.512877885064747
-0.965279681782269
-0.466241903162583
-0.545438340604847
0.370520655081526
-0.671152452202996
-0.473725835364725
0.585926861719862
0.624894525633806
0.908910061499215
-0.941937576601489
0.498762954760131
-0.186809307544124
0.83222831214299
-0.311270918981863
0.199174254568288
0.319118233072254
0.377136084497925
-0.177248781479
-0.0210061912266386
0.126714793490335
0.21622021899948
-0.222886018967769
0.254525002702608
0.112538209971304
