0.793195921461352
0.372867199065731
-0.0866261476657526
-0.107151319407687
0.162295208004768
0.511221755881348
-0.920715376606193
0.102426034083925
-0.244735655700457
-0.66371643907434
0.685332527088801
-0.299353630861614
0.698026803779663
0.292618185491863
-0.997626532431537
0.837586645168576
-0.642681072512179
-0.268464289488491
-0.0145738593345143
-0.135336434041095
-0.242848517041992
0.125802357804172
-0.419323636360684
-0.40337652016862
-0.153755648987758
-0.752062552661716
0.629544326610907
-0.681811328572454
-0.52080661687093
0.950517543266101
-0.950563040109935
0.0629587209622202
-0.933943790022977
0.590625794661968
0.701342898476845
-0.246417846757022
0.303445371910112
-0.283290247418509
-0.731431947282476
0.484691147868066
0.875327885965489
-0.574947398133935
-0.411942936462557
-0.771280589427549
0.946624787221816
-0.300204576290991
-0.343520873449982
0.230336965726677
0.474698417263641
0.824664515139331
0.477294747045511
0.126822727385852
-0.650614472234609
-0.155849898783559
0.106863941006578
-0.803919313989167
0.548260061010462
0.782419127480882
0.359987626662901
0.37645219539223
-0.424722057787484
0.401576240185523
0.785786775604846
0.423231555068904
0.459089161156448
0.17597308260858
-0.127439785473507
-0.380104142832536
0.495130061746091
0.878530862339153
0.0161976195641117
-0.584642616766335
-0.142506828987111
-0.368469710037461
-0.626906520344855
0.0431651862044339
0.459362245629083
-0.5581606513746
-0.106719868393343
-0.913145998032334
0.651156843853485
-0.0565127164717954
-0.294467720595611
-0.580977923548051
0.828752044269211
0.278273347368796
-0.318987318437263
-0.4072090359737
0.470825647009665
-0.885462560422958
0.175028460281859
0.85619382809009
0.253161848976491
0.84235297942474
-0.17645135971869
0.0882978756909659
-0.924196971535391
-0.242716998210337
-0.834892337383844
-0.649473208568423
0.625265655138251
0.793845132294013
0.243783673772432
-0.116616715827839
-0.334529198453492
-0.598482403734663
-0.191459367981685
0.0466320205288812
-0.943579630529252
-0.90189931973209
0.539849810057582
0.0666217623268549
-0.835870889649807
0.848637826714702
-0.778647600383551
0.443360414890638
0.215868978804246
-0.828415601978022
0.745927916485542
-0.684135459563024
-0.596509149895891
-1.00035468928856
0.606515016692357
0.000806501104916033
-0.658754705522743
0.437452037736117
-0.00890927836851266
-0.44761056916575
-0.560955774393989
-0.0983468693896517
0.906351469975948
-0.316830925329598
-0.0978287335370818
0.585949781397791
-0.427518161645626
0.905843715872259
0.289950959589457
0.35381313223972
0.94131591241394
0.28087958754176
-0.11044114936641
-0.538803883815856
-0.163024702152245
0.405927506710323
0.123350345877836
-0.3185888792691
0.880307184410437
0.908315808117068
0.0192851028351225
-0.433760451163441
0.199777303284222
-0.223388517364733
-0.40164422468402
0.788088341717316
0.432248057898041
-0.0539022280865969
0.0771233834045341
-0.785281818993778
0.844302643561709
0.0595009287355179
-0.672354426251218
0.958031070043788
-0.0425604401232765
-0.979871294407032
0.590437028031742
-0.450168703648316
-0.00511136872095046
0.23122193034297
-0.0638296724154511
0.980293386061897
0.267461239801563
0.995078902225783
0.463047846595896
0.0905080056498434
0.645016371664668
0.679326646745884
0.402991748985004
-0.337637167950656
0.041861855921721
0.59357798041302
-0.579672849818865
0.329561421517992
-0.60824747985754
-0.737248842024367
-0.0459021711588163
-0.969337707059255
0.411757289927234
-0.481252078148018
0.719461676863062
0.11139110393853
0.0638270445736265
0.23080694378607
0.489338878355007
0.819040795170001
0.693388460897561
0.825339319747804
0.316459455541411
-0.744535378926094
0.874635100797871
-0.876589377920497
-0.368392566947757
-0.520464974225404
-0.851403156898437
0.62069525337807
-0.188228397555326
-0.43244795848721
-0.913739652553631
0.368808397143652
0.102051497225998
-0.800265464246053
0.924892779504509
-0.408189428722151
-0.998240960242572
0.60534940444986
-0.186652814820491
-0.377996730549996
-0.75367656905532
0.731364402180375
0.481820500338625
0.704480636516126
-0.732196818467548
0.72835871746249
-0.490440805859329
-0.625489778041108
-0.0960679153063786
0.355439102539346
-0.686416254998148
-0.679845148379132
-0.752429461205598
-0.151503079930001
0.550644069714373
0.475141694865883
-0.889919399035512
0.993993522618926
-0.930689317220461
0.190972225408687
-0.316663370846596
0.679825739351631
0.792234083245437
0.0527813027869149
-0.935839917956349
0.206937516207341
-0.597754493960581
0.332427610691788
0.085660276946371
-0.0732087995781005
0.706919689750867
-0.688879378186799
0.406961647201665
0.168287036770466
-0.709601617942207
-0.179415298695806
-0.192895279738505
-0.976122430080117
-0.633480264685515
0.585888343303632
