0.216085271717005
-0.776769179354336
-0.916429555284853
-0.10708893423652
0.748556537848047
-0.367087066792565
-0.491225610987625
-0.0290728818178193
-0.517256873769949
-0.705744890639693
-0.901935414278234
0.65751481670699
-0.837422795528333
0.991588354394022
-0.166519724644349
0.359307208911455
0.896790928969398
-0.870931792084109
-0.712937497986421
0.478608750841314
-0.268407038425044
0.937738210507716
0.583726167987233
-0.460077939279497
0.95417895629326
-0.66042585580298
-0.884259923224408
0.699488810354807
0.773762799945113
0.483603115236565
-0.697894718613905
-0.988373811876354
0.253890121453601
-0.610377029264251
-0.405585993534506
0.603330002212595
0.258264691347766
-0.533057636511378
-0.568976707437176
-0.043512960021908
-0.602720926973789
0.783817710937655
0.503254419707825
0.489112423788916
0.320744183312016
0.332082997147767
-0.167237528318082
-0.74046916854063
-0.306664039237528
-0.581759012167537
0.506416938762737
0.60542989016328
-0.62574556728145
-0.943345318429606
-0.146467897347091
-0.0704072951621429
-0.338178614082582
0.546910368361897
0.9863931909188
-0.663749458845791
-0.944139400742257
-0.87126333327171
-0.787392630239011
-0.338896643301293
-0.627260494349109
0.255788583155045
-0.77453894063069
-0.964281223877805
-0.824829027228543
0.966815549010045
0.358018816099185
-0.0603502152605565
0.264429929517583
-0.653720638155633
-0.960993220515815
0.87070504572191
-0.0317910975048211
-0.0342106900706136
-0.956679733261512
0.518935308924468
0.393344794557222
0.151608443429989
0.721342136020702
0.545828152200526
0.274976761902034
-0.894101027886856
-0.031234602618797
-0.416962201885435
-0.255514487239894
-0.834413569627539
-0.878211466868288
-0.598170741561279
-0.703778215909703
0.622791222355651
0.466385388051895
0.103111818530954
-0.389670720876141
-0.0454800581192443
-0.200577986182722
0.746496472083422
-0.812778728107272
-0.596744123686081
0.611709811334902
-0.73988076195342
0.847589862925633
0.909670573995447
-0.855104854831572
0.229514218828223
0.645098507853132
0.131411928003719
0.800235725403678
0.493094125926164
0.564708442616629
-0.547469912504433
0.404988696648771
0.148695304792079
0.14509788924153
-0.70743811327003
-0.917646263946949
-0.0643719474410289
-0.50335074245345
0.909785117674196
0.0779724172616494
0.556430801170642
-0.181485330270013
0.928962676742004
-0.070302732391417
0.833597490208664
