0.6246456797524
0.469917939229701
-0.176118288143997
-0.626304384972293
-0.780226373812974
0.831973284960595
-0.391558968581483
0.342965131368564
0.290136729945798
0.558732814777181
0.322932900336084
-0.777750027467695
0.38965139008564
0.618935936284454
-0.957491505765157
0.934409904435966
-0.800705534353389
-0.00253112026957252
0.332768113657327
-0.29327745889357
0.568373542611837
-0.113672911844798
-0.0503819225683017
-0.612718760366387
-0.36512110304081
0.422462239850518
-0.231126629071023
-0.0820791996659311
0.276457844812719
-0.140253663879825
-0.459377627628239
-0.778313316689932
0.0236787146394191
0.624148629427667
0.0528751696503118
0.155590581650189
0.1203530829195
-0.6647254835945
-0.940425324973954
-0.0807830339910001
-0.561504198016014
-0.720684227879466
0.560783423076493
0.745336335089411
-0.110391790953329
0.407894649132445
-0.648580460830958
0.891608797322697
0.275033807062008
0.044016148763492
0.475993284213486
-0.753721746078944
0.374544194236833
0.485674877947872
0.34535430935789
-0.65868163675657
-0.0860801549198226
0.820277056232318
-0.193846209034932
0.069363132104622
0.346512595073115
0.12570611776115
-0.417844862226963
-0.918500879475055
0.739571559152517
0.80112504273125
0.868360473631435
0.385954083200044
0.254237875061536
-0.442937760666996
-0.419999583607979
0.193038524862495
0.743197613764488
0.214203497905953
0.944947911195015
0.278048861539765
-0.910823245180534
-0.304196248552537
0.876026011813056
0.605150077720039
-0.664122178408442
0.329556716878802
0.687720602551932
-0.405839829444906
0.68314936665787
0.173091920987283
0.921855063044691
-0.406315878011548
-0.679926874502065
-0.829025312201626
-0.09545738049758
-0.69348392799654
-0.468894914704232
0.348779430681876
-0.720034887835677
0.544355986196007
-0.86799089493194
-0.96375277060443
-0.606198311161776
0.880974392743292
0.56755355127764
0.0467424468593811
-0.0442604003516958
-0.468889334204146
0.218613223966672
-0.142092464630697
0.508083947100331
-1.03364034389043
-0.0653860559110531
-0.88642075363452
0.00793011826002048
0.56544483008399
0.487838259495084
-0.667389226445393
0.483735528154939
-0.0194070931653655
-0.290580388641166
-0.855402106626805
-0.189935667906948
-0.339053938973567
0.275439187957716
-0.475288952935095
-0.739248817689404
-0.231056244732116
0.912981157553032
-0.712399305526356
-0.792650451220848
-0.61953997174159
0.095166823620936
-0.574666420634666
0.807170501900729
-0.122813771035983
-0.469192498314572
-0.318394352247122
-0.355014041567608
0.156968705397392
0.322890774052701
0.890679434448342
-0.276319948443827
0.396951468846913
-0.266682208987505
0.784325034635865
0.532612708770617
0.0861868379151569
0.970826094988528
-0.530576640036036
-0.894410441779962
0.00733397315848541
-0.87687542766417
0.334895692039019
-0.341586136728114
0.403788747215025
0.817137992184851
-0.0741192815912206
0.995355721780909
0.385081461664951
0.608852858072083
0.0752055441546241
-0.479634913494216
-0.678985038947036
-0.447867397035938
-0.0198563418279853
-0.413508876235915
-0.56134400295846
0.788823279077765
0.222058069522063
0.130721246745245
0.0728061944913833
-0.558622762814538
-0.490784488546338
0.348461137208505
0.815870499232771
-0.853321690778843
-0.896030791746433
-0.115590664976403
0.969409694937572
0.178322747400108
0.84927435263529
0.552673892326017
0.410051814278522
-0.776637058130154
-0.617389654354239
0.140709155089161
0.2512138549355
-0.931087331228116
-0.750881744803831
-0.0819616591516366
-0.233040820633216
0.823317424170754
0.4656881254036
0.967872118305125
-0.884318516749488
-0.452815035350167
0.296931833719356
-0.078876619459098
0.0956299216633909
0.520953658673797
-0.0350568499142948
0.564577841416979
0.912301173089524
-0.457927801433376
-0.940029504366502
-0.517033689220646
0.478775534236142
-0.654171900216118
0.688354340311323
0.727285632664724
-0.695384090478392
0.497192105948132
-0.774216751694038
0.824757861149336
-0.448125532822858
0.753960134857531
-0.732925847754386
0.402848349181127
-0.134564179745308
-0.131843314340456
0.28236659752769
0.739128470912342
0.308434443599018
-0.877387275632041
0.685742675770101
-0.680970617550666
0.717626914115617
0.188288754516148
-0.399536456768915
-0.990971242093461
-0.417868573763043
-0.483721710273006
0.759896468418882
-0.000759146554826311
-0.239520432320525
-0.427644902361953
-0.994974061170329
-0.702465089998505
-0.438641202986716
-0.20667856593077
0.586096943472698
0.0255204751344634
0.984860574482636
0.216358370917397
-0.0814604164811865
0.122028617694993
0.209322634356651
0.557961673140955
-0.309370912175909
0.841939147976235
0.999062298841801
0.991092827379035
0.139100956550963
-0.668902439990783
0.784877832957061
0.759830580628807
-0.577255650848285
-0.187395235858292
-0.755028570599502
