0.399839175130832
-0.212545664723602
0.351794690909053
-0.0030733155068225
0.277627944181505
0.252691346017916
-0.459581410752841
-0.349112489106068
0.00986117315936477
-0.22831396749791
-0.275115132826072
-0.169950971946229
-0.564370700599945
0.544663352312238
-0.38127773106336
-0.696482223421578
0.53614590965121
-0.972402767780713
0.0706072103389522
0.155601103268349
-0.45729889187255
0.494847638997536
-0.144598809837188
0.982546467373383
0.758774935309188
-0.811406680196459
0.253007234589618
-0.0403500665531185
-0.825183178653413
0.533181315302197
0.797762051894129
-0.182556020822794
-0.629546195864407
-0.743945640343299
-0.354103412009491
-0.205347866037886
-0.487362712505096
0.301439445785915
0.529419356310397
-0.0997816621416082
0.766740761360293
-0.640239724237424
0.459737175608077
-0.326847840435706
0.299902576208755
-0.326689680477341
0.150235077761241
-0.41947160740981
-0.241897273823772
0.485734384489223
-0.142677980016199
0.744218418842406
-0.789837171994364
0.338980689468861
0.729300409996814
0.443556832425648
0.404819151964935
-0.583688766009393
-0.624734421977841
-0.959004646280395
-0.809347304773365
0.178044749045668
-0.659084888524283
-0.5024040290458
0.527691161496755
0.288127826057026
-0.191803689188236
-0.00690363697302789
-0.63175459734425
-0.534482104363092
0.875888101882857
-0.531935403171931
0.0940795673576242
0.360499831749534
-0.741905948749743
-0.510017560228518
-0.398204268988385
-0.515180064950113
0.437191172279966
0.0936084091623327
0.477513265232239
0.180048929445656
0.287184902646479
0.546654622154739
0.756703499104234
0.232623545876542
0.760251341221651
0.560857863721536
0.264140623413134
0.405606749130405
0.170892077225137
-0.473265480426562
0.68767439631938
-0.00548912013472751
0.0456892666552508
-0.783034348202672
0.650817559518532
0.0343279599804182
0.940508524237571
0.772227604434242
-0.825865728810907
0.279106099970968
-0.924678101338159
0.459046781822587
0.892528317878808
-0.406006027973509
0.226341536030605
0.493760586406776
-0.616881885990403
0.651510058663382
0.971756841823412
-0.382071310684238
-0.61698082452372
-0.95509416349085
0.444345322516801
-0.836703518379413
-0.238437947954423
0.336028692654089
-0.0709592952171483
-0.329011655156839
0.4005022833322
-0.0899978143142307
0.114823156137485
0.393990700956647
0.916240208329124
0.273344532783074
0.215774309166622
-0.656298164946665
-0.778853095720198
-0.591970211186619
0.42704364993719
0.156673175290136
-0.880007463981072
0.421965780977778
0.519158458436432
-0.349356437343013
0.759694354454898
0.702928846721917
-0.733434179982616
-0.95207476199929
0.525049537405299
-0.932069064831353
-0.17527109512922
0.390480695111187
-0.142443928459575
-0.40759226823377
0.0150843242619516
-0.637595019339457
0.0554923903125318
-0.211315965901021
0.423407502217902
-0.114004251798745
0.12374704788355
-0.457767325435124
-0.0475755378701889
-0.470827289111429
0.736826216351303
0.518466843407818
0.618776013618108
-0.176160567296603
0.00215770079519541
-0.207863839653194
-0.44909519265435
0.910795276948559
-0.768532749737275
-0.31544244318098
0.405655947348293
-0.397322108356792
-0.619070586012977
0.298124231184677
0.455339377824361
-0.85564201218548
0.574261816862283
0.437563503670139
0.111387791147336
0.302142638764567
-0.103747317156076
-0.241980113903809
-0.293141675523936
-0.791008731481075
0.39897255607662
-0.514786129499563
0.0777580488828832
0.908832747209804
0.537362159287663
0.724532023866415
0.675124497694898
0.290402079638813
-0.25916557478954
0.229431338799705
0.218594452847106
-0.841046610561694
0.216238879442097
-0.723549089742442
0.888663917263744
-0.758592441493421
0.640240805314814
-0.480706851285293
0.246782926063359
0.377120741580857
0.118174542517132
-0.60595616536629
0.106229106594964
-0.873522885167716
-0.46764377865177
-0.25650462044451
0.479080659640963
0.736858441454036
0.801471363952343
-0.578677604941558
0.501828850238616
0.326004180269275
-0.65011213601571
0.297456116597737
0.857338550465301
0.823767880808437
0.0017614153028285
-0.432236970560839
-0.894043490503201
-0.731625907083002
-0.0560313097931185
0.650565590864782
0.77155284827763
-0.319357223451535
-0.187005293112061
0.731214115382635
-0.470854006014396
-0.830027791890334
-0.434443862379009
-0.967515606177796
0.307127861232471
-0.200277479859874
0.455886807519252
-0.598860065683368
-0.146353563918578
-0.257948110878817
0.386657766892008
0.0885237176603143
-0.0401227337575947
0.524875275872921
0.468206241049402
0.887905998258099
-0.538887630336842
0.698823014371818
-0.256428246036081
0.159510680594084
0.064387079890731
-0.808088990146472
-0.832174893619916
0.246961218306502
-0.802449617104052
-0.0520689775358903
-0.61860859425765
0.526210200548447
-0.0766241974250378
0.425003769596932
