-0.708794215810912
0.670433580707774
0.644925566018264
0.446960756900394
0.125794005446272
-0.18113713029013
0.714912251637681
0.326355531026257
-0.872154757425527
0.463389998184537
-0.021767081924447
-0.276481470696954
-0.959366208696357
0.331247692904966
0.438993751632122
0.901959092342842
-0.696155961430897
0.561843431494989
-0.142370037397004
0.417243826720111
-0.86905602371295
-0.662175369603862
0.887754415053547
-0.928001896281084
0.0626912449752179
0.320910262461761
-0.421405627679099
0.803531837832915
0.199947447186878
0.0929974925862441
-0.302980709303422
-0.871792413461326
0.926051004767444
-0.62079601358936
-0.637323307859711
0.509091975514603
-0.960973511687905
-0.962929620346747
-0.883396064188811
-0.45002158840476
-0.129099855685108
-0.611374966972522
0.775745956937136
-0.64870486415611
-0.334553222455756
0.800887594794512
-0.960282257501978
0.36794416776392
0.203018476208036
0.270084939203114
0.509360854399149
0.123622327489054
-0.48085893396056
0.562111976789322
0.170847039840258
0.639609476801702
-0.940118392842976
0.526533848800608
-0.856099013886616
0.928570104165492
-0.386954113252164
-0.356706548193562
-0.547702059835255
0.502273996672254
-0.147512696041622
-0.74111965928523
0.933813600507342
-0.488151226553927
0.757383464154727
-0.91344327276555
-0.358097726301827
0.437856626615062
-0.402459457460703
-0.817787793029447
0.451948775464683
0.828918768908556
-0.218913522419062
-0.98285230699059
-0.45158621626862
0.0423473448830881
-0.857691525945005
-0.61109934609742
0.653507675278583
0.0424373685986801
-0.26266814203107
0.377310599061551
0.940718360494999
0.789673701581277
0.0474896974220775
-0.779880464472129
-0.36891056300027
-0.326184057718958
-0.90974252091143
0.4186991921321
0.14638711542138
-0.89953042440231
-0.984867440443625
0.431235076023085
-0.0221863221222851
0.611125528786929
-0.708109353752411
0.142048569297356
-0.816916525775788
0.922782390966486
0.074047981568963
-0.373376137041054
0.532531943659532
0.102888915650442
0.478275151891387
0.598143216056039
-0.801085094544738
0.303197691279069
0.340458910253036
-0.981878416196727
-0.841824376901619
-0.208882838847347
-0.330674588807547
0.13465643554396
-0.89843616152232
-0.266962612897413
0.835078388593271
-0.295931487508508
0.321430188785661
0.273540674995551
0.080831069685744
0.708160755017159
-0.730398463224469
0.115729049684622
