0.150933509240158
0.655921124496919
-0.527744728543928
0.768438816946931
-0.337397933805851
0.659427850554719
0.254792963244787
0.17151633181339
0.986667676875836
-0.661090428303604
-0.743710607843612
-0.831836456375196
0.854329544300267
-0.314799866309183
0.0458193521830172
0.739358197862089
-0.519644892332024
-0.243928383401617
-0.605822603511451
0.941490727559491
-0.819971628033157
-0.926720432960641
-0.666853690318586
-0.100184599838046
0.429867610995803
0.96514282903198
-0.674330619234705
-0.509691422706695
-0.249237394668455
-0.207804805951744
-0.207487529081045
-0.660698646480729
-0.563254652468227
0.505541760658098
0.61834990624871
0.956619168948573
-0.211221546675481
0.438802023539904
0.887250244400595
-0.818313169168806
-0.852117221823449
0.329373340704971
0.476325010072717
0.124507984326201
-0.456538302870538
0.793061965166068
-0.389389638835898
0.682128878293517
-0.785386554296599
-0.439960753550242
0.0795464062781405
-0.195446456005098
-0.773878798518108
-0.613152584833636
-0.546415158860222
0.573034542039957
-0.131183438408618
0.383296803773121
0.439244008202078
0.39554028438407
-0.485817250351512
0.333370074440056
0.914998164779276
-0.875771144216488
0.405684848171942
0.502887602192453
0.194176087251838
-0.42272596300529
-0.172035118744349
0.371945464984028
0.337596582996323
0.906569819337725
-0.547033358727601
-0.406099372181904
-0.460884044301082
0.179534747074989
0.430570579667782
-0.469061838631102
-0.315156392581154
0.210620375102769
-0.125740815202944
-0.320197227787588
0.147944846194534
0.717291899324498
0.259895222375574
0.332437987844365
-0.146242071673445
0.974853177546142
0.396716003498408
-0.140719257884984
-0.528692538663133
-0.956625494705854
-0.253250733547851
-0.632278281106106
-0.733399950868868
-0.288480063372681
0.166837714125803
-0.411692057534724
0.634149509432687
-0.0417944372583946
-0.23486259677706
-0.126808093687924
0.0221609788127553
-0.914627786692135
-0.938121939653518
0.854730673332289
0.494905180254624
-0.617241475585538
0.553819732350376
-0.566741409542713
0.0784907624905567
-0.431467981270341
-0.106115117598405
-0.728911898213109
-0.524450386408735
-0.106736811389326
-0.12764827485557
0.663238031102846
-0.191752008502672
0.607189153291905
-0.791317801181112
0.295934931534718
-0.0794428325779109
-0.0755319244709789
0.399416312731773
0.388457692150997
-0.477440263246598
0.787696469966163
