-0.772579557352936
-0.0116737910279613
-0.703988377459439
0.905991212500399
0.918248561546854
0.202322002164997
-0.236884613903772
0.243405480858446
-0.0243940264446288
0.702481674739117
0.631616036831759
-0.856535086512468
-0.310515993874056
0.646561307615911
-0.319697413450906
-0.415027724746896
-0.416848773678218
-0.256266748760267
0.077608713861367
0.420645800606286
0.762900914805798
-0.319295808382049
0.181591368066136
-0.00391442274821935
0.0539638088884178
-0.187705516398531
0.874564494429225
0.916318000211314
-0.703593216061555
-0.683017021703601
0.680192852346617
-0.803517220007422
-0.653682472764509
0.843365337596798
-1.00821443413982
-0.567031666202037
0.195444249255867
-0.305054860339881
0.663396471473724
-0.00161110153660649
0.0363364394715063
0.639760190596491
0.279789897397354
-0.783081390346606
-0.781308636993654
0.641867218301485
-0.0765569652448833
-0.468096439777261
-0.250461672327617
-0.25483785553534
0.628393959875854
0.615188352776643
0.0354496155043207
-0.933160919575424
-0.135882602254356
0.993464443185233
-0.855941060650404
0.577201231468618
-0.644052648618757
-0.811141582320441
0.0248575805784237
0.132402258739483
-0.0110216602303677
0.192263191353407
0.858995192588538
-0.931690293144135
-0.616004354684113
0.919179341944296
0.542211533656693
-0.956975115835146
0.00424131466349914
0.483828157072414
-0.657214621041718
-0.438309669873272
0.220613356297614
0.338251361586565
-0.44736580023755
0.336019542005381
-0.928069397563121
0.725669190783887
0.747229721427227
0.517985626418759
-0.914964162394603
0.634512933378858
0.745779237346252
0.0329406614249542
0.705595271457377
-0.808040134894881
-0.425034362808367
0.843157178654537
-0.467588031606572
0.0530809994260113
-0.82575649556984
-0.742686630711589
-0.101188240268234
0.168912831009037
-0.236300007524721
-0.251426487745594
0.597909104579978
-0.309140220161598
0.60037491832514
0.786277267544286
0.817792664985498
0.864556268812754
-0.286263403553448
-0.612907846351181
-0.179976698332485
0.791881478266203
0.639906464670924
0.911801366707103
0.791488238583074
0.282336874155603
-0.323693718532079
-0.991919968396678
-0.610006817285206
-0.237588051814146
0.661531776934326
-0.0713376797499778
-0.478863389941325
-0.0612022516656446
0.0344068821712588
-0.664134039600628
0.714761318209988
0.895005403589835
-0.791204609172121
-0.609983650281746
-0.463769637101512
-0.110636134123934
-0.731949379164043
-0.693315642146734
0.504760150945211
0.0573383686776652
-0.732197265782467
-0.0872125248728305
0.615980456777745
-0.273572509711642
-0.306576092702927
-0.675408220493699
0.775516990580672
0.377540544693978
0.336319160845411
-0.177905432255607
-0.131232271495043
0.445054985221987
-0.914503581536522
-0.993263507185523
0.531813709107338
-0.374819208269854
0.133144424024051
0.697101672833752
-0.576684227577309
-0.659200937170109
0.833026682533506
-0.78289743314882
-0.108584773016942
0.21643992248786
-0.751456544519247
-0.0265887627164344
0.281582139867755
-0.457258740552295
0.276464476979596
-0.75987681424421
-0.00592187203415479
-0.41642848959941
-0.487178928233559
-0.0550854127534816
0.2358503636656
0.768311809546501
0.71936407283158
0.953723390528584
-0.776850437903349
-0.832882088994854
-0.501895009147907
0.591077603881174
0.135812116110494
-0.74710206830092
0.172739137498042
-0.8827806868295
0.582298370935639
0.325693729902774
-0.468152928348184
-0.128473813866511
-0.604110351159695
0.872446273835663
0.192258380972235
-0.39671198981015
-0.630155353843791
0.929199418871281
0.186611557465929
0.343739739623089
0.0945490837225303
-0.767251011908466
0.988141286194262
0.64573563340322
-0.0440544413316607
0.803338437571588
-0.780937212376049
0.524787738403955
-0.402900398197725
0.695673731275966
-0.553437908376367
-0.437877087098796
0.23855931915219
0.438027514594726
0.150519851624775
0.932918553851916
0.726997356895818
-0.483373740519745
-0.638896116019102
0.0822244938937313
0.224973621873168
0.769220286838261
-0.40202689922011
-0.436067228893917
-0.291215179951285
-0.642164484475878
0.77687022214315
0.708502354400461
-0.860434392489118
0.383407393704591
-0.812814389670094
0.87108083434163
-0.678561571190571
-0.370597305978818
0.840983350115335
-0.109138206552377
-0.503467558618285
-0.889428312625224
0.864012560615824
0.587945257056933
0.68718855810119
0.514918499035588
0.428249341910176
0.696735670585691
0.104889035827496
0.133554415665389
0.130843602538084
0.453904031558561
-0.918034608341065
-0.0264314785866773
-0.896567613664202
0.223941515750924
-0.76019411056598
-0.396159489651483
0.794358095069351
-0.307434959367127
0.945213082208463
-0.39937453784424
0.19577160667571
-0.483470370968474
-0.331878509659057
0.65828492972135
0.571184123089444
-0.565283200921575
-0.774001235604496
-0.394552093575051
