-0.364117735748097
0.149780468530688
0.736899672127028
0.498753174103684
0.0446637664763695
0.211123845591395
-0.190189456221414
0.732243350139512
-0.19903492572991
0.876334821307067
-0.0960720232290528
-0.292546227205896
-0.436069491831699
-0.397265741550501
-0.658463418453437
0.782513586237318
-0.641302582428002
0.789302860963986
-0.809212314560987
-0.109913347985844
-0.21243447847846
0.633957914950382
0.555280089571796
-0.521063032381908
-0.643027638560469
0.96621985708546
-0.664115904285581
0.880247938504894
-0.400717676087481
-0.669510278052733
-0.0913327667806153
-0.809377146016844
0.531820340655702
-0.0730118457364506
0.0809734151649283
0.522143337959811
-0.806003593260215
-0.895851507383486
-0.447595923021109
0.941146355681169
0.131155974659619
0.915714042336199
0.363773366047569
-0.423347419433846
0.792971069287814
0.944226955266851
0.0132850381897236
-0.0641162298401066
0.999138905462845
-0.826290817451568
0.0575780133991283
0.329670598123389
-0.389487819941726
-0.974812920010584
0.446706483985125
0.848266135456976
0.987506478355269
0.90280376099114
0.236017929070808
0.654197811965894
0.811205056873116
0.171222283671624
-0.738011900735175
-0.340651425348668
-0.298976917962566
0.0457659766180196
0.399040001489664
-0.164820263935665
0.729514905044109
-0.771507770752704
0.735318158473705
-0.745281172111653
0.260025350875541
-0.408272308029034
0.0227810919712823
-0.119187359676825
0.551410773648321
0.474472356614345
0.534572418845177
0.154765516055433
0.699926211249671
-0.103265081734508
-0.642662213897713
-0.613992181655084
0.307705991336956
-0.258546488164795
0.24535859250563
-0.813009575771115
0.957395422492338
0.0628752336860715
-0.465452619388269
-0.0399678923416504
-0.57512515538963
0.527065637902485
-0.763460193062827
-0.112770325938539
0.745852633816729
-0.335044805081698
0.870668863189163
-0.346990351972829
-0.96798767687566
-0.28521567387362
0.109299118126794
0.117434634861913
-0.586553378968053
0.811790186171401
-0.967805356051105
-0.340354081749637
0.374517240882987
-0.717045890281643
0.17339945465401
-0.578362806833166
0.813169288277528
-0.36293691252179
-0.384832205390855
0.959109779864204
0.746773873852053
-0.291446050846483
-0.34586517742346
0.357990007456417
-0.0220179008277731
0.652194868320437
-0.252095355656712
0.123938135574109
0.410543646811867
0.144827905368017
-0.979021556484393
0.117855486246011
