0.71873772157287
-0.727866923755588
0.613929165764294
0.127319936111688
-0.722764734096307
0.866909677709569
-0.130010698320093
-0.666996609082384
-0.42328299386797
-0.401859579954027
0.501485910099364
0.929924837059289
-0.60679238093823
-0.941316246819545
-0.983204314068528
0.865101517467084
0.856040111796598
-0.492984895859684
0.0610663443738778
-0.122927332223934
-0.670434612467045
-0.106274756909235
0.674159574788291
-0.870795345633778
0.232757858296037
-0.913451364263098
-0.461275499069737
0.542518992991037
-0.0738829559718636
0.827256093954625
-0.164074297669621
0.571712755721439
0.77514621785607
0.027795371444234
0.403602272893691
0.920139273739835
0.439207502270195
-0.828152199339947
-0.885962807493197
0.463163105751049
-0.190351061901214
-0.359970681300523
-0.321078878836753
0.600577591019499
-0.306568411021621
-0.250452223931061
0.849144529918201
-0.708014531422226
-0.226689987813986
0.345409019796074
-0.872954079024399
-0.765593795235095
-0.7153258013755
0.679390986376001
-0.260425744781229
-0.567995271660796
-0.231735646685157
0.949957134557758
0.634436335100713
0.0156033558255337
0.419575022812839
0.900321323912811
0.817285693950389
-0.157059523979765
-0.779242448878048
-0.464587299624412
0.910018522475373
0.570981803634979
-0.33079303393475
0.424549330683101
-0.179138006637669
0.444791678696324
-0.648561835006849
-0.282545589982699
0.154990493540634
0.510648740598396
-0.133095908002207
-0.491675064525318
0.274302589254134
0.0238694343605234
0.510198215165244
-0.961197238826835
-0.142669435454759
-0.624489680822022
-0.799149961253966
0.321168296512159
0.715185487057152
-0.102914161961024
-0.774739793569135
0.387245353913305
-0.257817796996314
-0.352493059010102
0.873604529255408
0.0681369444050266
0.354907934815315
0.267583192909411
-0.858061371907587
-0.431178334866738
-0.404409667732003
-0.0836048311569157
0.437521797721096
-0.519874400179107
-0.442470322575155
-0.880710128903163
0.0748618969601633
-0.0887113880405333
0.487720962351119
0.66254523418863
0.0859286447164628
-0.327494519261567
-0.452966212521732
0.87029060979611
0.0867101980452066
0.860535932953628
0.842950855306643
0.843933780668305
-0.432945906518765
-0.170020122605339
0.895259957289467
0.548266332242509
-0.473345083601136
-0.189908479638768
0.834405185549177
0.205904579359031
-0.422795315787942
-0.712655499715271
0.399535701064178
0.554725849380935
-0.384501788379503
0.418216055712409
0.630192417567193
0.0237018676122917
0.130812808338752
0.873382545319361
-0.266383716148013
0.742521716692278
-0.370395813507763
-0.945332368786187
-0.767800197291116
0.695818100609792
-0.376701218511788
-0.942499216671789
-0.916534618773172
0.118984505048282
-0.0454747798388111
0.0985545065899978
-0.114104243758588
-0.235105567015277
-0.533524741604186
-0.808394234101905
-0.532074434025222
0.854495359557034
-0.345838655917975
-0.225066916168374
0.452767731086558
0.281919365542734
0.334030745614795
0.519416739442401
-0.311322971914914
-0.08936749718142
0.210481829443231
0.329344922561255
-0.440508326826925
-0.697243970610149
-0.974545863562284
-0.512508479950058
-0.344123083116153
0.817956872658232
0.688815869642957
0.419550077722622
-0.984288835748989
-0.670095278699879
0.704953298654964
-0.6022357222174
0.864005244507758
-0.170445649806467
0.741715885510825
0.363829624314711
-0.811330406393688
-0.440084429343015
0.989301723835644
0.12046750324537
0.568136006747057
-0.485945398460023
0.0133890266834863
-0.937144653750833
-0.798424826112104
-0.0319293569502321
-0.503103412392056
-0.652275331936462
-0.362919289462129
-0.61615965002153
0.0207565430909322
-0.994692372578654
0.884752642452801
-0.563415358607705
-1.00495822640668
-0.330151198133623
-0.942476652523492
0.66594167470609
-0.208807115528139
0.530841625517822
0.127696660823715
0.571655165705874
-0.11601859698341
-0.124650487149979
0.28002212767569
-0.798549369467006
0.276323029629828
0.753287867221576
0.115697220420633
0.095514585788489
0.14058266089197
0.575685529782421
0.261665304223198
-0.130887882374033
-0.807591432676448
0.163904248140921
-0.0623274547321948
-0.950928840208566
-0.432090624287003
-0.847131122344581
0.0497223696179892
-0.719805415560973
0.414737664294838
-0.536862651815962
0.840589824386049
0.956691306932749
-0.0795057091290136
0.174388805585231
0.550066730929914
-0.662007453658228
-0.564632709967404
-0.46417112074304
-0.28252088868689
0.393836848859016
0.814465336026182
-0.820150148320246
-0.41723315066267
0.0301249044209006
-0.189053500005848
-0.387354243287537
-0.759089750277445
-0.317429160692742
-0.976165535177316
0.418829818266759
0.882854686834169
0.154635117160965
0.710951572703288
0.0339050458217881
0.114857635324197
-0.0927345183060301
0.143958634825415
0.969573002362558
-0.982816946375044
0.464683310469894
