-0.68627979521111
-0.936047698863985
-0.482611791547351
0.465263247316329
-0.881604723996775
0.325099389576659
-0.645836523923769
-0.101604266307676
-0.286042883888799
-0.695262512215523
-0.991054844827421
-0.785222863361875
-0.870498704464907
0.303614016668601
-0.335598309380728
-0.0859558893518036
0.612606082223516
-0.012796194229049
-0.0807350497271969
-0.534822041524919
0.647214287845933
0.0568826987615318
0.171244186015664
-0.292696473187193
-0.197073388394683
-0.737279367630891
-0.232860850871038
0.605733249411672
0.26277540397733
-0.932154651262874
-0.372510253381858
-0.633747574928492
0.744840446383073
-0.0956143016993411
-0.466723105493694
-0.482307436121103
0.759327858835871
-0.449270898598946
-0.525524928230343
0.7655879060325
0.501480347256117
-0.405142709218984
0.195408484134266
0.69456549034802
0.289124373924469
-0.440224665048968
-0.947200980747943
-0.285206552281702
0.398546546763819
-0.988097377861276
-0.405009086710185
0.556134265355102
-0.83879994378877
0.872493837933725
-0.453797825718056
-0.0638308838924488
0.271727759709176
-0.0709566801102615
-0.480843730629461
-0.995331187528345
0.91511679895335
0.390214495292977
-0.651707346391732
-0.302823304872198
-0.153356984120725
0.450168076129662
0.173741068546202
0.372249724561498
-0.569346716300999
0.233273679596644
-0.688662561437457
0.51241657234605
0.955838353657307
0.357817591243672
0.0445862128108718
-0.365963537327744
-0.914106887041375
-0.183384484500552
-0.740207552763655
0.679454424547216
-0.0148088165768946
0.346263974219046
-0.96000886767228
-0.637263605241056
-0.0872062601130102
-0.330944764252072
-0.0270616469466551
0.0123771473352757
-0.669209971059461
-0.559120409043401
0.654319316507551
0.0437953657755531
-0.224962988785251
0.676863296089083
0.0895205636379108
0.629488403239878
-0.952238116668435
0.101233290802617
-0.248372224762623
-0.146661509103783
0.772449225706548
0.949090379971706
0.295886767984164
0.639587145490494
0.527743861427626
-0.786730509093486
-0.505674384044437
-0.806365807114931
0.247047252286945
0.929984870598369
0.0801975162350963
0.878368215379904
0.933026857153491
0.265285283584263
0.519498157625002
-0.0515061964855266
0.28325475587452
-0.28350546962798
-0.632342333012718
0.174470828313787
-0.446318171656699
0.240689813145207
0.513573975457574
-0.814633261860014
-0.010838652469547
0.61043896389408
-0.955691002637397
-0.310981895622577
