0.190820726284366
-0.819737895190977
-0.599468588222155
0.91199012294134
0.300635316306301
0.616117632576899
0.696058514305143
0.985097067558445
0.935728586252446
0.51117074666787
0.526489305096493
0.0211671743911526
-0.893670664756807
-0.591148407968545
0.0596700520630084
-1.02612271403564
0.26167414015352
0.398866841321922
0.136507054531036
0.0237823560243737
-0.399189709142252
0.816425537532917
0.0845954230551859
0.121994993065081
-0.992060059245601
-0.0565422811751477
0.992894154948072
0.365146609284675
0.355860854792338
0.389592269108823
-0.926371072205905
0.157183165471672
-0.239324081464661
0.270702811677083
0.0559928801646629
-0.384950470200087
0.527861283759115
0.879811859498575
0.499196992412637
-0.720474036542197
0.108740055460417
0.943944219917361
-0.453020904327847
-0.842937375319476
0.921843340142709
0.4235820258976
-1.01168643229445
0.424314552501368
0.394281316739063
-0.460786709232752
-0.611604537133951
0.348595363707221
0.445380828913833
0.867030179332339
-0.91243983659475
-0.499849523756126
0.431711956784181
-0.650984273983515
-0.227772974411543
-0.691804934849987
-0.175757050053944
-0.221142664699068
-0.670273121131751
0.265052329200407
-0.719443042651434
0.917674236249835
0.236610643183942
-0.202607945844773
-0.482497247233445
-0.784560418450039
-1.0103405518808
-0.377718544584282
-0.0428148799406556
-0.101106579015987
-0.146702809362186
0.862184675981313
-0.224025161312448
0.931019733826225
-0.481319183967272
-0.713909149584417
0.155255698469332
-0.593176998797018
0.868562173806831
-0.872799981781085
-0.888849984924387
0.960839852396152
-0.896351633033666
-0.0954923720829779
-0.845585461781678
0.594182940044953
0.0111057328217691
0.751023185189231
-0.670807492033473
0.022940077586109
-0.124068041014799
-0.830517850826274
-0.431255944164404
0.206065519644992
-0.600206513975426
0.747037367943008
0.012021287707453
0.413356280167566
0.755929757420023
0.768389805660766
0.761608095593553
-0.328807659204842
-0.492468373296038
0.636681037542052
0.215395066932075
-0.410203662717378
0.721902692353244
-0.669491351554769
0.807763334860156
0.657346813383662
0.199361064198019
-0.374032709051983
-0.499588785959128
0.101279988431724
0.623768328453349
0.11734084147047
-0.488772595361612
-0.526868075479314
-0.642962211079839
-0.954433957143921
0.094955088314942
-0.788687343693356
0.349318049048266
0.024614342530887
0.380989996149382
0.209259552269808
-0.376078772018757
0.917440282933995
0.49959294853998
0.867680288129616
-0.217435498593726
-0.704758266570448
-0.0782966592687095
0.541988757918784
-0.244841198496457
0.743914837520034
-0.262755144460545
-0.852994437707961
0.733483978456819
-0.800510216747809
0.348839990541233
0.518242278756256
0.149450593755998
0.123999765988037
0.852122264679958
-0.305111381037805
-0.906715315148862
-0.0020431086858585
0.617241373038226
-0.0253551739257392
0.915132988592792
-0.0801729060571325
0.319080330070432
0.994147536479753
-0.0220421672797612
-0.0616989134684531
-0.292719167554805
0.945281850509237
-0.172509068164083
0.868752816247303
0.678262941830879
-0.552925368414842
-1.06465168331668
0.859380751994345
0.703008381659501
-0.744964177717467
0.916429363863277
0.00332728122048591
0.907046850539102
0.228431492764883
-0.00344268238783964
0.751808816528766
-0.163695875478895
0.908952012240114
0.53672972588668
0.133156289524501
-0.776824987981214
0.203713952778549
-0.616740288379518
-0.979840130418607
0.557180964173441
0.148268449514385
-0.430085132233479
-0.257268912190331
-0.934678318278999
-0.21647986933132
-0.359047670135793
-0.425207542792181
0.943719705567883
-0.595803786865146
-0.278394679534979
0.611882677567303
-0.399877869005048
0.220435475554055
0.870718729423184
-0.0431235743461182
0.0140481992245697
0.202853578340698
0.605628039488176
0.476979289710265
0.204331631417813
-0.450238819637047
0.717511235146059
0.827348866530993
0.580169567857086
-1.00689074743842
-0.211793558960377
-0.906023661902859
-0.874930582735974
-0.246520042162167
-0.447967515161286
0.0970492733780349
0.128501194195762
0.722964108688627
0.213620056660898
0.0435140660188054
0.855219220336576
-0.872308682501698
0.00586007232888861
-0.968135284476669
-0.317939596069203
-0.144011761440077
-0.48457581532769
0.0853158575683099
-0.644948932022407
0.305109464275753
0.697852618200978
0.682969405905739
0.232168891354645
0.770909459303872
-0.0386082871348058
0.927401879808731
-0.508704723674668
-0.227548717098324
0.242846996314686
-0.7589199358312
-0.927492782118717
-0.339531798408616
-0.76054164211133
-0.149235006773437
-0.572764837803161
0.806072044481501
0.970783594861904
0.290037563609139
-0.966648213508372
-0.743989797197675
0.46520907167936
-0.90878176649119
-0.0213669677103366
0.214910166300235
0.837320650832217
-0.779440923304951
