-0.559714249901992
0.167515062904626
0.357004981063072
0.64505974032672
0.279098957232474
0.31861142261517
-0.525906610778221
-0.300565978899044
0.819005453386022
0.0728463040884168
-0.380856285379246
0.620934824865865
0.852199683316059
0.0492192750865561
0.286053014717231
-0.890227553709896
0.810314759437598
0.512759961121672
-0.269721141662632
0.627724917833275
0.0928556246553315
-0.835619870903743
-0.28058628938063
0.534946204683338
-0.640467217945745
0.334825645368596
-0.429282661378831
0.906683608698541
-0.990207163568751
0.620195251158794
0.513059169894156
0.606084119770634
-0.663521354581565
0.435361777911092
0.172436702229844
0.920024857425375
0.419557881625566
0.0814913585108201
0.0608078897159798
-0.640990714786788
0.616980041422337
-0.428652425678286
-0.664814810844388
-0.0777680072126874
0.872576853053847
0.295837315559599
-0.999261554203978
0.807872799572608
-0.0113519724279221
-0.51340248779471
-0.335380304031707
-0.567988536711187
-0.376213112287605
-0.823539117002372
0.230517975266526
-0.742210782906692
-0.451747610414921
0.0494031761490382
0.0546797364213648
-0.442750370179183
-0.935745414968054
-0.584452221504569
0.629340917657463
0.123646599902174
-0.734785700745128
-0.731572703322233
0.279870774338333
-0.992357152852449
0.415749834860492
0.547896581719093
0.200896115385932
-0.740152921089198
-0.128377906585566
0.875478377839806
-0.384481718483816
-0.470226294483538
0.4123463713835
0.362217648400707
0.578061679884206
-0.382048711213977
-0.12780517820628
-0.113113935278121
-0.378498307360363
0.357247819481938
0.100263486219083
-0.243208473059724
0.0328697779719799
-0.867823410006788
-0.0133724651781644
0.475729246918549
-0.4434871424576
0.575610154578681
-0.834675688076996
0.0667469763778091
0.681097543569552
-0.253395147045876
0.938267936936927
-0.567816519568511
0.091344651288072
-0.218571153439045
-0.504761381648201
0.693857699450888
-0.982967966839495
-0.0802634467016399
0.784907598085051
0.823679214312583
-0.370086028607312
-0.252816366675318
-0.0608621422330033
0.266872641899739
-0.874458974443633
0.917688209850799
0.521687056609609
-0.373781798438499
0.734532224208483
0.887041115978994
-0.424282988042372
0.906586017450982
0.471030844878155
0.014778277320024
-0.939946286604684
-0.118464013712194
-0.052059510429513
0.0374500149091967
0.747653156860068
-0.349036931731207
0.432761579147092
0.505425490824525
-0.417926430164145
0.881615798656018
-0.676229543579504
-0.159275476212218
0.264472027785546
-0.0563808725886763
-0.644258834528256
0.704374939080452
-0.955326212879947
0.72220725622664
0.178260587937621
-0.523658204363503
-0.533967181188145
-0.620623021710574
-0.506045533209343
-0.703938956051467
0.705040630031266
0.623885629251963
0.731144612162958
-0.265795497716103
-0.277444587147322
0.311068376513232
-0.272705309631392
-0.68318336247537
0.884730023246667
0.308800448039057
0.179708799837291
0.0549784476031374
-0.490308828586754
-0.961210825398497
-0.827756794290951
0.54760978306012
0.668043385880468
-0.575878568533075
-0.775290059503263
-0.900599061759394
-0.391771676216954
0.6343845483807
0.966568663033142
0.714898577402382
-0.636995724954036
0.841975235715926
-0.385904547392804
0.65981831755281
-0.634678780483597
0.660400850115158
0.6470300966779
0.45422637152763
-0.797090843744937
0.180289391435972
0.971391871539125
-0.204211457033552
-0.871546577592109
0.932175071363338
-0.396555510696955
0.749937940432243
-0.7440218321134
-0.697863685845211
-0.79945766899867
0.537688940962776
0.605785850507386
-0.0461877401828032
0.700969946308881
-0.220678641996749
0.856300521061227
-0.591213283649188
0.991089953610161
-0.59606669784276
-0.899138243571423
-0.602594445962978
0.377048422647101
-0.135664759871415
0.441875134105976
0.937192179674293
0.0955414273144095
0.428519583775461
-0.826183015133935
0.620580259253184
0.710967430705211
0.221368628290335
-0.54503457741626
0.677956482689201
-0.97945179419248
-0.897169520734076
0.000470404930581008
0.302636538706715
0.740459807352566
-0.716633860967901
-0.519121722265402
0.888041984491173
-0.482372801942019
-0.431286010327547
0.199956855200249
0.320294459905308
-0.926130036831241
-0.862635657550799
-0.189434138702181
-0.879152061687628
-0.934399631361518
-0.737618258638606
0.634650215077102
0.403303528953299
-0.869632190579352
0.392549559340474
0.299869046153159
0.659897169207526
0.0852724429938558
0.846832952747598
0.829609668844849
0.284990684772307
-0.397055824070932
0.366798697712569
-0.514619631994707
0.253868963645817
-0.0116271258273106
0.951059878210127
-0.469555046285891
-0.571123501491449
0.0739653120333413
0.780845240386599
0.808582698240346
-0.254284952301872
0.239492005103961
-0.105515465617189
-0.593630068382547
-0.171400342440662
-0.912198597344366
-0.0740769612793205
