-0.856319575040819
-0.985176585311774
0.198898110788055
-0.280149945622948
0.572705836706083
-0.980620437016927
0.923186245069092
0.241626161463423
0.333895313887114
-0.20556769921588
-0.726507789040761
0.627929305142002
0.663079478948673
0.124898929857261
0.660664333018855
-0.110920094964294
-0.101602275328202
0.881212499846999
0.360449249088415
0.621268094237787
0.991960037429852
-0.111226198472179
-0.0774280293664352
0.286416574225697
-0.169574324227887
0.201896076811007
-0.337123252235915
-0.0272652892298097
-0.750639912731716
-0.587831577170709
-0.0578566791230437
0.638589528359552
-0.324818232733802
0.228408656853214
0.695630812728595
-0.679656761941943
-0.589971194622679
0.745785923648387
0.831209618884006
0.558180532754758
-0.00983609587277667
0.00696083987551664
0.783768907051896
0.723857759967816
0.767980824819893
0.215323524145284
0.407996073280462
0.0475169739784219
-0.359896849030208
-0.468783098677711
-0.274473179938258
0.625765361076689
-0.415964632849503
0.24974472276537
-0.352649326056504
-0.547933509486401
0.148206919578761
-0.753111274845001
0.193533822618537
-0.718468069504459
-0.146313507569607
-0.431545261135627
0.304857373508207
0.912380268562776
-0.505727951048617
-0.112067692825431
-0.744286455494563
-0.239801130569998
-0.061209849125379
0.337914670347953
0.304139075689843
0.754175803898704
0.0638357437274121
-0.0327830812421596
0.215635701648956
0.140990831174007
-0.651088617313501
0.107081366910178
0.917364240719861
-0.214264385272189
-0.0867299289238671
0.324472060006544
-0.591029272466803
-0.153679290411602
0.21814009011078
0.398142139317099
-0.90537124142057
0.608169166925001
0.733797437537674
-0.407003016213071
-0.910806458146024
0.765889083404443
0.722363804392476
0.328603112280621
-0.450571217898611
-0.998284166809093
0.542266819613329
0.55428394472011
-0.412896979464715
-0.423588641601165
0.454706749453079
0.895662644964392
-0.16665847869711
-0.0264638788211467
0.879677311175382
0.0997284659364871
0.175657425433204
-0.431258044309602
-0.625343706648444
0.128690136139157
-0.234035198470476
0.293957752672342
-0.335678355820334
0.57949259789337
-0.984451580978963
-0.563892666557285
-0.007409529507645
0.643625761943372
-0.62039309544959
-0.264124947990098
0.987586367159158
-0.762992533243646
-0.687063155453134
0.03625217414318
0.879494351758439
-0.267027824148031
0.223174622756674
-0.343670688581263
-0.870550592677773
-0.356362319350566
0.183360452887914
0.893772821320021
0.68323290970988
-0.196599436409862
0.195538339734833
0.486963858615725
-0.622886432109077
-0.990181441194213
-0.947959362704308
-0.881653280325736
-0.127203730066036
0.376970969515098
-0.766572048758704
-0.534371039456501
0.192246682214294
-0.00777056587335981
-0.934503455324488
0.012851091787033
-0.139073918842411
0.925290359620654
-0.283463131439024
-0.514041771764892
-0.317805842555544
-0.784269125062409
-0.15466863917587
0.0663954038042076
-0.483755433518503
0.870604839706029
0.63476416432978
-0.406734896369218
-0.731433972844601
-0.798202375907741
0.194150409907883
-0.577497613848655
0.00332924752200173
-0.504220263597283
-0.510156107371444
0.386931586116822
-0.609769701570518
0.936280198608393
-0.197597608366804
-0.0504797657967327
-0.601819443543507
-0.693567041369434
-0.910144180325891
-0.204923301265162
-0.215980757916526
-0.353383802922891
0.875022604689909
-0.742135888316045
-0.0308689310910722
-0.401190572858923
-0.39817984769859
0.0303227653396467
0.343472787965029
0.449610323283601
-0.981462142901316
0.140592229897508
0.1137895682424
0.868744652206761
-0.145766927614888
-0.801311559448593
-0.237788736380264
-0.0658823872323991
0.203482122150063
-0.255975206842145
0.544684507671767
0.947973289362508
0.23272998869653
-0.0851869377582215
0.47799570812656
-0.195035919758505
-0.472456134707057
-0.334988660806219
-0.950711353192225
-0.270587496079501
-0.967769522485947
0.0963551232140131
-0.387039206609769
0.434789213347217
0.51327026616678
0.0930982970427391
-0.810662710024764
0.445847695661091
-0.95554591239914
-0.480608119924865
0.488547448123695
-0.945781109447931
0.53697477305318
-0.232782268806679
0.524987236355398
-0.199702053410509
-0.915219831557921
0.437455171703096
0.359369389633821
-0.872153623402956
-0.015825866198712
-0.847608976411399
0.2031026584846
-0.259494692888681
-0.0489237489250569
0.526219090076987
-0.0659182383890931
-0.28658637183545
0.330261395127305
-0.872839250075765
0.2083769699416
0.181705457928569
0.315992521862445
-0.949331704449934
-0.664297154887961
-0.0783766545772833
-0.739427780839515
-0.977929143455711
0.935035958523758
-0.0997850520583253
0.68117923029962
0.477521599150225
0.436433460952744
0.544672285411365
0.228359957654298
0.854233885610487
-0.665640802635771
-0.999653138845265
0.77671900672985
0.733451295974379
