-0.551934264525124
0.490638001627571
0.0291414169162575
0.909479994463139
0.0493447022088843
0.312242120509218
0.308306971188509
0.859726842014818
0.386332873892608
-0.7590080223299
-0.83934468693173
0.740458142442689
0.733539242105688
0.729689156169423
-0.679938422434973
-0.158111411919385
-0.929307141099274
0.789589234107539
-0.0490050898339245
0.66288004949915
0.15047983672684
-0.556480921883933
-0.0932619627482956
0.0135539361794216
0.373541152815476
-0.200194498018681
0.353880500478246
0.844234112326122
-0.264626100814405
-0.809238604621828
-0.277594737002716
-0.41204210935383
0.798540471943671
-0.647758942124531
0.505298132698657
0.113593270599095
0.954682686452582
0.638080647071805
0.526674971261445
-0.125988986100912
-0.482769922688089
0.195613072268013
0.37984435971827
-0.0155830616140542
-0.303961514722081
0.208892061134535
0.076064332192204
-0.255060314353222
-0.913658322236832
-0.780412800013431
0.320293794057389
-0.273713131856883
0.11151660412282
0.259248187963049
0.0965308473335293
0.271397667995247
-0.100922546530218
0.0225831048380177
-0.0556622416093274
0.0929889479428849
-0.334370630877161
0.480846577637728
-0.985508273852546
0.914903681662437
0.399828895580723
0.0687741224823493
-0.708741683882146
0.997482620687741
0.491943492154635
0.485102917879336
-0.739644832528257
-0.390865197227861
-0.504434793187652
0.6813829102815
-0.0803479112158858
0.320577208658651
-0.266427414718477
-0.920698309008356
0.956621399225161
0.40042549749709
-0.903705407471636
-0.687951760011251
0.566556337047729
0.581376356433246
-0.907254883578232
-0.481086200379394
-0.501938344482098
0.988911355128722
-0.510277960641642
-0.00750669716041093
0.232852277712368
0.234928963495683
-0.655145059340051
-0.90889263321079
0.430055055202713
0.219002328054932
0.13024396327404
-0.0283957697031694
-0.478442106240941
-0.0851289724305408
0.992828081546697
-0.937112972045309
-0.0659940943413622
-0.347068394028766
-0.199455979446155
-0.70081834003063
0.872941113168724
-0.406822549946465
0.489679497015255
0.477859925643376
-0.618244856271739
-0.792281508410323
-0.682457168102416
0.476626746412956
-0.275836126305561
0.0865762670282268
0.299094459438191
-0.7941205297979
-0.839122501088659
0.431262224210037
0.423549784354087
-0.166669767022377
-0.389268258476492
0.730631638361175
0.576595745500126
-0.366655169205234
-0.856109277612511
-0.593524452734035
-0.94916915977125
0.947673889190958
0.302603093730739
-0.0670680432160782
-0.385641168272459
0.0318262448374208
0.582163909115982
0.779257877044211
-0.447316927241626
0.210374068590359
-0.159164124878235
-0.920018581362119
0.148606068242361
-0.185546194830054
0.688281030536967
-0.729231593355613
0.0851999283552652
-0.476328796717049
0.0248517406719583
-0.278084146870175
0.367853341616965
0.522834405505845
0.331088000270966
-0.0631911240879936
0.427918228091367
-0.288618215552281
0.638758331831463
0.589326714011342
0.612571085931276
0.892980513176395
0.754586819086666
0.537408282541308
0.621219025812943
-0.241835021004855
0.388660960433461
-0.808105097445451
-0.973566771321542
0.584440329878092
-0.834380323789224
0.264682773970479
-0.0510238223485575
0.048515170133915
-0.669963299971474
0.722547325719125
0.502260464276268
0.656664447643151
-0.243548105892603
0.418326043525034
0.353785077571794
0.464999192634549
0.79196504743996
0.597445915410246
0.86075171503066
-0.00922637895392493
0.541213144337882
1.01524665099903
-0.243009613640701
0.433479703083222
-0.891307814700684
0.989759421640743
0.35369357224398
-0.974667929424425
0.357057899174645
-0.485889720978087
0.0522816006038259
0.868473758948426
-0.220681754278483
0.773829729123524
0.139915170818257
-0.344823772814217
0.277178305242167
0.31090488330328
-0.64145316914091
0.826862168190694
-0.141960241940574
-0.192041155873647
0.941720104008105
-0.391227797376978
-0.67458311625929
0.840756901911355
-0.292356666431464
-0.0590929808518555
0.629562672700647
-0.745678408741217
-0.789091954871389
-0.98904339132355
0.531558181310271
0.483005440206063
0.365216690068718
-0.0480296760034009
-0.391580734982736
-0.630046884961096
0.960763986567543
0.65490284591477
-0.657957152447777
0.52531714042826
-0.818125855087643
-0.392749796274445
0.710568306039665
0.290145633399569
0.478134143924403
-0.986991656117604
0.99098163051525
-0.890164298305847
-0.995573025549647
-0.61593794425766
0.115205892576521
-0.297506950994564
-0.141748350344872
-0.00650818835860749
0.230911155764533
0.143331344604055
-0.390934315944184
-0.360435805377758
0.442216051025033
-0.489915688953557
0.784109759311945
-0.59839619883819
0.164907519472254
-0.139262473619068
-0.147412125302863
-0.347113093299726
0.988477916108183
0.471552616664889
-0.962426098497327
0.492464089146875
-0.898522099252457
-0.744965044278073
