-0.952403994369138
0.349881520546936
0.666591314264314
-0.715069354361222
-0.842412737477509
0.99515818065739
-0.943219989600734
-0.539915733459933
-0.104892687830063
-0.763463458034985
0.917425659983506
-0.257615146891111
0.575638633204804
-0.870675599514655
0.46305293776508
-0.598907619326282
-0.0198915644174291
0.473259639742354
-0.721090656916022
-0.0363382895638639
-0.403043733555616
0.688384353849301
0.6014819719059
-0.750471045204273
-0.14046735497072
0.897330691295985
0.540097424025071
-0.0763681593645509
0.572015501922483
-0.166839190645134
-0.590680174164188
0.585263502169594
-0.506154440227615
-0.827934449639444
-0.104916688988952
-0.662024829123232
-0.128497111079764
0.530994392851143
-0.477724135662438
0.651170378311238
0.589521339682115
-0.0403804647725491
0.75816852548196
0.994892452439988
-0.648853871959709
0.673650785699364
-0.101193698039968
0.532632412013103
-0.75027144990003
-0.136079334632376
-0.125590511843653
-0.328456655450074
-0.684368813143234
0.608240767080458
0.984761043208687
-0.803310834915314
0.96025765828043
-0.10928124154259
-0.950577074507626
0.969504102215377
-0.431583436094596
0.799914046816957
0.148475282150648
-0.397311879040636
0.865828424626222
0.567473864083365
0.420837380792706
0.446197321478966
0.875702402229239
-0.432741995470631
-0.17058841320536
0.870955771858265
0.386587441163688
0.784471047384187
0.670470241133101
-0.118770806259364
-0.816691877628449
0.673348581879104
0.0719485296324576
-0.0913948231331953
0.671849741430104
0.14223801274832
-0.215086186808454
-0.360732903797721
-0.176485515137822
-0.443377278281427
0.872957523264898
0.167189788220956
-0.973762870875368
-0.81896453708021
0.77075913279876
-0.661913283341095
0.903904791496716
0.489236485749703
-0.214216831894636
0.230940607204321
-0.683715177631574
-0.526034231944417
0.148205385171059
0.762770405499087
-0.970744170854892
-0.00332693042400211
0.569703618434114
-0.101612780503106
0.830484772133158
-0.722341703507932
0.899444115113557
0.101730024192129
-0.295596411721914
0.901014225921134
-0.43943439565279
-0.562903716446765
-0.899103765261741
0.256672281573839
0.843151467024206
-0.0300756314008262
-0.0471484038281649
-0.537399037907395
0.141755665326753
-0.264775974326221
0.485630510996092
-0.645734085756036
-0.881227957672067
0.0137912667925703
0.82865436092402
-0.444428690673719
-0.0804713929253768
-0.667190096361429
0.207131463835727
-0.649543894981831
-0.813036922003312
-0.749635653326226
0.257560521473992
0.943283202314769
0.0258983385738693
-0.0311250783511382
0.936422932231487
-0.299284192636273
0.400207656394454
-0.411578867953878
0.75743299167042
0.752664655222013
-0.99190277031582
-0.134607798484327
0.944302515487393
0.0756968030141874
-0.364147478332455
-0.279650190647426
-0.0225671660035475
0.0152827039391898
-0.214335775443362
0.492719543724701
0.939182138645805
0.522841183272333
0.603721107431778
0.0321804823476004
-0.902086160417159
-0.661168065920819
-0.402267134511883
0.0880762580088983
-0.856093755611991
-0.916255846651438
0.468054000775327
-0.257033055339497
0.584131056854988
-0.216009962944573
-0.905334557967744
0.301674933806884
0.568136505250906
-0.126997706553928
0.69591178179828
-0.59645400336898
0.628964639637207
0.247956174381458
-0.773653739026109
0.0879251670654375
0.261684791242517
-0.497046399801128
0.240959562958487
0.292901056914346
0.701158491272236
0.54726790045216
0.495859719006417
-0.074988216485836
-0.750282552815893
-0.873803418027544
0.208546437042419
0.56207430149947
0.067143395447923
-0.176351688419796
-0.349882513185765
-0.386130321099054
0.290527906714079
0.823019720235527
0.951344924441964
-0.447062801272092
-0.0776884357668014
0.903710226044619
0.717560547601048
0.279120038367211
0.408187639008933
0.458330671197833
-0.0225856656645949
-0.914269895252336
0.299345285595587
0.204370550056129
0.614186439080085
0.130677546420149
0.834529151915922
-0.0498815210387737
0.288540058541288
-0.12464257369895
0.547519510046772
-0.826437351006461
-0.882038756241929
0.340616803040335
0.258506494077082
-0.981150652935011
0.39160432462801
-0.694447440083173
0.276015608761601
0.301254013708617
0.931271928771013
0.0668303898325256
0.824773801629408
-0.930480550465925
0.43369635632137
-0.87693636737077
-0.438426390291366
0.307896616374362
-0.950634460235084
0.0175220921554322
0.827723981009333
-0.550247880445053
-0.50497689762075
-0.624745526439202
-0.80474325519784
-0.176755940195829
0.185048590858736
0.0916399896092064
0.175627817436768
0.461973484199253
-0.527410854712764
0.315711196300456
0.442333382769815
-0.109419114202488
-0.59142421623571
-0.402444777733895
0.209392624048223
-0.703871734493744
-0.90499208482737
-0.63148004482886
0.652658563552886
-0.578125338076735
0.294877853744796
0.612665072095591
