0.278835115539436
-0.793053990794935
0.0508812955100688
-0.697459018017559
-0.875116693094279
0.90734564043988
0.824011256536577
0.326361163806046
0.591011481573773
-0.18542816444747
-0.0574298213330042
0.106952337188743
-0.400963560223913
0.107460091137402
0.225187507770183
0.177706273404108
-0.664270373889185
-0.24439277544142
0.712578974259036
0.614432398071692
0.000844677064603528
0.591276875869168
0.93790880165113
-0.609299372258573
-0.0964749832294042
0.165210993072491
-0.785672543543918
-0.200465783064405
0.112156503517141
-0.96824599341946
-0.885794213401312
0.934061232119396
-0.169516757278008
0.789343330349562
0.370203452405229
0.396651895763774
0.20929628577409
-0.494958756854858
0.996748041224471
0.186169084107319
-0.344117013165453
-0.588896978643102
-0.75029815146385
-0.311711515237564
-0.0389273501969875
-0.406411870137877
-0.355326894006282
-0.295277397713141
0.56139831016466
-0.314755516940153
0.458393897164119
-0.225313555856829
-0.485719966052112
0.912746594901381
-0.883430944351493
0.888392784188492
0.324741036715372
-0.852828066439093
0.148129968764066
-0.957668946167592
0.83477170710238
0.330842751311516
-0.76124450016238
-0.717639205671088
0.984358641567234
0.736703820326586
-0.530884279517703
0.818826862733614
-0.445698027264442
-0.0323750978889026
0.185025595761892
-0.0857485695014076
-0.691773546253543
-0.01445199489201
0.539455730176796
0.445898802338242
-0.684524442565898
0.442799566976657
-0.918140357992518
0.0161895546943541
-0.838615996721435
0.372625193559312
0.0468284734133716
0.657764453405702
0.224441876421231
-0.569980931463901
0.284346762455346
-0.602947407313495
-0.193124065474561
0.782292398713291
-0.914307950499078
0.628053599260375
-0.0548449478002116
-0.810380486031884
0.870881596821701
0.614255169848184
-0.267757373245206
-0.244237181247029
-0.446462293001594
0.747702064867237
0.639031975956389
-0.551104005267222
-0.687734365473348
0.661726707938078
-0.847195971890056
-0.316208765668178
0.0816363176177075
-0.677675220835383
-0.811100243772844
-0.619467336476238
-0.975255640477139
-0.885826095270612
0.403885135853382
0.35240359886072
0.504316708168073
-0.762603664453262
0.135146203893783
-0.83840102315363
-0.309528552107323
-0.721733739351873
-0.223710424021369
-0.961551844387879
-0.747425727496827
-0.308062939992825
-0.460098411337514
-0.950532895265598
-0.797129081931502
0.274042416219781
-0.125341832652098
0.952490261244099
-0.578572219515497
0.674601825442731
0.644007780879442
0.276089716552722
-0.344323638923053
-0.763439898046048
0.874595426603403
-0.161692881132517
0.0629862977879213
0.861303685062297
-0.952599427721004
0.56688552863624
-0.857465164189246
-0.973424693157191
0.0169118851309001
-0.52943515819168
0.394647106086035
0.269490428540223
-0.215823709759217
0.318133067059662
0.427310860143494
-0.973287187655414
0.165277794862803
-0.991573383394027
-0.577577796295206
0.383651311403363
-0.278450378562456
-0.214330190369465
-0.288261399153737
0.365852772272734
0.920130106783125
-0.535791909919823
-0.354616794693797
0.924337885447804
-0.211223637547542
-0.110904463497247
-0.489580093875918
0.664485623536564
-0.616935014006077
0.825853336173729
-0.925342153407038
0.0101355722511743
0.799659316176606
-0.531721723894143
0.147763593510289
0.316394012134868
-0.696342047202592
-0.188245097905041
0.49553366565428
-0.340209978983523
-0.337609825950764
-0.664356357120642
0.595965991364233
-0.900240525571438
0.275602887068175
-0.501444068203748
0.776812633540972
-0.873697663531823
-0.942756470172873
-0.993758236157442
-0.47342022634713
0.78759625926018
0.787705253180583
-0.451000577750668
-0.792577226307321
-0.714305231208038
-0.954993706179814
0.876212402584895
0.294919223149339
-0.665520026538924
-0.541474212210071
0.938126559360338
-0.412460551339776
0.743143099561994
-0.710126702607625
0.0894432719324527
0.35607688467556
-0.957958742957343
0.854515197059867
0.153074424993494
0.310814226947053
-0.236079386243382
0.341421402233468
-0.462564644745322
0.30286377771845
0.405419959242733
-0.465062008022275
0.245037162368263
-0.317192401107633
-0.652125106470756
0.92315484086401
-0.456347673149272
-0.769880289734039
-0.83980913891506
0.357063987957345
0.583508734460673
-0.00405172110632864
0.0927586863236483
-0.386117274215611
0.794075262710164
-0.157292519215977
-0.455772306699779
-1.01836008174376
0.352284039090061
-0.734886974365956
0.701854172853566
0.810051436136901
0.814162012717353
-0.427488234698586
-0.835285295344439
-0.996371491882541
-0.331113426549879
-0.12361962750537
0.545112353259266
0.5839419011882
-0.714468119727941
0.818644247654254
0.324432611210374
0.0511218551571283
-0.239387736285385
-0.142042631066743
-0.589085692378609
-0.913720637033708
0.841283657351913
0.0389612847122527
0.817929083192496
