0.181611485617633
-0.58803694758149
0.538108353788165
0.996791720717319
-0.95606974832749
-0.970514354344426
0.765829662200955
0.282785621668966
0.728751621600752
0.381045635801762
0.713557047175392
-0.0744160414778357
-0.724066221850273
0.9653837105401
0.800001913146368
-0.726617259350171
0.682852758505566
0.463152896972385
0.442926659155577
0.642215007543915
0.328570063523531
-0.252002858833094
-0.333075539015856
-0.299303145302813
-0.408718240671382
-0.466502454755873
0.610442591342231
0.770381335362139
0.576799127049956
-0.00635782532315915
-0.575738376482648
-0.0779845280771659
0.374143005597727
-0.66718740967689
-0.400265532920157
-0.155770855858464
0.508907667529115
-0.29905467904518
-0.999637598855453
0.227897131018266
-0.965950843391093
-0.903766992835174
0.59409063708655
-0.515158854698833
0.239756720445425
-0.0649724215732607
0.55758333144366
0.941246423326057
0.903395899682211
0.0767274834398427
-0.873444446096123
0.411109215662385
0.487762350979714
-0.957275952835163
-0.790989537782405
-0.424818212529098
-0.415068281852809
-0.438584264247685
-0.698760094907375
-0.437722209370395
-0.94335412256132
0.789368440416175
0.464509050975354
-0.736499277919
0.157435040799313
-0.625487702192625
-0.0187538122768549
0.320650744015435
0.660594574028397
-0.343304332483639
-0.110012725160469
0.279281465526926
-0.655589127270229
0.285325120584566
0.185156414124332
-0.120091367308429
0.833908844171148
-0.805801046060364
0.295246733285162
-0.28876944082123
-0.30769234005839
0.255971310796144
-0.527806931017597
-0.173586903303791
-0.0806430750108664
-0.894016559731965
0.187428627400576
-0.142027831290228
0.591559979131323
0.351153308314144
0.866696706517451
0.981673678168916
0.720877689009635
0.436877985063671
0.117391254085919
0.998114731822793
0.318385282025461
-0.800460392023403
-0.0350961201124633
-0.110649939870042
0.00852201128225843
-0.264061800285362
-0.169252548553451
-0.660218605420582
-0.622903486672412
-0.271183145570298
-0.697271396014255
0.713579793620761
-0.363518765155527
0.805267428661237
0.226709015527141
0.782128139080523
0.761188563518443
0.311895982843262
-0.685731367156687
0.491101424678449
-0.643868285096088
0.580139478164043
0.418492315837406
-0.0975972393818223
0.845696957119042
-0.526188347181293
0.415150113967012
0.26052621833939
0.838649495031426
0.275058589987225
0.846147541004781
0.319221740494678
-0.324777060407586
-0.505544649334625
0.0202797038811871
-0.683926261743231
0.744853632443846
0.133811849596641
-0.335535122243719
-0.11870538279285
0.261173341689221
-0.332013541399512
-0.240371677584131
-0.997992629700249
0.824674640781009
-0.899287979677208
-0.787452815898741
-0.327482029744232
-0.568193579251132
0.179222258449653
-0.338145277931319
-0.14106252011886
0.293175164938903
0.7970035135888
-0.146681412469697
-0.224682568999393
-0.375346932272666
0.576486566925718
-0.997611856333176
0.345141845298112
0.781331806438063
-0.923672347473947
-0.285001093972273
-0.97055476794694
-0.812255388970598
0.715715279343895
0.131361693622628
0.732969181310177
-0.543292353505496
0.337363707440861
-0.398754475777108
-0.185818971193296
-0.0854504157881549
-0.451755279112918
-0.784367853510819
-0.302192011435881
0.577104828335312
-0.134472367541293
-0.189520434481245
0.156823359923617
0.290047346853451
0.515360634542887
0.279361606341464
-0.898547424018279
-0.294353598327702
0.37259690336397
0.674392692119982
-0.839261404363697
0.941755889068546
-0.00701754834876036
-0.183055861080719
0.717006389575871
-0.745528562293801
-0.644744364478662
-0.1717400186679
-0.309427294093356
0.730129816682676
0.962345589841003
0.14117566076132
-0.838416787400977
0.00274810526645054
0.134010088395766
-0.0338373127019621
-0.218712168146235
-0.890353832567977
0.0116605916295039
0.956896607675424
-0.498338503232583
-0.679601660288891
0.827741596682847
-0.621159850137318
-0.90629868712529
0.753353663963437
-0.947348167609073
0.912359309183433
0.123315578581095
-0.660833207983726
-0.728234284170133
-0.393660333398305
0.271490879341352
-0.97471801513716
-0.584751302273718
0.396944840738373
-0.264972488476479
0.0621094950875167
-0.578985990224974
-0.672125349471617
0.857517655972191
-0.292954656823297
-0.553179983986889
-0.805595118610721
0.193722566000125
-0.46012301364203
-0.397163620757447
0.119588549448375
-0.011077964788816
-0.0372251910585308
-0.865665036767648
-0.873465580721918
-0.853394324516912
-0.799545315778788
-0.304035278877014
0.950802390407099
1.0205076298336
0.0468107283063921
0.242383305851831
0.502902853311665
0.36585429202034
-0.705699353670715
0.0797325537015666
-0.772355286006815
0.359365639853289
-0.318524528933202
-0.357929469217941
0.872049608705849
0.00910051667192376
-0.837485624318873
-0.707631181034308
0.174443522548372
-0.921235485052547
