-0.946430293434346
-0.913712247269673
0.13525163655341
0.47089139611222
0.725639018606369
0.0689143477101147
-0.95041976303375
0.530532823467492
-0.535769235801219
-0.553317202840174
-0.0155610338231915
0.439076483484171
0.0238808113126312
-0.535569134358776
0.576193983033142
0.45086925036827
-0.00420988380543148
-0.49318280268331
0.307868668466788
-0.853518579007874
-0.940381252212971
-0.929899940253695
0.135282341157016
0.398596402823506
0.8905801732605
0.00282123460729194
-0.645121779680108
-0.189898707209942
0.0887643962827286
-0.043164593609294
0.948006443582454
-0.186694268544228
0.240775033389988
0.851552725695941
0.109369375219314
0.746686522080926
-0.299417351715628
0.900022814937399
-0.0570190517691903
-0.59418006545312
-0.399970743918543
0.284126677692918
0.106833333381016
-0.494983612370478
-0.940151514638538
0.49815046991157
0.499528619163097
0.864905652924597
-0.087633649698798
-0.869295453977265
-0.421434436636872
-0.233199862837484
-0.606918671558316
0.931191370591903
0.242865742262723
-0.399354669070549
-0.193004028368185
0.842081469682122
0.0198993227789165
-0.629528736574355
-0.280641391865164
-0.268686260484268
-0.0398551231510945
-0.205817994931628
-0.600496568711206
0.913922242249283
0.897279817990451
-0.95346792749348
-0.50432391900611
-0.570233302999325
-0.218209821716395
0.979407590007025
0.103006493338327
-0.469999356659441
0.00548751597941873
0.980403101223497
0.077473967207995
0.995451459961706
-0.307603227053871
-0.300134454895736
0.854877103463626
0.897272083320837
0.0495211812846455
0.0949294964267953
-0.315903487448026
-0.0667003735792963
0.796174785545452
-0.27502670543003
-0.47788161497121
0.961796593929637
0.62949289759234
0.0565021809771443
0.970145266921466
-0.775718680585618
0.507367407828412
0.785437637443507
0.340425585581551
-0.157405032950631
-0.961189136689186
-0.606919203250688
0.471672737699323
0.305393873074081
0.735937315804913
-0.0626941197525943
0.717211981075887
0.677547048428942
-0.903681671634613
0.340876843942157
-0.305569331262869
-0.0865688292141615
0.247195463939978
0.418773142162164
-0.860901687562492
-0.563452299896972
0.609917520090065
0.292487082141956
0.337559831241297
-0.210747551040737
-0.60578199100083
-0.86656805388683
0.53425554894312
0.0946553508544973
-0.673140568523025
0.11711257264366
0.979657687901365
0.615792457995592
0.470557425716989
0.515197245817161
-0.682152882121948
-0.248066353719525
0.275575866834255
0.406765193461689
0.0860263686938321
-0.856218112328618
-0.318472371708374
-0.859649020734207
-0.853333789602437
-0.282988575064436
-0.359100484470785
0.360698028419489
-0.0494066677447333
-0.191845725758671
-0.07982177375633
0.297594059995231
-0.750459087367636
0.208092005648763
0.414830845702867
-0.702188509354896
0.324534854333286
-0.619335606689866
0.534922076378659
-0.334159736814677
0.723876135750807
0.81378754919668
-0.699679916367303
-0.546200669822181
0.162336007032402
0.0992396920218187
-0.821744597778091
-0.626120548529808
-0.757795308230058
-0.18781720358149
0.324846295460543
-0.81174628420163
0.492290556753064
0.398195499251078
-0.243487793410913
-0.19126890364777
0.791361349743672
0.0882831010495807
0.885720418278736
-0.449302321889789
-0.837045796689021
0.161208046843333
-0.682994231075039
-0.456006154280451
0.672683567844154
0.193761468866046
-0.278864652724041
0.987369726519452
0.86046270902004
-0.555241839624339
-0.173255385335477
0.346420091719405
0.138750587787148
0.437927866783237
0.553011255089684
-0.088884993715955
-0.164304876716389
-0.708087431020308
-0.0554105305810901
-0.913365441443056
-0.0991481245799542
-0.558942022617745
-0.0626660732793927
0.254336802789238
-1.00276198619466
-0.72407469373363
-0.858977543018175
-0.415341099999193
0.147990379721212
-0.73689229346344
0.0461998642606203
-0.0675997264717845
-0.239771756249607
-0.996216495499986
0.449201688619078
0.0611318423657805
0.470671643354344
-0.929805387495384
0.846306354563182
-0.645654155420238
0.441581256780065
0.249599599390764
-0.0288279552657363
-0.595762734514615
-0.101879976425749
0.229802754125407
-0.46013784008413
-0.197564458003978
0.496233522532421
-0.928938839884371
-0.424689221834391
-0.0147957582688988
-0.198998096686956
-0.501044876502214
0.553125263877925
-0.70766639949427
-0.945721445344042
0.0592292304443393
0.952400144570173
-0.680990765812913
0.00398890059724922
-0.0727997939799199
-0.857650020313351
0.810771347580929
-0.248000601634391
0.275335389652063
-0.60044250436356
-0.931274808893286
-0.742614677030869
-0.424328484089186
0.861623702271894
0.580319144928212
0.175643139555032
0.0752360283422839
0.737883842497204
0.139992603900331
-0.927649237893545
0.183875583152257
0.95775345898948
-0.604758687762011
-0.512973435165108
-0.452126116800272
0.398006111052278
0.140754612954818
