0.0173774039707774
0.706623841327402
-0.733665685570887
0.910951411879242
0.572534643706749
-0.583836856270261
-0.72005030105612
0.244281995938106
-0.323869019595204
-0.147216396455658
-0.104176247533066
-0.162660185050022
0.00771777998897524
0.0721656617170329
0.0294312332015765
-0.395417698654187
0.581045930354373
-0.174886260948835
-0.132317887948278
0.841803979862291
-0.533488056119408
0.155232642680235
-0.769931084677102
0.500652318486568
0.719144507390141
0.179593185090563
0.56747828700401
-0.910010827266292
0.993526455815764
0.2634706817592
0.56108968479103
-0.840065283148486
-0.602414985521111
0.94638438583324
-0.375445386780687
0.231228801797581
0.727710087868212
0.14844905954308
0.589482260916795
0.542202511280975
-0.448136009837214
-0.760357389840883
0.880471296460476
-0.167359908658694
0.765288931272972
0.00215200063637419
0.660101055038102
0.694924973252774
-0.469359865841028
-0.482591432491976
-0.41107474405898
0.983070293369527
-0.45819383180837
-0.848620353930531
-0.407488915530189
0.344922775954029
-0.421193230493396
0.0836988843485512
0.536328873148596
0.163792288741589
-0.94071411193949
0.785739464340031
-0.230102482634534
0.474993449021055
-0.0928489009691412
0.57318693828901
-0.556353118244494
0.773844360413741
0.0988730116157173
0.833741958350618
0.411382477140759
0.592607585217232
-0.659944782057345
0.519094549911007
0.12527096444998
-0.386120494248037
0.500277432471619
0.419303589630909
0.952134488436314
0.220495188126642
-0.303591109732686
-0.216895933994086
-0.797070069177723
-0.821693144439975
-0.877176570113525
-0.0585361096568898
0.101718598359973
-0.131757645053429
-0.219067989121666
-0.170137076790778
0.55445529205673
0.653418778337891
-0.907483423066462
0.549453604946521
-0.545189105005442
0.982661176314204
0.781025465304868
0.806838141006364
0.205995331248422
-0.386890925125042
-0.955508814469825
-0.664312381284419
-0.655506223782393
0.454486535012094
-0.471127941606598
0.639829913825542
0.403782940835027
-0.21474337809086
0.14612705397488
0.518792335265308
-0.0209269924371012
0.968976475155434
0.943918536618632
-0.979958225040728
-0.528719659579909
0.48362970196363
0.604465134698463
0.276298500000648
0.797340454442682
-0.559823866349327
-0.230488039107426
0.319772894492745
-0.819345162373625
-0.709439880228633
0.721908533446162
-0.643974050361141
0.175690826912505
-0.80288959676476
-0.836949451037422
-0.810965563841417
-0.150533269499844
-0.0712135083756915
-0.359256618111517
-0.387439084903463
0.669800041712955
0.704348847699338
0.633024457950672
0.554941591418515
0.320961243472387
-0.854283901830348
0.695137349716076
-0.55671232974464
0.66958592608441
-0.73298610352844
0.678448213738789
-0.118262612607116
0.0709704357827146
0.206421145033755
0.105508630349764
-0.590990375818469
0.0503118948623078
-0.177709513873763
0.243033059982187
-0.31309281384878
0.0415163593864589
0.094282639519178
-0.814543700685302
0.380720777075416
-0.186676651690955
0.371518473942537
-0.388136211406197
-0.717127370613985
-0.196415771014063
-0.276853853573921
-0.685708495134249
0.123497037832756
0.979906864383211
0.345908040960743
0.767972728209162
0.326138103281161
-0.396009982462144
-0.821380480672416
0.538678769100435
0.0261041801156982
-0.515692089821926
-0.894345781652608
-0.220156535909439
0.504249328572545
-0.581701443023595
-0.457362986385315
-0.917202332080745
-0.965152660919789
-0.590988911836453
0.816801534026218
0.294553424217764
0.421392633392593
0.393611865105763
0.601292707987979
0.73863012035942
-0.157231817088449
0.917216489713098
-0.850465456950396
0.444659944704207
-0.267919336805419
-0.659287340728586
0.325009993739061
-0.85868015076539
0.845001934244974
0.786945820267129
0.364073736347935
0.90189510400104
-0.396715533158198
0.0408618678195194
0.610004428271939
-0.953171404792757
0.93794680695651
0.375933889380608
-0.139311994745803
-0.0788866575432006
0.437971997371477
0.0542477059407982
-0.386549221756425
0.0667820861494082
0.97313599148047
0.432808394263139
0.582002253106694
0.466754298799753
-0.332225805729968
-0.719535608106457
0.651010521578971
-0.952713502567729
0.894909838448253
0.295441487563072
0.0706105172405446
0.517005077229453
0.344022238843379
0.0709523856259209
-0.675085607266155
0.849013952158663
0.252416048271587
-0.696277637054273
-0.0905996211334878
-0.323326838930564
0.138229413224513
-0.237163044515175
0.722056846850184
0.117522599078365
0.588231520590719
-0.325106789208054
0.422176224979976
0.275454237642751
-0.559409399692161
0.79654255628408
0.279601561261212
-0.0464299888680957
-0.33572438877227
-0.549438303801389
-0.188249991043852
-0.207929767041071
0.748105364404518
0.664928365583851
0.384402978544334
0.842381185197517
0.80517748782228
-0.390358315523838
-0.703743290581493
