0.792784957860844
0.978909606638963
-0.429958273755716
-0.301281659698905
0.196073162610902
0.308572332091033
0.19372320533798
-0.210542862795986
-0.607743096425082
0.512305632535714
-0.930079020307708
-0.0624155800671392
-0.293850599423263
-0.431639351734279
-0.41965340332229
0.68144843548669
0.786717648191926
0.634490051705575
0.320669763155683
0.592770428816536
-0.834292033271392
0.652851701031027
-0.207167162072703
-0.673367838887407
-0.103222484199472
-0.0686274900000474
0.750497382847672
-0.78476851517252
-0.765122414925665
0.939643880488728
0.384106945805653
-0.239399474447673
0.00821641091497378
-0.749194302996369
0.838330750130869
-0.758628729643234
-0.335792892222124
-0.0827502091074561
0.295104682121999
-0.0523504768110863
0.537950239588306
0.616828947947781
-0.254527405100994
0.754054801770256
0.804107009809101
0.140351222623054
0.350166004372718
0.16405364792415
-0.508196104368674
-0.808188232828434
0.168208509583606
-0.454302615656463
0.0899712210587961
0.120874352799363
-0.983148678063079
0.0902374094946466
0.723152150332757
0.496133814246207
-0.479397616608781
-0.178208773355809
-0.981514496747299
0.658434416762184
-0.883461134701789
-0.170321623893004
0.549160367977876
0.805942743143138
0.117219165201893
-0.337076657079468
-0.145736991275099
0.7877793851956
-0.159984390712565
0.420351319449696
0.539994269925579
0.650093947171865
0.97592615288374
-0.501565592054958
0.763494526569023
0.960827932651188
0.221671629383367
0.521177036027657
-0.659939362435697
0.0557567029932352
0.456171298430019
0.219496794108502
0.305868943093759
0.674446027073018
0.217648753304871
-0.482631490086218
-0.981802797023741
-0.765189852529562
0.752220668526605
-0.360968743802127
0.405699653087993
0.211146325247296
0.556033109614806
0.435215914654376
-0.264334895831078
-0.488657840906632
-0.962468458538463
-0.16077030216561
-0.20512527642677
0.725941872918668
-0.655963240834768
-0.820327842877803
0.894221757674403
0.78462534865415
-0.429251952407848
-0.924732091520148
0.192676115037819
-0.754489486432962
-0.792275270752793
-0.763790545297264
0.115303381718981
-0.429044999777239
0.00323659904075525
-0.803112373791709
0.677175404251457
0.318543693411813
0.168324517373316
-0.797072655052358
0.899157439041316
0.135165367532564
0.0344799205590968
-0.0365199930141637
-0.480790864913114
-0.0803617356481012
0.141352478555399
-0.438970157021067
0.970297835445981
-0.627804388035273
0.77314651087975
-0.381672418497838
0.74257785094947
0.846767028983996
0.946125640455013
0.833660389040062
-0.90586853435796
-0.502060927933957
0.603787851334894
-0.494937199046011
0.301316690354092
0.320711803474083
0.923223839471594
0.0441761038996501
-0.0284374420031401
-0.507417355444792
0.297852567145956
0.69496291769863
0.307283481007338
0.540628683285932
-0.436525942186381
-0.266897718753827
0.339624867818634
0.565894159329387
-0.242840411929742
-0.676914544190479
-0.799014418860306
0.367767595984244
0.0823633502416151
-0.257446316628672
0.475774289234419
0.208890539794631
0.524006695559848
-0.262892574802733
-0.623600576056676
0.21057288500982
0.0736831209115874
-0.233434195677817
0.143054991439496
0.494725619924899
0.646186753123981
-0.30504925915113
-0.320579799325568
-0.856496267752218
0.30730266106429
0.840381786304061
-0.759145094140876
0.364316798873675
-0.542877363966113
0.311104106978315
-0.448344807939799
-0.591093310727796
0.832964816078813
-0.0189855025394846
-0.42996621694481
-0.016860107044822
-0.458365554370055
0.243087994645496
-0.501016866559262
0.591943477404376
0.429749462859277
0.105188595565473
0.315972064764475
-0.765370430170172
-0.920048556689525
-0.0341081471257295
-0.497315506162289
-0.817757114076632
-0.784138632449061
0.655133396372268
-0.430929677669356
0.84394840387445
0.943057885749575
-0.798574769613779
0.760756624752545
-0.0349822561616221
-0.55822626888336
-0.00429189085880949
0.666059954647237
-0.718952714691536
0.14111255898212
0.664304114788427
0.689942473887714
0.362888672389074
-0.750101881196493
0.141940080893887
-0.577686765137475
0.383942906270737
-0.169423178796662
0.163110200202389
0.237775932182905
-0.20562497830155
0.949988104320051
0.0541612940478802
-0.00292935244471211
-0.382657478507975
-0.365312743565859
0.714818376788252
-0.821136786823008
-0.747008618574026
-0.465619543066471
0.287501289208911
0.212855139726151
-0.377751749563666
0.936667491381679
-0.961844195704692
-0.832165694367076
-0.960365839739297
-0.120912054155069
0.503339478106748
-0.434397523149095
-0.237301802054087
-0.355870101665863
-0.871255640880761
-0.895151545940933
0.328595537372019
-0.655179922485178
0.722118297809682
-0.208401325733486
-0.696395618968462
-0.348287387855124
0.108767876990632
-0.337600232679569
-0.554653837758265
0.35725947009232
-0.445837891079144
