-0.0736104326824695
-0.118062255217783
-0.613492629543754
-0.372526552116646
-0.926384088254893
-0.419046277579335
-0.561330093694645
-0.577368175648823
0.743190605614721
-0.03218821339449
-0.482162139087495
0.475666145730885
0.241102285315312
-0.206534885183433
0.989512621892558
0.504490977969025
0.470451740870274
0.913552293084167
-0.1684023057539
-0.394273248295848
0.89973515961938
0.37140908748881
0.190291115295038
0.92279800702368
-0.920344047677743
0.402061120442496
-0.955533312037504
-0.0884760577235827
-0.726776704251244
-0.654508410215942
-0.182659996463734
-0.544986540747168
-0.0357790927058143
-0.869100291463957
-0.757959842375899
-0.499550553703305
-0.658069581120238
0.534297067283684
0.848822447362318
0.864779812201737
0.152011861475236
0.504534742678994
0.811805231471269
-0.387710877611776
-0.573049233101763
0.526951101159971
0.0252233922711448
-0.77977203925963
0.245775307818478
-0.428915433667374
0.890878816550232
0.17054399191849
0.536610048812686
-0.473487985579106
-0.604501092890215
-0.0907165379542553
0.67388874218576
0.65466950201712
0.0696818363314972
0.453559668607935
0.280384854489308
-0.665379573787132
-0.236313134143868
-0.400178057764167
-0.749904521392097
-0.52139853143721
0.220973127360464
0.155871317619008
0.723830738480703
0.122916603323941
0.197353607981591
0.994852649035176
0.0877447601588921
-0.0653375523846719
0.0540348942563113
-0.587538060410177
-0.0178712339752887
-0.154327231164754
-0.796553950104043
-1.02886104868855
0.0695073399135144
-0.00505313351756047
-0.745152568375907
0.292919290689064
-0.077835960427241
-0.991916499040826
0.531897098803307
0.343782541297223
0.319768253716237
-0.0572539625479498
-0.709764824985982
0.115963066970625
-0.830022348601809
-0.117891305861894
-0.638916524292085
0.0505429870472923
0.000352535353934052
-0.901718066606961
-0.565910852305122
0.564545534862467
0.306043485240306
0.108451375925353
-0.319507833662125
0.668152206321333
-0.275494351010693
0.13700318102393
-0.772603116883537
0.515179460591873
-0.665136589669942
-0.915206775233807
-0.560442206666882
0.197630644544787
-0.151915288402433
-0.623108954478352
0.49816814369875
-0.541380388853241
0.966432320331302
-0.689098328029408
0.974651165655956
-0.28593121084454
-0.185179676786998
0.299573813857219
-0.354986161366385
-0.683368153985901
0.125803973754564
0.0549600403071379
-0.177272964378143
-0.333896935864904
0.227894203674241
0.198499230542967
0.321494345781221
0.876425100418158
0.38220592514082
0.953227320696747
-0.180813546733857
-0.937854601397311
-0.652132858209466
-0.817757615385507
0.0542040412811624
-0.763289369376183
-0.650542088862865
0.568672105764575
0.905547770563022
0.334070033350634
-1.00000366831843
-0.538517512040723
-0.338440820995703
0.0667817082393199
0.253817119830447
0.682815543645736
0.499034578578345
0.812002616672443
0.435058585912173
0.582394145210498
-0.581164875323632
-0.163326961630468
0.0815208310072409
0.5015955511696
-0.281365043297215
0.186855341172174
-0.511306411432644
-0.291115516439432
-0.0336407916684149
-0.234559684759963
0.118075115002797
-0.826450053237159
0.480098838779571
0.383596549158626
-0.0882185103989031
0.0301578896261611
-0.04318843304348
-0.687665328608481
0.358683416341506
0.174361363972019
0.899578083941303
-0.376474061327267
0.150687599559384
0.852367791196912
0.895416800732671
0.363222529513239
-0.341055669597142
0.31858948221091
-1.01221300435108
-0.135828013500832
-0.686439439128068
-0.811042421013766
0.473069052579199
0.187354620838627
-0.957204588239012
0.864947704895194
0.0593601784895524
0.374245428437898
0.749260642972692
-0.972897991907073
0.608058468320874
-0.664159527836395
-0.0845491023699122
-0.0252011580334332
0.476836019794824
0.562737221773706
0.17792403369811
-0.458427277749087
-0.167098886039438
0.223049591874414
0.0717095780332453
-0.987481393688531
-0.912456901918391
0.00292975320463804
0.430250027098204
-0.871551169903781
-0.044907255754234
0.629076938337436
-0.126239238144395
0.992250562569486
0.161738921442159
-0.372693337773898
0.232049090470504
0.0431959782182912
-0.0801546526655748
-0.0151596671326564
0.625935094799843
-0.576163721369053
0.264178987309163
0.940714473488238
-0.415023747574885
-0.0172524064795587
0.556260013405899
-0.790080084494627
0.486251853152186
0.313428885972226
0.959040327754508
-0.744095208456527
0.975744873113308
0.699253876609468
0.961542562784068
-0.419405467968749
-0.0863782740682229
-0.952548218935714
0.364420415512659
0.207698619868656
0.692655030355102
0.473587550753285
0.866765230659513
-0.544256868207765
0.0860106442092167
0.323520237721742
-0.888900060716534
0.345287925254161
-0.672437162976166
0.36978487211031
-0.69580082727605
0.571307007891872
0.55044415521342
-0.619955961276152
-0.886215038062482
-0.459108161431442
