-0.369633255101463
0.890369243418802
0.401000647624353
0.991098733275688
0.682552610070242
-0.83099434161022
-0.527953809017965
0.239674196721108
-0.175857607039393
-0.0304729240356595
-0.410979850255
0.107465935838335
-0.410365926901579
0.916035617901087
0.984769381237127
-0.169309708449832
0.414269474158442
0.0599390532512737
-0.565603175769955
0.0554665948896264
-0.97383828720702
0.864635398495391
-0.0842324712223133
0.132160783065136
-0.430347805322382
-0.278678450558599
0.572068849460234
-0.794073584512601
0.248714638862969
-0.118930061052954
0.574823309192817
-0.260152103797024
-0.0560793794642831
-0.84256106540569
-0.923686903288767
-0.729561717105589
-0.906121573249017
0.388758603706597
0.900258053658739
0.277713334896616
-0.376703672498423
-0.641855874130287
0.179772984743522
-0.385276423673426
0.41493390624926
-0.612897635536186
-0.616496144947187
0.383060865283488
-0.186581474356926
-0.61823390520659
-0.894190622137359
-0.195996157467469
0.410666399029852
0.360067071492814
0.712275216283302
-0.57751031366595
0.3567695771602
0.0451538833425847
-0.761115907450632
-0.751207389210024
-0.404547799527804
-0.439945170724268
0.78654559003245
-0.0902738078060531
0.584024286502063
0.57899787377514
0.0867842693988232
0.418719080265521
0.0428553405202824
-0.382679296028983
-0.118160066994965
0.793128767923697
-0.944957996493589
-0.760994532186461
-0.867263767791069
-0.0153122820156499
0.399641843377158
-0.378835343408411
-0.36659633201996
-0.610476134260274
0.455936157650682
-0.29617803538351
-0.745035282520865
0.594548177823273
0.379663842779644
-0.731900168216297
0.0157456593935033
0.976056326780427
-0.0241868950752618
0.473069885176162
-0.316461983609007
0.511118491538019
-0.881559966376822
-0.0623565260137541
0.595030855464748
-0.14006134795423
0.481488319263011
-0.44287904044486
0.871892740607393
-0.542996602033136
-0.451459703575304
-0.918118336280799
-0.686322225585038
-0.305356279039138
0.0995785114327127
0.376243267015095
0.292513508149033
-0.964796468148371
0.294670630352953
-0.877031727571251
0.765392579334707
0.972771993074909
0.603505530504966
-0.177550077165368
-0.227170024344755
-0.663607876704473
-0.12146209897154
0.0913985637559128
0.659200991874662
0.377144635009426
-0.616030843134952
-0.684192930569356
0.248017509551454
0.573456105613013
0.0884952476227365
-0.717788501661513
0.0498036349991004
-0.48612945716409
0.588180557686145
0.618269383367634
0.464557385737934
-0.695459001361351
0.277322670190997
0.0675687556095629
-0.260851913892529
-0.807253064015456
0.0273404041763426
0.187184021851081
-0.835843128027822
0.512673008101356
-0.785715141161661
0.399964659361521
-0.391068908640177
-0.66813484470774
-0.0774465337121015
-0.785517290982998
0.179660492803839
-0.816840623401266
0.842533132223802
-0.618865020452584
0.841236276783334
-0.294356112693106
-0.0526105179951332
-0.607362830158806
0.136221838867039
-0.918942230417545
-0.301656956946784
-0.211086065035613
-0.421266147064192
0.783429262800565
-0.618159487924233
-0.963534826361467
-0.205456842453396
0.0309923543631875
-0.910756555603543
-0.169098515503457
-0.733863206763117
-0.0500627491351168
0.242447577848066
0.278394406670738
0.703093165150466
0.0162591191328981
-0.384979095344061
0.430968319836632
0.729408639489639
-0.250929433783015
-0.256563449684128
-0.236006253462252
0.751599591704732
-0.0880999289503024
-0.240021543795382
0.436789786921263
-0.0899971902250403
-0.44391255749279
-0.705140248838636
-0.342895204331539
0.452134239406527
-0.706753515893024
-0.625242298837364
0.347511669545122
0.832206035870973
0.246529028215809
0.576718374010157
0.328294935541322
0.667504472135229
-0.089228131892195
0.232427038700704
-0.888007655486787
0.133756810985714
0.446130438397339
0.174415555117443
-0.626774004241794
0.310283603216069
0.0925648547946238
-0.471271406345884
-0.695200240910261
0.665618988263096
-0.905199780223798
0.484671979348605
0.213646318653112
0.254655833296991
0.0252059291216063
-0.493212409451345
0.513042336553493
0.177650788644328
-0.438505464553609
0.715093117982484
0.70907297229233
0.69568716310559
0.100124963622143
-0.309111066699421
0.741063420338841
-0.565600290996861
-0.1709903090661
0.170459891104677
-0.495288899032036
0.794760915839875
0.779319455365685
0.675371407782912
0.00691344644267036
0.480865173967894
-0.36126754542529
-0.964500778343178
-0.674467576721925
0.865724661816287
-0.154371929691017
0.403294578550004
0.115028842825231
-0.974303708640465
0.632954582502673
0.93518453978254
-0.575047933013143
0.795678684585487
-0.275427922916905
0.884894147549867
-0.0272092462092388
0.276657294415818
-0.272829070774123
-0.920890712644646
-0.271262640890736
0.820754566855221
0.746996496202365
0.933871234805666
-0.0849346136787978
-0.263513870195552
-0.152056196351124
