-0.311359282944005
-0.939318465070233
-0.805248748825011
-0.772628545475656
0.309038189008647
-0.332870190958978
0.394856450712438
0.217637374143834
-0.387754819920436
-0.726682151061332
0.872509132978003
0.0923399422253193
-0.762701280789542
-0.214875195000017
-0.232565883172769
0.742060200707244
-0.563750737215245
-0.239252042408178
-0.817332174755835
-0.922571639018668
0.178838967992848
0.0271889758775669
-0.35934156751316
0.142185831535358
-0.203936800499534
0.571048294382817
-0.925192898025742
0.284852978608284
0.852584854673065
0.755054930369641
0.073395089137384
0.276702860747893
0.122207934295302
0.368372460725138
0.60696831116983
0.547697816733819
0.206531883144205
-0.448720099400116
-0.729236068427976
0.860199145520779
0.675952129634284
-0.323423338767781
0.854529603941128
-0.659789216721778
0.551815106062433
0.787458005838681
0.543758059004847
-0.756303377307723
0.818335715477245
-0.436543720480742
-0.668128741738614
0.538625240067754
0.666649722969395
-0.52037658888248
0.883244335881359
-0.796532431390578
0.243042892041973
0.524041188129511
-0.793680095366824
0.226332863324686
-0.242967751536209
0.0996078335384662
-0.0941635610793214
-0.183838124333573
0.181109655729319
-0.747263984053303
-0.278430248677971
0.499010525261433
0.836510461870446
0.876022862279755
0.152901885467072
-0.896633422314899
0.191274140827656
0.228262033258234
-0.66911254300532
-0.103660593691428
0.129872214732878
-0.725556334189372
0.855848411600205
-0.0524757394953221
0.592156994401734
0.0348713018463128
-0.537068885472353
-0.570915595521986
0.403537283085857
-0.741330099633961
0.286948280118204
0.673361933819946
-0.790627039633181
0.665667977355928
-0.995787568157374
0.32971385923036
-0.35080089364501
0.810800488268789
-0.522800860104929
0.40106838851164
0.309191278297036
0.1576711035124
-0.379659394739487
0.85684006906267
0.160945201206439
-0.086614281049855
-0.95739400283554
-0.230088172117464
0.665421764613778
0.396547379062014
-0.142850699916702
-0.610483244704208
-0.788375831702502
-0.772878011873247
-0.687901371801243
-0.406242500051758
0.736500988628834
-0.970394876868056
-0.669497191083838
-0.535995814505255
0.630250171755342
0.870249130404006
-0.901943917373704
0.550037115953243
-0.0900114859449727
0.827143636979119
-0.602730944372247
-0.476574146891025
-0.366181522557221
-0.615156537939959
0.153710551631206
0.866818051132403
