-0.0414717855670414
-0.406181221637842
0.993181348116067
0.604621850663791
0.236334578961199
-0.779329766020168
0.30951562307734
-0.450132790881799
-0.0273760423057654
-0.351329542776993
-0.459640339429178
-0.39862979018516
0.386299120544717
-0.909255306247199
0.219122497198022
0.862780691550468
0.134618734986773
-0.435562317238086
-0.505221869099481
-0.0863258795160413
0.665412845467933
0.751294633135767
-0.797845738325912
0.620589591240371
0.0076834508861385
-0.691256647565705
-0.728810202186238
0.082761525789191
-0.276032152581875
0.541869326220358
0.825441016337592
0.772683997008833
0.813353273115475
-0.740661570475766
-0.0634374300740252
0.585669672364986
0.790963999413866
-0.0201516255288167
0.542153638483905
0.917440463045917
0.169865607267848
-0.441523131415789
0.387597891614476
-0.816444632729979
0.670839520974281
-0.356467442109703
0.263504556507584
-0.957086311639338
0.840405292256164
0.252528503860855
-0.182667956921889
0.775741413086464
0.976508198207707
-0.891678571282394
-0.80502005684503
-0.848187746439347
0.367943592781647
-0.526539481082781
-0.0493424475630514
-0.635067206166486
0.950878474207563
-0.197544908504555
0.699770872436914
-0.382032993328221
-0.527025511245292
-0.347644718067338
0.737657207302624
-0.322316224820561
0.592341703046486
0.618486965230338
0.300171348175927
-0.324137537375336
-0.496946477925686
0.748438231460249
-0.529350324735268
-0.909242862496828
-0.511514410648526
-0.514783673266429
0.803003900001042
0.336109449927175
0.692044136261842
0.518260528416656
-0.0181853690489331
-0.0919290689967881
0.595978196897291
0.404982230404921
-0.159596429048436
-0.462893807522982
-0.728557019904399
0.406581745174954
0.501180995442648
-0.158777307792936
0.254565415818909
0.377975119123336
0.455080541762643
0.333466981872193
-0.376988297466531
0.526639539789439
-0.372036318902647
-0.250055501347598
-0.9743242050315
-0.568209870098481
0.786573077479943
0.336563766913601
-0.214996218227559
0.350847689507904
0.920411652302099
0.76383861460362
0.644675764295487
0.800198872282481
0.952941749380517
-0.611192813336759
0.522872284215302
0.658237094102503
0.540693020405898
0.0512689061956702
-0.279928048524669
-0.616135507701078
-0.853789495819498
0.638257120801659
-0.879208739205851
-0.0873746096395161
0.70894636627917
-0.0120093120962911
-0.49593732888287
0.140261131151766
-0.475492687547686
-0.746968348038169
0.754820611906229
0.466830447217626
-0.442932407909042
-0.359691210904604
-0.943823129081181
0.718411624281767
-0.530376182142221
0.519884925582673
0.602513306859886
0.82105821108502
-0.635485779862313
0.417270542865523
0.795003558364238
0.290148477876774
0.00881702464003835
0.698552779589048
-0.675461104905234
0.397324846020671
-0.283897672500157
-0.0515606478794567
0.0304373501522819
0.835324177113432
-0.165483239200888
-0.91672391319948
-0.44122948259704
-0.0817033994020496
0.218349679980577
0.192851995103759
0.448957954486595
0.43428632599114
0.0767613585483024
-0.941159541785853
-0.952387510098448
0.767535104912441
0.271330645361757
0.934766323908106
-0.931701135907876
0.813836036439989
0.918180787487524
0.0725592317753452
-0.123092994643128
0.295043535638117
-0.13745138818814
0.820218830729968
-0.142676951716448
0.673847863795899
0.297135034526729
0.468169321670413
0.559671647958276
-0.919416149432411
0.110246974032629
0.247331312795257
0.7575369346285
0.301781365084549
0.378588878241777
-0.167467514994271
-0.175425511453641
0.402446620556472
-0.396792050903318
-0.655697268867322
-0.244009327384363
-0.424064174070112
-0.451883274944157
-0.202029518098093
0.30592182708557
0.28821699167987
-0.429660773585059
-0.879005029333361
0.290914614804846
0.962570722067735
0.0217848159170281
-0.62412792977047
0.0821704328763203
-0.389573859400118
0.699919816691114
-0.167422432202375
-0.116101187451344
0.455538345327007
0.441360861207884
-0.810793622119889
-0.344179577275029
0.145511125548337
-0.227139866996525
0.502085482038895
-0.358353875727683
0.378381627768366
-0.00505704052805744
-0.687627166046902
-0.409879597181803
0.723134202414791
0.713162196798088
-0.717524027680235
0.677119039462919
-0.956357565859731
0.510866632889653
-0.411030794858948
0.296349286744203
-0.0557861582563985
0.870262414119165
0.0748904865101131
-0.797281247988437
-0.577256571699404
-0.434944259160273
-0.508168046876616
-0.858359871511631
-0.903917798506876
-0.340643688926926
0.0187135853425893
0.763873601063292
-0.121908415056778
-0.586933563958066
0.501739588742601
0.912132679816936
-0.517872781602972
0.458900749696026
0.192231031908148
-0.942049110736728
-0.766421487498991
-0.371781018044793
0.572471306114235
-0.741664166878862
-0.107973640409177
-0.69451123657739
0.209126086269476
-0.93173919957207
0.627058113808997
-0.769936728540705
0.0116146148005018
