0.166363708304167
-0.450344103087361
-0.60598710227613
-0.426587651490102
0.375139683755912
-0.697550275314959
0.530519957731987
-0.556787738607582
0.297121071528986
-0.24249752120464
0.356969466245647
0.627832758356364
0.49282297235178
-0.727763849828706
-0.213166739650469
0.0925242632485652
-0.213433934896203
0.842163619789127
0.505159477829269
-0.343044068765894
0.392362313601014
-0.293490637786375
0.128916252795805
-0.526787555364249
-0.666261850341798
0.754950379706523
0.0815344214496711
-0.141053738899626
-0.0888901491527763
0.380897386843612
-0.259970242061394
-0.383470139872217
0.345416095731509
-0.507004567246532
0.80203322572015
-0.398074915620765
-0.790037433762802
-0.507300624440482
0.704509586242864
-0.729671277835842
0.47573850629563
0.709666249649951
0.880781383890051
-0.926604052714357
0.849836872056577
-0.660999366408545
-0.900831109167307
0.197553974547589
0.884274991301842
0.770344859387679
0.632473569702727
0.0059259180329141
0.480838070608375
0.437877614456975
0.884529302019646
-0.91115135133805
0.522773406742909
0.256840505018136
0.495778350761529
-0.344051437236305
0.212860219629096
0.080412136068057
-0.500055218711009
0.89961112676714
0.736916799657565
0.693097462751009
-0.0145589551109605
-0.2537238563142
0.00490589688694357
-0.0712459200652781
0.182767587036078
-0.729144051595634
0.14170911663876
-0.9687361423683
0.393847408534343
-0.987566159216855
-0.330846671645765
-0.635177233268875
-0.9642771303239
0.577707142921055
0.80107932771041
-0.146971920090319
-0.110860080396545
-0.676705093884469
0.693135037373116
0.556033173075667
0.0538978850322138
-0.254924800013714
-0.336272984409103
-0.97794896694141
-0.63563414749977
-0.950828705355902
-0.749935131633765
0.884152329303377
0.174694953643495
0.193038935862451
0.544236286927367
0.280050431918442
0.30207065563421
0.0209839568273686
-0.675808564861086
0.0758209894386795
-0.657707604139221
0.106681708739856
0.479053027985223
-0.952655678217283
0.434776062609082
0.279678620480694
-0.301032190911936
-0.0269214747015476
0.917368941943981
0.929316975507194
0.148556498133883
-0.784878107495348
0.617419490052843
0.486863803930683
0.528743694905866
-0.178161715798114
0.324897473891681
0.483446343862916
-0.0771963263883436
-0.850668189603399
-0.473270813180909
0.574004115156162
0.580843884836312
-0.603965878002195
0.411416214350837
0.21525463035612
0.614216785771492
0.143540371385216
-0.762960691482485
0.216149013223411
-0.225481628419778
0.11297049226524
0.0440189708893571
-0.450933101789914
0.593032925624969
-0.33247084354227
-0.245288107625789
-0.37860268232177
-0.992335476517489
0.612385476011125
0.881522472983327
0.114781008691368
-0.111281441690312
0.372874284104534
0.388508456289099
-0.395156422216862
-0.594262057710413
0.803754457634291
0.636441434832675
0.827004889620557
-0.431135451367906
-0.631156958256086
-0.834405430511224
0.238957285388307
0.0579434475048894
0.23268312357715
0.78839969119028
0.279341642321298
0.0608192969900994
0.0934843886930337
0.643949447375558
0.838268449565874
0.670609351034895
0.735214958813549
0.799060930564572
0.564670404116671
0.250252175014388
0.663097770131
0.528126597844955
0.848606382787692
-0.181025411648906
0.118872895511665
-0.136352555644296
-0.775092586306502
-0.860750726953072
-0.156078174038355
-0.139296876755884
0.631958866070995
0.919944549820496
-0.628662084880285
-0.12495919944593
-0.35873139788076
-0.729822438803405
0.298020107892122
-0.0582424641059086
0.593710397500657
-1.00972765438939
0.0792154302776631
-0.806947245918863
0.395559403415957
-0.64092886169264
0.151968799834845
-0.227611110857448
0.503119426692203
0.550213490387958
-0.951432339677011
0.827664236092533
0.963447807406881
-0.471511132635174
-0.967655444696257
-0.22348753408623
-0.967261554066282
-0.315538418256537
0.731159322877636
-0.678750107137302
0.337692397122454
-0.0416008723309176
0.0384353625079176
0.197139980748136
-0.994757478907993
-0.508434524484279
0.173798827846361
-0.15745537106869
0.174068573853062
0.506648192240034
-0.0570565981117818
0.432232595034698
0.110453653765843
-0.554274314204845
0.786833845159785
-0.0734251405777219
-0.107335407221743
0.759787713558703
-0.491848691179407
0.663348188473064
-0.090097885904264
0.921954596954181
0.6309980111197
0.292598568413286
0.548711190883373
-0.472328419261498
-0.514263930168964
-0.162030898694498
0.867403266087634
-0.996233841819801
-0.184709466324837
-0.0144443788845335
-0.0686924268454332
-0.22539506098309
0.782012019338409
0.674554817534221
-0.200907900462113
0.753358401933866
0.391231035016576
-0.0560567066898808
0.232212054409754
0.618913790498074
0.306270049601514
0.30900220244151
-0.483449539713861
0.343330969852788
0.77231142927621
-0.166500448078054
-0.322102759242616
