0.659131041001013
-0.671306103233013
-0.804867822530745
-0.432600828988625
-0.239001951406216
0.502007467242999
0.607977489968398
0.238374519715581
0.0706805755626496
-0.0757859952528412
-0.83264332922413
-0.0285225645491939
-0.718895985118526
-0.0678173657204679
-0.77675788816374
-0.28827369916349
-0.565416072664003
-0.620190393690122
0.0387780641764894
0.0410141125569333
-0.758827499406812
-0.86315003591976
-0.0200284219792043
-0.0478897113971894
-0.0907584235539514
0.0343034935460853
0.805716271969027
-0.778878377504011
-0.602555216943011
-0.315378899513316
-0.515366363652246
-0.999742079913739
0.448793244608722
0.961368965597305
-0.214957661105861
0.404659527548194
0.447100581326527
-0.208768851744377
0.0433756270994785
0.72940661888768
-0.382759661015476
-0.0782969992289883
-0.33752435864795
0.0199867141140131
0.487881260536867
0.891470111449283
-0.904717911424948
0.657600613490142
0.5638771517265
0.786559119255181
0.405582193096179
0.199730630739599
0.477662752028618
-0.6865541039578
0.478584795295428
0.741981154443565
-0.258907325723838
0.728366335674648
0.550096659377134
0.540696899928896
0.349266985833478
-0.818736091414221
0.90915522809282
-0.251903503096362
0.0312764108676415
0.839050186943735
-0.0964351460998193
0.485346683109671
0.323018225500534
-0.776004744171055
-0.384356339196228
0.829830121917437
0.293390778012623
0.571496325136977
-0.037701245577189
0.827507148845802
-0.794408039218989
-0.02107897556923
0.330604619713435
0.846285392998914
0.148266232950012
0.985893489299692
-0.738159573095672
0.365735044857927
-0.423328124522961
0.0189765035289822
-0.332539764679349
0.757617856261338
-0.649529713655024
-0.906384071945517
0.0336483182461397
-0.603575540735721
-0.464350430493242
0.106717627410737
-0.410028486418867
0.683574152780956
-0.98381638905839
-0.828358900308443
0.424346168143536
0.684170290054604
0.480059867559841
0.9310664258427
-0.344356151249861
-0.369346743662124
0.346004528249384
-0.675415453077116
0.825832425715095
0.563834129044349
-0.111393861611792
-0.665251281597394
-0.113524375035064
-0.313893823193701
0.436833089451462
-0.635545320027343
-0.211272013825892
-0.298994622279784
-0.628763250196651
-0.140490562145686
0.582562154512341
-0.889694909958363
0.269901237076106
-0.378782843480343
0.854311293790659
-0.497229740586729
0.698408667728116
0.714958995358452
0.87309225980357
0.875956336537523
0.484257280612885
0.915070485822482
-0.443458381045947
-0.280865813703745
0.894236346979963
-0.432168002172741
0.549916232748319
-0.225607928519374
0.4840621003618
0.259612523875176
0.0839004061966061
-0.210986438115841
0.0360337778605966
-0.536604232646427
0.37523688848174
0.45844423796883
0.867569908757531
0.509238928552281
0.170217221325886
0.160916361344957
0.406622003055972
-0.706719208443225
0.925187058827389
0.558140699771533
0.0130019046339987
-0.733332975703538
0.96969396953895
0.755964753527661
0.153344672592443
-0.927627986793296
-0.885697682516137
0.646737742303713
-0.050007357822887
0.720988099108909
-0.23609324924108
0.965623520627923
0.213856540050153
0.250476554390665
-0.591759852379185
-0.700564836123786
0.0413724929348906
-0.810128919907405
-0.459962639719975
-0.369099997374439
0.0406725669709835
-0.284513831642149
0.725164742677392
0.643513266413395
-0.0317713239144167
-0.594057457970117
0.172593148408163
0.608712300635575
0.816772594719719
-0.0412159471262219
-0.757976953889376
-0.244538907395431
-0.937607037748313
0.329683625465313
-0.0131827808148084
-0.230014639831235
-0.572764567990283
0.446953831074619
0.280553930718211
-0.796071128957417
-0.190700000713446
-0.251888843802121
-0.620003336757841
0.40035202479482
-0.226241406264838
-0.945299445289604
-0.350335075884821
-0.109251301997873
0.645078003586136
0.514054247819787
-0.610660110808877
-0.684922019524668
-0.98388414763042
-0.874288627797157
-0.862528830954989
0.294360769181626
0.390235313493319
0.617310228228459
-0.527232044018865
0.499807358455925
-0.806019820181742
0.980459582369449
0.0673472690829576
-0.439397943317179
0.467479045398359
-0.989629687686633
-0.312225453483029
-0.246326986043617
0.0387688196922122
0.806120848019205
0.635381213909265
0.573591986315385
-0.312507018682814
-0.0297435642455593
-0.375534923341782
-0.840544715152441
0.503465790397473
0.165495400706905
-0.63090249947197
-0.268513451311852
0.982863884746106
-0.590778658517836
-0.923752864715791
0.0488288586317503
-0.101416451080604
-0.547789500146363
-0.934797134515827
0.230421779703008
-0.129001847398158
-0.915233084320375
-0.805362316890827
-0.411093289284626
-0.481962106455948
0.40558488784185
0.525377775321275
-0.225746960618098
0.541491493658465
-0.970580289360997
-0.0124944092153227
0.242493911325866
-0.458678275874428
-0.841051176143388
0.314752424487976
-0.819179282403984
