0.0400218441261426
0.0410125725924775
-0.165392727856484
-0.714426724374301
-0.00666010004518246
-0.815795860132417
0.50990306692313
-0.107008355916432
-0.484231486684802
0.657176775667853
-0.847240469654032
-0.0657281829386196
-0.889042633893153
-0.271220898343944
-0.889693865425809
-0.602966308471124
0.112189587200272
-0.0670867158585371
0.0116255025636064
-0.167619799385476
-0.424357123972982
-0.0719317161729909
-0.151328760924105
-0.454127974812062
0.688366700399971
-0.78634699897465
0.997689964206179
0.0897690841010286
-0.0810775986601261
0.635292310904806
0.645850408592868
0.097238934468894
-0.346802423402755
-0.745919935134139
0.435143551956692
0.145777120831555
-0.960392154639372
0.0757044770413979
-0.570501264779269
-0.255339888557874
-0.743464333572092
-0.695528666511355
-0.254828233937905
0.0480906116297131
0.520624873498911
-0.217276470092707
0.138093620080877
0.166179243628829
-0.626701638887498
-0.673502627207779
-0.96144811972945
-0.213760972125718
0.301546262500906
-0.385467146815046
-0.467029537741396
0.0298620540592698
-0.70220421319265
0.580010561073288
-0.609849946535437
0.387621974781692
0.332245816305209
0.592938886304791
-0.135239634311475
0.966415139599548
0.560552966014525
0.298757687503218
-0.761221470104262
0.87079403326847
0.550658905671121
0.519250021179959
0.187541515165347
-0.908203876307867
-0.93755902509178
-0.431384619763249
-0.377825317050245
0.0316995338814988
0.353630090383732
0.594056620692456
0.221170002571897
-0.0762229394508749
-0.275327579302871
0.64804900594086
-0.55146886215028
0.0122398183869673
-0.68184875532343
-0.562234038173716
0.0107777757990465
0.646207670899774
0.344400103963059
-0.211603555881814
0.534745813183226
0.715858714639374
0.0668704985795905
0.693506954962028
-0.84851304644012
-0.854068406736542
0.645682986491256
-0.699714556129604
0.0602013096667161
-0.561175643340683
-0.379893912433561
-0.923137159118848
-0.567527627585989
-0.0294395850988624
-0.636694184086519
0.571229295725964
-0.37262034301365
0.754375512703055
0.587908828362507
-0.577319791481156
0.904115271257653
-0.69812771911462
0.970327263330917
-0.960244498006593
-0.534082512651112
0.324983864551454
-0.874665504966837
0.417415076160789
-0.744851647452227
-0.993447553001575
-0.663682963786493
-0.981288178920781
-0.849020484639487
0.797143703463183
-0.960527733112255
0.177966356460616
0.924171579545023
-0.373553033032662
