-0.907646273152008
-0.230348592588639
0.101464656755666
-0.130206406937571
-0.6123662276634
0.753370598910816
-0.743677252812448
0.989865120263108
-0.142592766136922
-0.30368920286683
0.96991517693867
-0.828394016101315
-0.516830251852786
0.495317553396527
0.221990002744474
0.965207659229371
-0.853930046301685
0.616205827891481
-0.890982245889936
-0.735311039479979
0.966777616878137
-0.122249912617788
0.0506368231845154
0.0801544748891891
-0.213326613736909
0.936493628675971
0.811752542995573
0.714174091202779
0.454673498215841
-0.899890611127358
0.419925674885225
-0.24739137945113
-1.01027370882322
0.271270592015446
-0.385838311731357
0.17278985779062
0.720280354422643
0.139081257410832
-0.630395802397735
-0.676856945625436
0.939052919561364
-0.324850921756203
-0.984928651563647
-0.0410022928189519
-0.587841823121304
0.684574061767615
0.348477575435971
-0.824155256704742
0.0973859130281199
-0.650634616022588
0.244530345726667
-0.503694699418962
-0.798277715397321
0.577531555165163
-0.0851587462903687
0.802054045632218
0.977130106399947
0.132070611708706
-0.733630110286009
0.974243100791855
0.0839759528147706
0.101507957185443
0.549511759439211
-0.926800577257132
-0.583117951138432
0.878921638457836
0.667739883006739
0.564864116630607
0.441549421396728
-0.467687723573119
-0.510331554663446
-0.932664029974136
0.164320842597754
-0.153633445952747
0.195020305958491
-0.634895558376587
-0.808938794645592
0.806228385369693
-0.288047760734863
-0.478529663760595
0.57395121120773
-0.617073379824753
-0.87621718528989
0.829596563842239
0.613387172545542
-0.915158267658028
0.281841544108295
0.842086631141571
0.63776309565232
-0.382645575732642
-0.899491051472354
0.553512444349892
-0.443172993047616
0.0784671320269813
-0.342892195680655
-0.09576515481236
-0.0575806582582204
-0.598068664235624
0.602430427034703
0.828039126267617
0.67841420439919
0.724824837373732
0.219155287515029
-0.846336148240871
0.203049509280804
-0.766267860419573
0.822026889533849
0.885965758132358
-0.388695722895139
0.249867296297459
-0.869168922800275
-0.0884321263349857
-0.954374449678273
0.155213911493564
0.155805284999294
0.0114655455435387
-0.517861872920025
0.834102453394011
-0.288787591975505
-0.558935489870718
-0.692953651697611
0.140161271788326
0.749677461942978
0.204297556194811
-0.50345609869536
0.0599401155243566
0.108020657965511
-0.139668009654156
-0.59271234749131
0.548740343532379
-0.824233351124541
-0.526613359769043
-0.437675502755128
-0.938211793857748
0.831986831894084
-0.468512697769084
-0.403987978160906
0.114989074751695
0.280269566651402
-0.150895324354977
0.884447640503944
0.459036257827598
-0.379555766489453
-0.110819689268093
0.140835813152762
-0.140230569682007
-0.717540871435711
0.777002282708782
0.250655251724017
0.26643169736839
0.483000795655262
0.734260410473073
-0.848921177183056
-0.819330912187087
-0.364733413381673
-0.0216856545671269
0.756015574754506
-0.552220203059798
-0.0200475018709852
0.48615247576927
0.675353352843832
0.340791991815376
-0.823821196819425
-0.508945215707408
-0.247230016576298
0.757382810955795
-0.496325058930574
-0.815291513068098
-0.514266713260064
-0.0472157295972946
-0.960746072586665
-0.641812168088889
0.90552471843114
-0.13699927760401
-0.369099568115893
0.723469045837068
0.206071553535307
-0.631048845300077
0.886991746510314
-0.762917960117
-0.0707465819778956
-0.592552302280101
-0.976817001807573
-0.765765320874564
0.134335216674927
-0.233252394492406
-0.874410214139596
-0.811542869629595
0.493749700589865
-0.357348216046161
-0.561292689350757
-0.891873577585856
0.195298964379886
-0.143946205992983
0.815428966600176
-0.350257073316074
-0.543180511275855
-0.0836457735404607
0.914544006015765
0.67175344794404
-0.527894670415634
0.36981896904581
0.768837807844079
0.664367128544628
0.901709379331016
0.954864323924653
-0.88533430828769
-0.828059131268788
-0.622498304918496
0.187086681993766
0.186898535291821
0.966086523428093
0.550763190491807
0.005180027042652
-0.897894287374686
-0.237882678879111
0.398047697533554
-0.249236119237534
0.639684297019323
-0.695357947713841
0.265385091851699
-0.621650329475379
-0.508189457091825
0.366699723438293
0.498265678712111
-0.297400893390245
0.92233833984226
0.0267613508826368
0.438866174559603
-0.901034853641704
0.88102286861236
0.464887966706391
-0.281864715698185
0.279287859186631
0.281217393456354
-0.623818165456925
0.645379821988581
-0.846451757981816
0.982957769598573
0.977721567511176
0.184883328116042
0.613392959646196
-0.971251674099567
-0.879662460417262
-0.134976719333632
-0.712859456453609
0.839957906043087
-0.130422817838099
0.847849803045889
-0.25436119991335
0.16239414581422
-0.343385445950493
-0.659776515516785
0.171731086504108
-0.502548278225432
-0.571707869415991
