0.659392025964236
-0.164619848991017
-0.606416072454565
0.0666192577339997
-0.83613348016778
-0.624810773463339
-0.594586755098522
-0.568032276286719
-0.527368636339324
-0.558973049688045
-0.225902899454441
-0.217422752704543
0.44333310837365
0.546136999719651
-0.336584547133559
0.466983557543653
0.253485575134806
-0.344663625305295
0.543829151048836
0.0597238547726408
0.536937295748296
-0.409450410629966
0.732546823851683
-0.188244603662631
-0.0816587345840096
-0.679592895306659
-0.736533245054804
0.774956980152154
0.86681226985397
0.365733562367804
-0.89903282288571
-0.0848329398245961
-0.550946468052234
-0.0961840119279502
-0.706470030575598
-0.113390461774236
-0.297192477663645
0.167560247118693
0.672725935384661
-0.687787715114818
0.604558195222328
0.994355021282076
0.0455419255283067
0.449587422131265
0.377196071214432
0.228310351159367
-0.426265950587544
-0.364443698412322
0.860955293696106
0.493646725007444
0.35030887117814
-0.886513878555146
-0.124491660237225
-0.71341319860306
-0.561743303939957
-0.819571766262352
-0.726878552262137
0.170300589862888
0.323935510250803
0.787583663613099
0.784711979558996
-0.757812568780062
0.769106039763675
0.966011068890251
0.14599588043479
0.956147119970682
0.0558341072068632
-0.929408256738839
-0.356708276305433
0.142858429858222
-0.759130471951047
0.774379363458257
-0.420594671384695
0.369922396946696
-0.753742112329058
0.594472427002092
0.467497730851354
-0.387686747361255
-0.398816608865927
0.750423472516177
-0.940657218028598
-0.99977455202101
-0.0813309179730632
0.725985496097952
-0.111091768694536
-0.985829081103619
-0.954633855510485
0.209343523580084
0.17657156761592
-0.832311759444136
0.965513987398244
-0.617529516808463
-0.290239020280838
-0.318755058133415
0.328886557424227
0.0446644404621829
-0.331948501650722
0.861573405423443
-0.344693260511353
-0.257636242165989
0.97602159173834
0.486976991413644
0.913704664867121
-0.89799125571788
0.919721330470888
0.278005308406041
-0.895874402674211
0.941086673758225
-0.157119080005273
-0.743349253881261
0.848434679781166
-0.704919395191293
-0.807566853166551
0.962633734955031
0.709516972412789
0.396505483952715
-0.788652708521393
-0.977327563902828
-0.35611409610566
0.379653600099133
-0.0686622322093958
0.572490264604645
0.713237411957298
-0.12230011607083
0.363013208830923
0.884773750708614
0.624718069862627
0.329690935998288
