0.635231013130117
0.329557332462899
-0.699246452138135
-0.580955906717758
0.253120759774627
0.174416660077658
0.399162560651424
0.55663648909986
-0.36036253308737
-0.593605972934573
0.04323295676454
-0.249263425593989
0.655819747432323
0.782816856867276
0.149001741653045
-0.0220204094314676
-0.81752630490834
-0.553422327811455
-0.185595629843322
0.288549720777175
0.308878270532261
0.471311391081739
0.370869953848191
-0.791084089445416
0.508442244035838
-0.393936306609605
-1.04069126912184
-0.316508721635947
-0.824997097898416
0.44477505989293
0.540516812531041
-0.890978483108604
-0.397904573746482
-0.215781984434023
0.139054492661716
-0.630078817060097
-0.00991549810319192
-0.113874428040091
0.260430905502
-0.485897975261782
0.478056955320553
-0.198799632658995
0.447943490882975
0.14829666164261
-0.138765069428094
0.201982806848987
-0.671596891197128
0.75628128562113
0.703332681032468
0.242008996995767
-0.129669215327051
0.407712331094157
0.364079014996894
-0.33354174622164
0.273714615240469
-0.195916494911907
-0.379081177800432
0.673463537178653
0.821136884659488
0.873672848726768
0.621101194253207
-0.813176003111013
0.92411761239365
0.612181091433985
-0.458570871497959
-1.00032683076299
-0.00878470034642705
-0.217134180741728
0.460357520036864
0.906131754080532
0.00663243815470876
0.484514797118587
0.0711883942702593
0.944251784168931
0.0500780537618471
0.683604316416595
-0.589974196284836
-0.582472170855569
0.715094565948925
0.290083896484161
-0.28517520486581
0.0523775369329307
-0.765326851867666
-0.00724086395730641
0.420992849080231
0.972455049496412
-0.367681104398488
-0.673785510576066
0.622353885038112
0.0412722283424293
-0.0488007500639223
-0.631287247962421
-0.498845598291604
-0.64304863336887
0.589865624381176
0.479586796426042
0.33706232104975
0.0208695002794573
0.620864069794798
0.341117140116789
-0.995794892899573
-0.0357556112662882
0.329643709960187
-0.111846589859846
0.812236106659801
0.653517904904082
-0.537762869742775
-0.8098992028723
0.330692794019771
0.574542587398341
-0.698914603720338
0.569182631735431
0.119707244738794
0.185378282993291
0.555296364708977
0.321042432992573
0.957101987974686
0.358010086014216
-0.249330595063934
-0.783661211191126
-0.928842587251349
0.230254072457226
-0.815344215270809
-0.326836155176772
0.571564524529066
0.475270231946696
0.730636639745443
-0.534600747070194
