-0.768898995886294
-0.894756450894832
-0.345804201490935
0.11750616295587
-0.801080392265294
0.738245559793476
-0.269160361819843
0.875675028185553
0.273824085256513
0.321833198249273
0.362961639190415
0.780842462257382
0.196097810481429
0.970677936937591
0.0602445076390129
-0.687026920554647
-0.45005451631637
-0.567081230484582
0.299984216854398
0.352631057042318
-0.80136266070038
-0.782006059704824
-0.724284274641209
-0.274105642534155
-0.869493243910127
-0.714019441155482
0.230575138909825
-0.817118045706498
-0.463720748997715
-0.727629435701511
0.731476585699299
0.212437673871165
-0.0469150371388759
0.761651741889784
0.320234059274282
-0.430464181087511
-0.883475802194729
-0.449407995938298
0.355171924469131
-0.905471152518366
-0.0317031662895558
-0.933862735606953
0.180335992497084
-0.986136578130905
-0.246049127990786
-0.664527762599319
-0.970969088549452
-0.245985314901567
-0.153573019770688
0.626888474401051
0.176145342713284
-0.166784821456566
0.229389424815473
-0.479624738281542
-0.131824608326822
-0.47636594646045
0.195520304641505
0.586147392326031
0.903731322028327
0.0197461682226071
-0.492412537314769
0.508899961573135
-0.600376026351338
0.664803223826163
-0.241684699122878
-0.914384944047508
0.676649229333737
0.0678347884496612
-0.827927774275852
-0.824261450873408
0.766084859490765
-0.743341844708326
-0.115545636057366
-0.000694106556059666
0.855807956560501
-0.950854094879219
-0.69853386308953
0.0370957370166419
-0.388774435693279
0.891794605567373
0.790739296891788
0.448138210250971
-0.943195183578208
0.955776014158017
-0.711013062174635
0.99255632933061
0.976116886915433
0.147503849389478
0.398445047045618
-0.620883766909162
0.054454182251317
0.395966292094395
-0.944858965451158
0.17208205885877
0.637166559439799
0.842924322827244
-0.630489932442355
0.339747423973495
-0.563426663148478
-0.136312185350039
-0.316743261001191
0.433587100776133
0.935930638477363
-0.11795083970944
-0.00324650876608589
-0.259779592440967
-0.997998582611979
-0.348856827407691
0.417349309710507
0.508904907585656
0.00490512856404651
-0.837041378670796
-0.153556956989754
0.3922046362105
-0.923304471732348
0.930313519022896
-0.134238194447211
0.050464437424005
-0.547651670952733
-0.00960214532565256
0.674898855461589
0.537207881720104
-0.944531398694469
-0.214289772714077
-0.226621372832574
-0.0364534379500407
0.628671472890403
0.512342067936623
0.365958664653019
-0.4286282713598
0.676541112949879
0.595140949800329
0.141259516634727
0.505710328107423
-0.804692270199711
-0.869753816531541
-0.958967267432982
0.87677463169579
0.00633085907835815
-0.266207743230182
-0.0377901656196196
0.214772775143794
0.364129059294103
-0.416137895358868
0.764660478182763
-0.902069385850753
0.835801276540389
-0.503248801287445
0.976873083001344
-0.519143648887385
-0.382630500249692
0.516145085853781
-0.461809735083739
-0.452693394142188
-0.439189560908563
-0.651760030340898
0.425279149892851
-0.364700761331429
-0.56311313742965
0.486297901995696
-0.3092104458699
0.759866133444398
-0.0504954106528082
-0.647072695555911
0.250820838472116
0.290839571293189
-0.100875186473763
0.389929472379482
0.448352152854752
0.162416237326954
-0.367309266338189
0.39074641801651
0.85498328359853
-0.383769563198352
-0.976016660630433
0.843190352612878
3.74231107370379e-05
0.588055222956055
-0.620563987740561
-0.194907885973874
0.825641123927813
-0.660569314569965
-0.671892147950991
0.987028814581985
-0.671023281293928
0.956004724776521
-0.54178054600899
0.757435784267832
-0.304875109544719
-0.584787511187295
0.151489099725041
-0.610477273837716
-0.771661936322688
0.358629352379646
0.320643743740695
-0.988720325563873
-0.8327533376581
0.51172095805014
-0.291045825932721
0.651432538208308
0.113391033680403
0.861964812238633
-0.641307093319683
0.73606800271649
0.488835340928634
-0.26969348483307
-0.847486966828232
-0.832775636192653
-0.854432185433412
-0.800307581038236
-0.488308065988072
0.668846578042534
-0.0969249331734069
-0.063967219468148
0.518268728199741
0.279617168359178
0.0136429562548739
-0.707478326237403
0.625097477303193
0.483787109393019
0.459661373072039
-0.263648619103562
0.368890271540626
-0.599937459906992
0.550635606065181
0.951906249729743
-0.659655710501289
0.551222613431796
-0.0443682791361306
-0.473040662255361
0.0108482420883706
0.961762060441785
0.237342834249425
-0.0203603045949715
-0.43438201622724
-0.141704300070621
-0.732655091909257
0.502370929243907
-0.304699389685108
-0.796498822277234
0.821831121360827
0.656759098100075
0.793365686239352
-0.298874408032865
0.896435360018739
-0.596898361046158
-0.275685093622465
-0.57114334645919
-0.0767141728995276
-0.794906001243542
-0.963879713862683
-0.759659450694841
0.261259272618631
-0.818607041877533
-0.898236786288175
0.291905407212858
