0.580339377694417
-0.656625772750525
0.628344794105731
-0.0392036011869663
0.133671830452922
-0.568033893102383
-0.727111134730281
-0.915843693699233
-0.998515298815059
-0.577602963831013
-0.856678733311694
-0.537134415136042
0.400282568341107
-0.126787142024035
-0.0545914697711754
0.450721658207574
-0.727789037941228
0.403750514248355
0.921519740024109
0.524477062901344
0.254817488761025
0.742796723803022
0.0825342055721872
-0.948129610456504
-0.787144229083955
-0.429974656445431
-0.947564090203578
-0.664771171131614
-0.505607110271051
0.940614238565605
-0.63847480246687
-0.137112683800555
0.732965154885255
0.964901060624543
0.276237924611154
-0.0357776730830804
-0.420373191996601
0.345611172426025
-0.881183438405464
0.304483396537428
0.838136147899712
0.220638842320959
-0.312332578674525
-0.673999109850835
0.98581283471593
0.724296186348161
-0.808246335150174
0.664104389804659
-0.369589197934928
-0.963523319084759
0.67760656602006
-0.46451265828678
-0.214641974287484
-0.0632668961897374
-0.799374672914888
-0.338747579921771
0.812897382450277
0.385090887698895
-0.787901315115771
-0.786037728096753
-0.766745907413453
-0.574996338024277
0.880483164602659
-0.847340461906133
0.400841162878514
0.208266363812935
-0.954715626923671
0.370394290372333
0.54222508470182
0.465968436105326
-0.226277975996146
-0.0344306184794343
0.0248163339183019
-0.0317159078116271
0.65190126071361
0.820426848135233
-0.133426239362173
0.348923028060661
-0.331660308273163
-0.697301947910732
-0.0342114607494226
-0.636717664388477
0.629258546430601
-0.958655412623905
0.944706802163417
0.287896907228741
-0.747833079882098
-0.0854695470833962
-0.204361493871068
-0.870920015583622
0.692137613739797
-0.057791014762307
0.365245530933571
-0.213348805525102
0.933874662239826
-0.558777403969597
-0.208168566177742
-0.53084996556956
-0.903489240955988
-0.726379263088703
-0.745503425603319
0.148704056924952
-0.370832826531927
0.556424232147271
-0.346657904481499
0.275949761572991
0.901313525520648
0.482737162519416
0.881636026282901
0.192084863384859
0.666852207360639
0.098633732240155
-0.106545261936543
-0.642924786986429
-0.911796757760123
-0.528997906156154
0.807299852688485
0.657058487867488
-0.592860991076696
0.435018752410952
-0.164048193121466
-0.403281881723183
0.738642769804894
0.306779590841404
0.179824351243696
-0.855875125076382
0.621217861076855
0.900733620113478
