-0.2741037492912
0.812437651600259
0.596986893660747
0.294006310149086
0.302948859783167
-0.941305211592962
-0.825040618170476
-0.974037274478279
-0.604244092276886
0.77560845323642
-0.943906388054029
0.367811279701162
0.997441164181351
0.750830691368776
0.962491510921415
0.856932950268033
-0.053436965046342
0.724979437323078
-0.685708623584346
-0.912741321168422
0.264939208682048
-0.293882617688468
0.695372320749926
0.473321537727491
0.402239782923853
-0.333014466087083
0.599731742599294
0.461307151557836
0.950944387934805
0.166083703923518
-0.947448830372865
0.45889351713617
-0.562311032629544
0.915580358075017
-0.405887868758698
-0.954232936700311
0.290901351776568
-0.733660694735782
-0.52163961965236
-0.6945619045117
0.556175547918507
0.805295177536208
-0.850226007619859
-0.540703765334631
-0.0528875837713676
-0.193341505775957
-0.483639654117368
0.00270040951809522
0.0746770456639979
-0.470865188126123
-0.722746109646158
0.979672349498595
-0.398328895872057
0.0640143949242652
-0.798153456537193
0.742865387392537
-0.664206563258714
-0.585203351296842
0.830247247462247
0.131260272492162
-0.721369264252364
0.250063152256548
-0.454414367467507
0.556357458489107
-0.331436735932546
0.0987470742157954
0.585801827695827
0.961861434918961
-0.241990181469242
-0.111452992953292
0.834840877170914
0.955265115986904
-0.381836752848248
-0.775019439543095
0.67831531500467
0.382223120944196
0.236488609693439
0.248522767750962
-0.681722677341687
-0.715583904326838
0.863550753301216
-0.686879045997048
0.876239427320247
0.307347608090763
0.527319188218386
0.336287617242497
-0.220394062050511
-0.946208768334228
-0.86866145789462
0.947505528468345
0.26227624369185
0.703937618589981
0.288584999527382
0.476949075374541
-0.0233925913230664
0.406441446853212
0.706627502099202
0.959268497667979
-0.166506659913495
0.240423116910762
-0.333680016481525
-0.636746702110708
-0.1883925341225
0.658820076545664
-0.802257537851901
0.795730362288767
0.297243827154687
0.835819734195702
-0.167794560314931
-0.627920748152502
0.90042339578203
-0.250982841886832
-0.674847229571273
-0.574593909261262
-0.924731409539798
0.929424747780955
0.985073781708647
-0.165014501518701
0.890715767578513
-0.109635496997295
-0.0721784189327811
0.744087878723107
-0.206066055719844
-0.321021428563474
-0.146572477638005
-0.193856224127888
-0.3513494087818
-0.867319431917956
-0.776708490052678
-0.185096320664906
0.0715955399357585
0.429087260235692
-0.425847853608094
0.0523743976246365
-0.372382397630239
0.191292658133528
-0.524626767286396
0.996040210250683
-0.737205278491066
-0.0603782631591609
-0.640531135654374
-0.129074603079566
-0.774359191906598
-0.626221703562931
0.175074977370823
0.798494774395743
0.678495321781856
0.753049781366363
0.357337472227378
-0.74208264316302
-0.424193640341309
0.998041778545088
0.550881287150185
-0.991028308366259
-0.452343783326888
0.694305664441915
-0.477266472102264
0.52825752009148
-0.239424424566581
-0.972249529453963
-0.683233713382022
-0.0335688287716357
-0.00227962592705459
-0.116092219653943
0.941469287636573
-0.649682258325214
0.577148149667331
0.299301705240016
-0.952072334559075
-0.780293028734433
0.367532157537373
0.94835146051719
-0.0640304449946774
-0.833560624558208
-0.500098166412543
-0.535893222571336
-0.919345047018033
-0.586497242952423
-0.776351751827875
0.56375426543346
0.396346202521249
0.838761918079544
0.516312082329118
-0.970477089697753
0.910125794171009
-0.0310261779442254
-0.148583093943389
-0.635526541890666
0.986082398372282
0.975918744910838
0.488256872878109
0.0975275785418797
-0.363758100460886
-0.578284626670247
0.0552874648556241
-0.952913260632649
-0.61666884012103
-0.428975286938362
0.577246605695273
-0.393446909340267
0.735597627053738
-0.689019039602829
0.959411660166712
-0.702426795670064
-0.319025168083449
0.249000989778468
-0.274536330447985
-0.204266056938365
-0.343023357027765
-0.719863038314206
-0.989866506869715
0.692746881742932
-0.704336381976771
-0.733320255563162
-0.691010906975768
-0.714609362874706
0.992533107760601
-0.291790016296874
0.439162500320494
0.407324297690711
-0.853330301910671
0.955191275672626
0.643698894240383
0.326763105037973
-0.768799619263478
0.521848835637023
0.384978647347393
0.0638777125036148
-0.336046301416237
-0.780640382820052
0.301420060762528
-0.0315189679980074
0.999667556907627
0.907720937976002
-0.429482790081513
-0.973991165847719
-0.350497601154109
0.88201768819852
-0.350887770751695
-0.998312263810226
0.378789054429518
0.458363120823327
-0.359972479365218
0.450280282988754
0.812334922279186
-0.743323349664933
0.608925520722516
-0.20473288770249
-0.399523200063717
0.540031312693814
-0.727458765585493
0.375844483475317
-0.0556553480223295
-0.256175324533787
0.111087159504054
-0.190558846207733
