-0.396769527917196
0.609336581006491
-0.205808561495586
-0.725377352410576
-0.64942616784999
-0.331841470240913
-0.320411904672781
-0.874349608675343
-0.476707384609775
0.755608666959062
0.411119751530084
0.411595678699158
0.953909279845829
-0.0729312911978596
-0.936655561251472
-0.734824707325266
0.492868123808412
-0.432781610418856
0.381391849124194
-0.478161897528984
0.000838777343197095
0.498730839931629
0.445725210015385
-0.464656823046356
0.948842622907645
-0.259494202863381
0.715201720451393
-0.653703453948784
-0.276440105251236
-0.468094622776278
-0.356291622380903
-0.854870599470248
-0.669179731235675
0.133982888826174
0.190303958624082
0.278591687626538
0.0777736067038569
-0.707784006428928
-0.624210373171135
0.538321508366749
-0.925660298427802
0.209030653449561
-0.797090262401039
-0.111915410150546
-0.416189127593942
0.890582218694492
0.525332831110726
0.957195136548633
-0.783231066865047
-0.863101219381142
-0.179959445022371
-0.221407982284435
0.88983420060647
0.838378647052507
0.502339199563546
-0.298035515534276
-0.721160792135219
0.194627059742512
-0.171832767942022
0.921565254481208
-0.977433911232327
0.0261650085780685
0.757677373264689
-0.341876957162494
-0.990450228616462
0.885025113525698
0.656827001587304
0.969426102057961
0.579998959981407
0.476322319335353
-0.712330483571692
-0.402568370799492
0.0513081196729829
-0.341050126717586
-0.984210039250928
0.643317022848177
-0.909434341848832
0.417970052218913
0.120564583691082
-0.372077452490937
0.783302459300844
-0.692835214051809
0.464808041439929
0.131021756062768
-0.98896600031436
-0.158414170217692
-0.61218184995066
0.0998690784741091
-0.594085217057329
0.881876393027215
0.293450316849486
-0.622559985024477
0.737182502673688
-1.023756456474
-0.712654528478167
-0.404807133886095
0.978094217835162
0.709358745522709
0.806104238490364
0.628065977995136
0.394979821736495
0.314115072059123
-0.330918076032428
0.232388291950061
-0.186016533039479
-0.0319446050539684
0.486682393030784
0.96414742746209
0.697969335670789
0.655889293328128
-0.565714783542118
0.388058255985305
-0.637901554078994
0.663618519406147
-0.911130603902814
0.828050241808452
-0.583172802112247
0.0226519924870087
0.41672895512079
-0.177046204626522
0.749666389878705
-0.981978295589093
0.0423860054325089
0.97229366452893
0.71404180866069
0.283985158566234
0.24180803940059
0.162189665751877
0.796450595529928
-0.873604196130889
-0.509315296169355
0.464638566833721
-0.818045758219298
-0.241320711900446
-0.150395535702474
0.44835614199859
0.976813065529937
-0.69196742116352
-0.176859137279238
-0.132799979961384
0.79548701433643
-0.871848931945388
-0.582675343703364
0.462053492210636
-0.725322682258441
0.244482917910511
-0.0563578616756533
0.777644178676746
0.876087130890596
-0.0148190636226654
0.154128273862241
-0.535246642860088
0.702440737078498
-0.0449863708151247
0.919654142582698
0.192861236308385
0.923912892823681
-0.950922939932961
0.917831337084496
-0.891321387094533
0.106315397746154
0.42616259341431
0.0747246804402185
0.71115108593996
-0.629142214966992
0.609325761214555
-0.693919045891622
-0.904788732245175
0.133751007029844
-0.731105132529382
-0.267398118073189
0.547002501292762
-0.864758830198138
0.0192260511723877
0.86081566244805
-0.197746251803305
0.52855333561855
0.150949567314702
-0.948831221009234
-0.553155779859048
0.399055597733388
0.568893478477385
0.798277128424558
-0.508236034287159
0.0656229067126609
0.0348507975993197
-0.514836220644161
-0.279193782033188
-0.11053070117446
0.40857967264131
-0.263442218765505
-0.927640610663248
-0.695943843304503
-0.997550899294594
0.296998667833368
-0.906618354476144
0.168570556386715
0.560571233689425
0.0176028542862094
-0.65659029794657
-0.057226311596024
-0.122207706643396
-0.466491542574456
-0.714293844993035
0.736177926589968
-0.167612942952381
-0.711795633992008
0.558437120661168
0.258455220041083
-0.810786846217145
0.0302916162805709
0.6553931084612
-0.149710878556966
0.199798822297585
0.212217043128904
0.847576901166132
-0.687695715465575
0.382078177736466
0.040675132266461
0.703777610557642
0.708855374737109
0.412252958034281
0.442924053363205
-0.856084395761654
0.720286725729058
0.313273539640618
-0.680520070322532
0.0766731840190259
-0.351202720464895
-0.469047024742455
0.425314569471098
0.429053009838347
-0.755935174763673
-0.802316654571502
-0.0951933789008729
0.916755812104722
0.149570394290756
0.621211246400436
0.385836639689856
0.357793549387821
-0.112392970302053
-0.909660343616421
-0.494032128785563
-0.0785293464445749
0.229056872704181
0.392883390964508
0.739065973539108
-0.639616586938425
0.747207112917336
0.11919804311834
0.729607482143956
-0.155183098679588
0.233079358282124
0.895355370720768
0.831242648630072
-0.688965764242523
