-0.246740065788537
-0.618569032972414
0.209640907314252
0.421820174651136
-0.218336467214791
0.309716184398425
-0.16622081984088
-0.814198349924841
-0.475730225946813
0.0857867217594872
0.901713229057129
0.848929780119163
0.054313137401697
0.0986326926151227
-0.183344707317909
-0.0795289104941599
-0.709936959244903
-0.00583672305098792
0.589965378203397
0.126351416497757
-0.193222486835268
0.952403746369484
0.727203883491981
-0.0806559205045888
-0.753853117641755
0.647919539414863
0.591268887999625
0.274724207904204
-0.205688976048578
0.595349269831986
-0.915804816352717
-0.834240101679669
0.128507291471259
0.431126082122443
0.98012854525751
0.0413020838746563
0.809866155876824
-0.164615879736054
0.482676811057465
0.00155954136463432
-0.705677207783296
0.130473617158928
-0.0188042918607749
0.463865889922411
-0.497338557472315
-0.425519286884232
0.478332257055676
-0.509595136571408
0.85723232846606
-0.511335463752933
0.0289090523173106
0.635613153943961
-0.530578116405915
0.393297550244215
-0.151857013542988
0.0559091245276212
0.698444950794041
0.834795447340647
0.3491431552181
0.0778327858575675
0.922773080080219
0.399937681886546
-0.523796654486071
-0.427378415989944
-0.566853500247956
-0.871214151389454
-0.461596426804637
0.960022815557441
0.467199013096095
0.138010957071472
-0.597582107993882
0.715134520288687
0.604171685519755
0.433091586962129
0.467689272210713
0.626347035577414
-0.457431157070606
0.753329452826721
0.154056627050011
0.0980207626041805
0.543143229044635
-0.498088518946173
0.274176487637204
-0.859063868616881
-0.436958722710051
-0.11615650485452
0.849146799099589
-0.808805787616655
-0.593313791127609
0.697489546044057
-0.714117065400614
-0.439627457515191
0.0859105162681387
0.64125478932698
-0.589484705575524
-0.172265096329265
-0.00525567862839442
-0.132992043050177
0.468876399169921
0.641478666527921
-0.467577047708611
-0.762308819582293
0.552013415678651
0.665662275631498
0.692773100903668
0.269991332332399
-0.361458712686926
-0.79804798864869
0.00590610962154112
0.179379463642806
0.28188877934001
-0.213007548838626
0.718529101014338
-0.772519140361866
-0.0662444035577136
0.224426883842685
0.204631884068653
-0.728668205234167
0.808315914574577
0.821178399078566
-0.525527852507994
0.26380268755691
-0.928719656575673
0.9739186272522
0.871684591057414
0.700065398743025
-0.438548322029865
-0.0447784580430145
-0.100782570686811
-0.317487375410449
0.419765899954761
0.699976412732153
0.360876802563349
-0.544298269500861
-0.291988526377899
0.931570870847153
-0.341103847267844
0.378905226403524
0.190083780770917
0.187810101053774
0.3332737107163
0.384949182805208
-0.287724711991085
-0.537241468948324
0.813799470489719
-0.883817799233919
-0.140182643561775
0.156317279518694
0.372827682620816
-0.240211883772711
0.496006203725896
0.710995413328521
-0.910180589533793
0.837813611115127
0.825706327404218
0.504223111360552
0.563141659633367
-0.391214783584666
-0.270133347804293
-0.473747639467709
0.140064702115348
0.998614594611494
0.759121238974228
-0.385758889769135
-0.158465778811231
-0.886898824524274
-0.312412678808067
-0.472839102010216
-0.836148680670723
-0.621712039907121
-0.133704453618877
0.900014143942245
0.122219618847903
-0.104721481877242
0.400852992148134
-0.661214101446953
0.603353508357608
0.523601220196548
-0.616208961226398
0.97267810668791
0.963016293014377
0.0608799842494691
-0.773154422846689
-0.349089643508949
0.633947786758304
0.322936365448301
-0.902401080677976
-0.690482448596603
-0.50014534065987
0.00244908019320007
-0.109538709644298
-0.70251056085579
0.381307033371715
0.707248211624474
0.949389297108925
0.311970376425671
0.770799932919777
0.322804001374441
-0.183625198555837
-0.574457285005491
-0.207906938303691
-0.974326039438155
-0.0577914848082444
-0.808874602931349
0.191064801081345
-0.247134329915746
0.781709353900348
0.879767564495446
0.674942015202334
-0.702411191216356
0.753672707371016
0.101555773324483
-0.705644367388697
0.3506423551747
-0.0278591653760138
-0.325765366415415
-0.434958456319482
0.951886830282629
0.570785620345532
-0.743461840048952
-0.770616728328514
0.211701115446935
0.536337795076726
0.0259680386154517
-0.349333143234651
0.557727619144402
0.179351819884054
-0.13441417449591
-0.714103448829131
-0.645646886998799
0.873377970634887
0.253994096028736
-0.986105352814202
0.608760947629876
-0.880924493300609
0.656471023312145
0.502075699014946
-0.916271571936915
0.673392772452454
-0.943690516605329
0.818078244224022
0.248005183746086
0.655716228696937
0.613421691801716
-0.000989095391646233
-0.510598760865212
0.32173667815669
-0.389420516160899
-0.825911598887653
0.380901512680024
-0.467402315899768
0.114650116865009
-0.0196758964826327
0.612241450907006
-0.362505783275193
0.0122134766779425
