0.761539518990178
-0.57954867768851
-0.857947522503978
0.8340259831636
0.923308661690373
-0.411386083369255
-0.754854380677204
-0.201515178776662
0.897395207829624
0.233469556910799
0.837409762761948
-0.34411943742156
0.84969810561185
0.436139868322174
-0.214019817805952
-0.858512460449183
-0.337794442414602
-0.494494349887958
-0.726846308092446
0.26320405419209
0.156767928450501
0.0485301221461111
-0.845156258436283
0.349963572703072
0.764063979706456
0.114812056008828
-0.419000134427348
0.185146816223629
-0.588952716198171
-0.87267691701326
-0.107159790968159
-0.0801684768270221
-0.640418135377085
0.965216913608831
0.585213243548063
-0.109565028916257
-0.00284105962137833
0.859430200897473
-0.0800649007170091
-0.342654882348902
0.544982357750747
-0.833336480253579
-0.700397129282755
0.300085539439042
0.185076863576658
0.772952119007297
-0.876440806181208
0.829665653206664
0.223183433966807
0.955464934106878
0.50161693285134
-0.540250470177781
-0.272251345432011
-0.770739137009447
-0.673619310107117
0.581338475874582
0.570312738834201
0.611490005392665
-0.111261821734259
0.944879894894419
-0.441349873776025
-0.403820253449647
-0.246974023642984
0.254815491237577
-0.831023582642207
-0.486880766075481
0.366745259015026
0.702081968250119
-0.562806728054994
-0.811695951837163
-0.104987245003577
0.893622823537718
0.870933729937638
-0.779462460933617
0.446886426997322
0.144321893204482
0.656108101371008
0.951027047414688
0.687582654546046
-0.420163590164023
-0.81001681152734
0.263198399566838
0.571626381671326
-0.630354823281231
0.051810969595852
0.112266083446292
0.702868494631542
0.686679266052745
-0.846626646873698
0.405810432408914
0.836354526534577
0.211750574654957
-0.873661928235883
0.864287900277718
-0.00385287996280766
-0.171036459300672
-0.0464124152860478
0.158123399582197
-0.473772084451946
0.298991068993186
-0.177315039148289
0.215599692606671
-0.0566804947622966
0.0729733262389201
0.0631640578374552
0.90512876757085
-0.896133686276336
-0.790781691848789
-0.483520932037503
-0.0649034305714823
0.534771195790906
-0.933513601176099
-0.365342854829868
0.216948280874101
-0.835630400271371
0.876395423203706
-0.390751787661933
0.749101147939397
-0.874787322930859
-0.552751782751143
0.795229430950057
0.378245727013722
0.46369477302984
0.815703840661903
0.228190363919548
0.0899057971033601
0.0286500949180064
0.659193348801881
-0.60386053333176
-0.501674821713692
-0.160119558220044
-0.558148530641025
0.924827285746692
-0.727138408223765
0.563511254676457
0.0901346909650994
-0.0568564865068865
0.7604037299602
0.0676765424153537
0.0567991370362189
0.728227985355357
0.821248089866642
-0.678171076402604
0.388383056238329
0.213862184664748
-0.745145810339251
0.599671125194799
0.540249485789382
-0.889755924462642
0.574533830199723
0.218262189913185
-0.377710433846086
-0.052516374763734
-0.0529228368902553
-0.690192951807881
0.806051972256284
-0.510694753033311
0.406977946735995
0.169919336486241
-0.149151404092204
0.832775283962246
0.731833430859355
0.99413882969664
0.0335773338658942
0.327213263566599
-0.800533995623979
-0.760054012243084
0.126626150870939
-0.237518417908283
0.406613683623061
0.128355849558945
-0.565859569792131
0.397228961469996
0.467245739834995
-0.484148195921827
-0.384587218411385
-0.18533860793928
0.0834221734053203
0.314553081530507
0.392622753595362
-0.644246802141219
-0.400579747967817
-0.877007531048461
0.907877232266014
-0.864613978365384
0.536008932590803
0.961998898104306
-0.419055727700032
0.262717154305647
-0.8372259599154
0.0234882961334525
0.869652179265485
0.451461636974185
0.0940225119814779
0.869754030454735
0.491104290859049
0.575041577786517
-0.741424521597352
0.806027804351069
0.150038004466726
0.638700711125234
0.261275975470249
-0.1280333591386
-0.721763394579381
0.389534105915255
-0.938054729005642
0.174253944759815
-0.543439449765224
-0.295337522975078
0.795109565145981
-0.59676364542749
-0.486878741974144
0.592589697213793
-0.420238187546464
-0.567466571019232
-0.158642141361433
0.361509144416418
0.0921155335270374
-0.930688092983103
-0.16185728549239
-0.0752379104824216
-0.101254049306031
-0.619338362485328
0.881588876638138
-0.977011164005704
-0.383506551126943
-0.913653765538346
0.00975226753380522
-0.0213837197631424
0.950232838875604
0.780178291774334
-0.34779691910185
0.116813180080178
0.943859413365351
-0.92955311838008
-0.165012570523803
0.922918485151542
0.555344097629929
-0.738311528117742
0.900101788298347
0.728092528986544
0.521864688519659
0.12943570486334
0.153901274231176
0.575235209333898
0.00775411981478261
0.203248586287929
-0.218511747019027
-0.813281716204469
0.430101642567137
-0.435008375083317
0.436240432670421
0.829637633723185
0.395508865580592
0.334072126692115
0.533550074295928
