0.184244518162434
0.208687575964408
0.300560491452403
0.2964871426884
0.303970741819284
-0.0439346193618975
-0.420961761100315
-0.954791617198162
-0.594682701637015
-0.322404704253658
-0.394362278747818
-0.166767145544396
-0.0594586066845457
-0.36136007922868
0.987083694184504
0.209498557327699
-0.776568521610655
-0.982344753771985
-0.204514144420286
0.0784744745853503
-0.508630172120512
-0.60977977067092
-0.573184302943916
0.478597053863973
-0.35891818465854
-0.555397250996689
0.936635960040169
0.740145291944206
-0.689552473443496
-0.602284224529702
-0.039764131204146
0.928222549522826
-0.54697012556132
-0.511763572764567
-0.398412009429073
-0.226550021029265
-0.924035459899497
-0.364245304795842
-0.117587550244807
0.727409377905313
0.156130839541739
-0.673083386667174
-0.668326555799931
-0.043774383048396
-0.812872993268965
0.940177614890452
-0.348935704315799
-0.775244334679811
-0.598632772556861
-0.929047339144225
-0.806543652420001
0.909340912332617
-0.725840489500114
-0.405861542795222
-0.930906887783538
-0.924706095324916
0.522697938810895
-0.249719815388186
0.900196887064295
-0.494982036758334
0.470540427638963
0.568366584850284
0.0409171351118316
0.437674835087825
0.926686927059074
0.662312592180804
-0.521628001679975
-0.949404237775787
-0.00439714176988071
-0.942646819408141
-0.742090535275358
0.568910699257338
-0.298790670564551
-0.586823903538802
0.796454971027584
0.473001048422473
0.945101782947391
-0.575273112435967
-0.669547200723015
-0.108335237367029
-0.831320278751155
-0.423004205210671
0.544245919571379
-0.0173805266339586
0.91905674921995
-0.997543562831535
-0.489167027835906
0.433631219009584
-0.560888493860629
-0.993170634008428
0.781050128102777
0.657044240678561
0.376791288586651
-0.137946593777759
-0.00278830458156554
-0.661381232560144
0.79758054208935
-0.66742568293449
0.525747038104208
0.600374837106215
-0.198038040405158
0.0866569729553395
-0.460725438633731
0.802749467452813
-0.383343001078051
-0.219081182855367
0.120630703581809
0.687094636361903
-0.0748836916486741
-0.356143604201229
0.267168672400877
0.943203115450175
0.051086126860287
-0.305757776259383
0.0123698300316779
-0.950282721455693
0.712335928444499
-0.234152169468262
0.1627302905817
0.633576555265862
0.245711677529052
-0.780196779022367
-0.551313953969089
0.179912562446968
-0.854910095130964
-0.906600759729197
0.723312874265281
-0.927903505897492
