0.990572772230397
-0.798521982717713
0.462729030894902
0.290194363140846
0.369069762652472
-0.132077002380757
-0.845830434650435
0.560920484104771
-0.228338512935867
0.914179470915506
0.700209855252875
0.281150430261656
0.14796258744011
-0.811944722708393
0.0897443341241021
-0.115301441605573
-0.0562476982790054
-0.668571149207692
0.883891374979708
0.422786404238479
-0.70882310600892
-0.524238535433986
-0.966022759235093
-0.785962041270051
0.385720504235404
-0.0220163019671957
0.877359746669479
-0.839939538770238
0.125753811529486
0.613264299902615
-0.264937559536185
0.749013069018959
0.966875111775058
0.255248752607324
-0.65912218562629
-0.108546939363378
0.0520170973461771
-0.119426313522411
0.604142028452312
0.100270835946936
0.816465702462724
-0.313236050922514
-0.709641296695158
0.0244760527165035
-0.97673459636809
0.322762499418551
-1.03222696825626
-0.732033287096034
0.238134451478688
0.435277328379961
-0.765868110915193
0.132685737904754
0.0589098761815738
0.790415491982205
0.76012470635667
-0.619821710190764
-0.452523500152012
0.052923848978262
0.0164682168232905
0.389289204089819
0.173188764361366
0.929441209716488
-0.408114553719349
0.721432803140153
0.574360412638093
-0.809012155445093
-0.515935000656206
0.447457643071872
0.89159955722413
0.311002999555987
0.795695135557219
-0.73282665197156
0.873839845063931
-0.17686053459606
0.173920852781362
0.0177649550756806
-0.301330040735961
-0.0114165557840804
-0.120316291485417
-0.741767146841136
-0.726776322419018
0.445145696956661
-0.238215145961703
0.676819389607254
0.132487805116092
-0.689898312356276
0.815785211585498
0.992616378878595
0.555772157000443
-0.818933285154919
-0.6570075155576
-0.028813466433674
-0.018363282768328
-0.460073612604984
0.810070600964167
0.0780481961829125
-0.0713022082382482
0.236163909762804
0.40009792456057
-0.988903690039798
0.891540091714222
0.653028769286661
-0.52101808036055
-0.698575002403987
0.336052979112029
-0.257896520671662
0.273008350942758
-0.887102287199347
-0.589636117617162
0.683943067345329
0.64895597193252
0.140101303461717
0.575564629393835
0.945380985915936
0.54184804133488
0.935288180511227
-0.818906964038463
-0.909899615104266
-0.361190031723445
0.300210715946093
0.632681214066843
-0.580586076063183
0.979410567949462
-0.245161639766183
0.792097938295494
0.157918167460434
0.490692477847226
0.259913151699203
0.770497326996684
0.479994154819413
-0.456160269458038
-0.452472560637523
-0.318228210713064
0.963682133034648
-0.603233212016508
-0.5604779830502
0.35328572614393
0.224743350673364
-0.387228254398589
0.0377377200246928
-0.0991771337984125
0.654093112659492
-0.343324141723389
-0.179808328721382
-0.9290030390534
-0.322749082479242
0.323784383338329
0.66574531433051
0.188400553766689
-0.577137149067512
-0.105083787017281
-0.588247948618984
0.576804297456789
0.445121170361731
-0.741638266489023
-0.953079342660898
-0.535136174702342
0.61397423413901
0.571889060549743
0.0729433064067085
-0.141901699930631
-0.312233594858601
0.597347807863849
-0.95078928676037
-0.735545928720174
-0.835789502406211
0.646628982151814
0.677351967060118
0.575239621018902
-0.232803350483789
-0.302391037451652
0.824705546768315
-0.933915297788006
-0.931011432050801
0.129074207653881
0.720149088191605
0.359243908887567
0.312173075710603
-0.216032556528575
-0.0391296281809755
0.24997603729291
0.450235197463807
0.201344332695662
-0.849119059430724
-0.199794895775256
0.974249709296201
-0.26894902217628
-0.804950857876661
-0.188461867834855
-0.210588864854991
-0.0277530277537575
0.890458529709058
-0.918865015834629
-0.654864615477694
0.739908048580975
-0.96741008668857
-0.946455290897713
0.0793376109867362
-0.485545135279542
0.0620814922040012
0.909168018008957
0.808991155366442
0.788272105442903
-0.790489353973708
-0.293145651930384
0.0534790333243082
0.589113926181202
-0.125942097015156
0.371078906106587
0.732955305498158
-0.408035426099589
0.759864197801757
0.0050790747808001
0.538059179970185
0.401888051684041
0.856805812249595
-0.54586212794299
-0.571099603463905
0.342282545409977
0.793630881315298
0.357587685021845
0.605322319978847
0.123103221449577
-0.18990506746704
-0.408249870186796
-0.226436353422356
-0.998353112567631
-0.58048179985305
-0.60696833123667
0.0154981691586238
0.268309105209427
0.195922587237254
0.323806632449448
-0.476378988673971
-0.0511419247764273
-0.287142050469259
-0.275069675903703
-0.491005703525503
0.613537834024489
0.953394494846771
0.707104615035582
-0.0334669487307029
-0.999084719090615
-0.0963929637507817
0.665839690995886
-0.391230003240404
0.254738958038438
-0.766081613328062
0.44473084466333
-0.0853638682084336
0.839614828975217
-0.783375557077645
0.116199139291258
0.824656651571829
-0.632987008199563
0.182936114189846
