0.272221873764495
0.143489014050924
0.203597713934805
0.320118976515592
-0.650332798791131
0.447975050775689
-0.0590533014154422
-0.159220057080823
0.26299130765022
-0.174001859837
0.561449950081638
-0.535437939384718
0.886485944338007
-0.529687264558421
0.901024065563978
-0.844569967096578
0.259095024014536
-0.882933610459349
-0.207806707485059
-0.379205048924984
-0.379730015482377
0.326028780752409
-0.856892543444635
0.776015548710281
-0.709339710255699
-0.427414508030727
-0.660110832613782
-0.117712788825533
-0.888569764722391
0.294583503238095
-0.922983191926242
0.815689148756162
-0.610528392224023
-0.421195245750735
0.282394456287306
0.564792594277824
-0.772885657904192
0.5392568871262
-0.37143971686077
0.00908041105632045
0.282453510957545
-0.508477155060421
0.520434758848001
-0.916750134648014
-0.129218224934074
0.60498823007922
-0.161453416492924
0.665719594266471
0.797970217401378
0.520329119668431
-0.774016254858115
0.655861269691461
0.742518096066324
0.914878860665765
0.434032965213256
-0.748138889438937
0.824231926162687
-0.876780743496608
0.679314635589961
0.363727551350985
-0.699127802101019
0.255617488295929
-0.11204033935697
-0.832434179474633
-0.0551131243155865
-0.196382070503545
0.312377431061827
0.899883496260747
0.226982895239325
-0.198605517316472
-0.403291907933341
-0.931617799524487
0.129174006772171
-0.728753838534502
-0.895648895276754
0.24761511238797
0.306416880498568
0.250899969286014
0.00148703503744208
-0.13718575173376
-0.674304579615667
0.866047504401182
-0.0576743378759293
0.676021442391701
0.203438371024627
0.975849037747539
0.268510357219911
0.897457738189957
0.700080829967271
-0.355402699347639
-0.318724507461404
-0.49981459004962
0.920387898040007
-0.599501999468383
0.545240197402724
0.320994940682233
0.704443854530618
-0.447186154392847
-0.255512718764063
-0.415941770101315
-0.779041866798843
-0.512586107116866
0.134863207012195
0.39527537235308
-0.484246211475394
0.428917529954036
0.323029140189994
-0.303769575062209
0.838110724745717
0.231279601303434
0.805755801396668
-0.292414471223149
-0.896887420174201
-0.0639827066096406
-0.178632474721318
0.474335649504788
0.671886315532718
-0.915275228197989
-0.234614212767413
0.972534083167866
0.835175123898582
-0.163388719224406
-0.875168953274971
-0.392444249743358
0.531484359652761
-0.715280626716152
-0.290919049123083
-0.209143200573166
0.312033250410477
-0.826057432946854
-0.580375494489854
-0.059139117426762
-0.425326886620041
0.393893243613078
0.450998653980129
-0.99298316879918
-0.74282791069113
0.928544876776918
-0.658354676591295
-0.29008612676154
-0.749794893647079
0.251996089831701
0.29148118630493
0.132951950148576
-0.0184978344580008
0.0377594020527002
-0.147742343092365
-0.382193951869097
-0.658639439873146
-0.834206114532143
-0.924551939788015
-0.0529746381591555
0.437504703443543
0.502393566359412
-0.271208918425653
0.157202620652744
0.106110812407871
0.368662178797601
-0.758003107941718
0.678562150342293
-0.306163639785581
0.651106865708603
-0.0403238540317576
0.14122466717687
-0.579816239230266
0.948119792146892
-0.402340622765979
-0.89832307235403
-0.123477416926317
0.842815978594849
-0.366348999530797
-0.85364174294382
-0.0682568485164435
-0.0761015393809513
-0.280675319361347
0.585712675101039
-0.96969525067215
-0.254411792289792
0.414267426343568
0.247036123040079
-0.363053976684302
0.691035309151284
-0.453924731775691
0.188981895556702
-0.5169188066748
-0.721664754168856
-0.424963473936777
0.379467123576854
-0.416293468463404
-0.430123640809107
-0.492448403769031
0.0510170724685791
0.368617514127737
-0.536656244586586
0.511167906773515
0.633853654964838
-0.894175140002355
0.788655426815947
0.164453024371147
0.893646717611836
-0.360168287245907
-0.741639381082717
0.463061007865189
-0.254921825284527
-0.539945519255521
-0.121471416420259
0.888286859013405
0.444648900093018
0.876511963833028
0.506548147725292
0.909106244470583
-0.190168427745298
-0.105762645390728
-0.586586643354152
-0.394841432998185
-0.191186436678413
0.117214725970666
-0.776542468758965
-0.274282940086066
0.500521332379834
0.349942886403441
-0.265392527703086
0.790034637864005
0.293896525053269
-0.982247159193144
-0.906959815669938
0.574500584999945
-0.27532081950505
0.895365826336633
0.385473370384325
-0.203783418762726
-0.271454137509959
-0.641619116740186
0.510158335173368
-0.63381475783451
0.686855257633384
0.269186234846099
0.185198460339767
0.749247317281389
-0.0290440103219743
-0.988772741116044
-0.115187539118885
0.751775342861762
-0.577086337406478
-0.631232879526871
-0.506961263934515
-0.564092288484737
0.863081065777109
0.73310591498067
0.909491001101353
-0.440831423753255
-0.83055253541068
0.726107586556636
-0.654192151078802
0.0471745185939408
0.422074929035124
