0.739790847252969
-0.998986467563907
-0.0171590392370499
-0.609214566132819
-0.396621904248593
0.555900647208078
-0.287060654567283
0.886519866805357
-0.740440517245529
-0.855123517655641
-0.137266021918227
-0.247419927653655
-0.918062346786633
0.96228738222431
-0.89522907016032
0.609045712066788
0.614268452995991
-0.640013704321745
0.671561771812631
-0.130615058976537
0.499296554231785
-0.959622567322294
0.427850937023464
0.0418165676397522
0.972300078410736
0.234798717227364
-0.0762443952443254
-0.481873233366316
-0.287887849430641
-0.929005142798258
0.168598086351899
-0.430116640338119
-0.87024536701671
0.921623432087271
0.718587566992666
0.464216362494542
-0.922815082586955
-0.986890641188888
-0.321163358175989
-0.424267995455434
0.744683265007905
-0.908373625362557
0.880684094875135
-0.0867492613070531
-0.29938043334265
-0.86037782440654
0.547868298085629
-0.955102338029492
0.888094217024123
0.0623472595600736
-0.641430622393753
0.0628911063910336
0.72450855768547
0.569270908897405
-0.584122343331535
-0.980952835909943
0.646263855099913
0.218535363388319
-0.0424921185008896
0.971482878606693
-0.781308130106041
-0.997404891542346
0.245314924500099
0.90343951004454
-0.0374326243668502
-0.250689955398957
-0.866802140031194
0.989844138824382
0.763121747465449
0.152084549329316
-0.46050484127941
0.000994490339600519
-0.901652640537493
-0.805005837542469
-0.62887515622819
-0.305145122622971
-0.927887040759511
0.521515585275406
0.752497744835598
-0.642994565807804
-0.759173415015714
0.619847829751976
-0.446955455653035
-0.578926206126472
-0.227100746542831
0.263193660802324
0.494203799558001
-0.287115452542341
-0.470568192802444
-0.603991247576378
0.219897019430287
-0.364506129394615
0.834147129073414
0.379659119095139
0.460986021252185
0.912424941521361
0.439869135061267
-0.199708910678945
0.688402796169176
-0.81832130396118
0.447713622248553
0.161784273954457
0.445886145685685
0.548633386940217
0.790225249449847
0.81531799056763
-0.921274680082305
0.251990644961153
-0.917681470769157
0.345474953780364
-0.503043970253674
-0.955131453091072
-0.781374569585554
-0.279660959060034
-0.0235770874568126
-0.55538458073009
0.345104013837911
0.0804778397101416
0.31800669173489
-0.234980434841361
-0.749259724995296
-0.0439956952996667
0.331911292964497
0.634508316630056
0.00835298447307468
0.0570551061235337
-0.840821771160623
-0.157256613514191
-0.313541316334393
-0.313347382958956
0.325881117593177
0.397542031346402
0.518147362117513
-0.945585778257768
0.451876484475436
0.27258719690215
0.692347300926905
-0.30264938505917
-0.136440312342741
-0.0732202235208614
0.215717806475069
0.363409085664423
-0.119112538931135
0.655127107790758
0.0107274965863983
0.492871946542726
0.036916792608177
0.218345174437403
-0.327656666975606
0.287461379380966
-0.514875701943356
-0.338090837928432
-0.140298046872645
-0.630984604074996
-0.160875419843976
-0.846719372481775
-0.784969556245141
0.234374230733058
-0.760745822495113
0.737428762709737
-0.572835514183188
0.428114779944111
0.670995227867928
-0.125575803959822
0.286983618436353
-0.622689310945528
-0.583341033341449
-0.442987116591098
0.792023015933053
0.573962361258716
0.848109046641268
-0.332336640993856
-0.256444253388775
-0.762517272871341
0.69664526005102
-0.806739398599204
-0.794032211025659
0.218300384664122
-0.00477110575028328
0.47899703532337
-0.021816036286244
0.390234464835725
-0.778453155353782
-0.0229232308622445
0.888444999609589
0.781887212784996
-0.38447607872353
0.285760751298592
0.868229622566812
-0.786830424871393
0.119507363491175
-0.299140655074598
0.99750888556092
-0.676072525489865
-0.844403629193051
0.850333618373814
0.651829620648677
-0.705024751966562
-0.741603849271523
0.548300081604988
-0.239194904812229
0.630870708130634
0.391896347080292
0.639210260290139
-0.976325654237926
-0.54806574574405
0.14648772683441
0.716255732493725
0.500763168634867
-0.200664543961703
-0.278986575045114
0.924521380563836
-0.105073303679577
0.016866922940335
-0.394173739248465
-0.002712723020321
0.188540979703283
0.185184835775515
-0.073325554066805
0.103642937370661
-0.697837429952848
0.0605966284841924
-0.22850231590336
-0.491579379887427
-0.344550543225337
0.665387935276057
0.899813564470925
0.490507544906579
0.836707965518984
0.620420390750881
0.232540813896374
-0.0397237494508984
0.769189913500039
-0.969558615871627
0.0573778051447692
0.82473357360221
0.563087922309251
-0.328096319582318
-0.447835715106124
-0.726280867413859
0.691186683158887
-0.982115799892512
0.924910676036033
-0.80568859872526
0.761850575566602
-0.976984469912145
0.853570564938291
0.898704730306697
-0.946425003836976
-0.716779931654406
0.437736465862909
0.0681887374213537
-0.0431346681070106
0.92449844174463
0.913527529371279
0.401132543042869
