-0.060553058271806
0.139762974056829
-0.994148872236257
-0.115397219490569
-0.14606762627985
0.663590342694751
-0.938635588825047
0.636798266063486
-0.413563676872736
0.915429932881003
-0.0320148746595749
0.0283442471145569
-0.213507358525209
-0.107602471834338
-0.310711233314941
-0.631320335489717
0.224305391390087
-0.150959027335761
0.432495061510464
-0.684175632210663
-0.493103576065753
0.430113260328578
0.54532986421472
-0.861891350029649
-0.0733894091282346
0.959044618739103
0.444950385360448
0.00513831853730149
-0.0865902574425744
-0.0644650872403769
0.383335040039869
0.421075337840669
0.119865872627303
0.697032351031303
-0.548957782517955
-0.0708140673197156
-0.874407362482818
0.71522521916464
0.415131467560574
0.785305905119213
0.860720843806368
0.983242241343306
-0.394637102072237
0.675272291108924
-0.93492464327519
-0.63480488379876
-0.41515735883462
0.846512797027638
0.267786711276203
-0.608445357780687
-0.222926592340897
0.765242644495069
0.440614640920743
-0.152137123660536
0.881088143545736
-0.105422068284475
-0.98417773447393
0.90014120762965
0.640547151927023
-0.50530410879771
-0.140359354477281
0.16880676743726
0.769951491324997
-0.797787198203522
-0.536050049217459
0.534544550173893
-0.413181170497914
0.045153606783907
0.751625970188528
-0.281175226275556
0.0400200931059787
-0.259657924470735
-0.23604712203044
0.662138021605737
0.797552884818405
0.0452242641990529
0.544678042159002
0.638459176677236
0.17753000098663
0.490965419036303
-0.892968094756593
0.815708893421144
0.592341357324816
-0.73425150153381
-0.108759205832206
0.946572126517162
-0.107830570568188
0.21856652233589
-0.147082366926312
-0.652809886242229
0.664824910126887
-0.958258154820987
-0.471895426060653
-0.618929628517854
-0.918387051595674
-0.000328403800943173
-0.109402018298049
0.490711436326004
-0.110722303592429
0.0817447914328696
-0.45740860690456
-0.858326297518445
0.296806595849157
-0.246595244378367
0.21611855988515
-0.286051415471216
0.174447848088114
-0.293332737398109
-0.287663719477612
0.441991663859048
0.48225374731443
0.342430615121709
0.318475887809122
0.484674991384204
0.417605013367936
-0.0522157667147238
-0.245492002559558
-0.898569150408752
0.58965378528325
0.0939378873109209
-0.5829094820048
0.738230862811857
0.553237509609088
0.0563030955867933
0.543094699968882
-0.800998292543384
0.497699020892819
0.82283680818236
