0.536186526231532
-0.299790282585346
0.458383656475105
0.976923878373231
0.107459884574266
0.196834857551714
-0.974355037315601
0.172173229285031
0.0534080189849741
0.830849105261098
-0.300436053437049
0.572280642321697
-0.58958306859609
0.373606835940673
-0.682396910604744
0.447153021669454
-0.351455000603364
-0.658709367846041
0.78367237907663
-0.00283414259142428
-0.765508481958317
-0.849258114966965
-0.261402510605805
0.0460461182100827
-0.179092342101609
0.94349684375262
-0.808610527468997
-0.855810497487188
0.405893098374773
0.0131199834835588
0.867645855889584
-0.588249685938513
0.358641929557449
-0.659178989805853
-0.463124701876728
0.313947351327725
0.727814610475884
-0.689521130836745
-0.199094156728803
-0.805557461811233
0.171083309279916
0.81608782380988
0.524253287328468
-0.556353504555314
0.257549907490327
0.930476995089977
0.38635294418654
-0.180229078501603
0.450072528290797
-0.721651185276799
0.805190253445992
-0.770669076720875
-0.0589998694253453
-0.510537761294654
0.156604265111293
0.606009391086972
-0.811323884863707
-0.344791963493072
-0.0729596889349638
0.840412176991716
0.265745297017448
-0.625274886481469
-0.429288126466591
0.854251157542242
0.138900132700083
-0.705643353752133
-0.905623123397553
-0.411030781569662
-0.823284312224096
-0.737125195250716
-0.142080971772853
0.171493512277632
-0.459125352120956
0.643036229637722
-0.592071282837325
0.92268500903466
0.364704497545283
0.778714744780588
-0.189093875680093
-0.364415748163012
-0.147822712589889
0.14353318500004
-0.856757648985068
-0.258495408791694
0.64808069623059
-0.576045564831776
0.0738059809029507
0.90534935106554
0.733036345599229
0.927205372595846
0.729379144592063
-0.962991282929439
-0.345601704611412
-0.474870789718349
0.293672628039848
0.0931935358979568
0.736725119516862
0.992589008078974
0.145427117943148
0.716042764830407
-0.337564507962239
-0.169071277656602
-0.158155801480334
0.295243327739778
-0.911576450868675
-0.772982843740872
0.467044856503228
0.286528341670147
0.722618531352548
-0.68050680701354
-0.523402992430203
0.145297859114067
-0.17106384464079
-0.645590919095475
0.36696417965649
0.160294551935619
-0.130915917097867
-0.642311491283879
0.0268717520008048
0.686001874257506
0.186400346523507
-0.280900541976762
-0.898971187170747
-0.783856712336846
0.965299075504862
-0.839605261775201
-0.951837138615136
0.0916265591108081
-0.916293825389078
-0.0543800529065816
-0.722919195165295
0.851782131609127
0.397114823008071
-0.444272170326794
-0.101392884197857
-0.448075004697815
-0.617139687252852
0.13578002054449
0.0554186763677549
-0.566264242643409
-0.813926516925287
-0.129898377000241
0.432670239092085
-0.150762836335589
0.0412074838486831
0.425264298881125
-0.573210714488372
0.316936286009312
-0.406730740451821
0.149275594582128
0.347292780365487
0.26063665878634
0.0863149977579932
0.232885542531834
0.578689507594808
0.119152396289112
-0.510123655909419
-0.526285767028398
0.723123512318235
0.191451753152914
-0.621052592788482
-0.686221465502846
0.666661274385408
0.726593323704054
0.0428630090548721
-0.222405026438488
-0.161908234325445
-0.834453196696342
0.511181262268854
-0.53801166692802
-0.352573287115942
-0.410071134623313
-0.127746551981028
-0.851785296691593
0.514297157534344
-0.46059882477459
0.314917244982868
-0.283050786964609
-0.115053305835319
0.743112293321621
-0.0093971914279454
0.261211570009218
0.562989552831298
1.00397095970404
-0.948395494725872
-0.536779531475387
-0.193863892631897
0.105130316623934
-0.461621693220684
-0.994595232241434
0.560323760925562
0.201026013519742
0.00640905817124883
0.0970537527655008
-0.914828903520574
0.812646632104522
0.518401436330361
-0.512373089915409
-0.956618840239571
-0.413480196817555
0.626236825323581
0.151492647379752
0.0989832070988286
0.249387365328218
0.848811849069555
0.90527765400909
-0.225681126012217
-0.173108501982452
0.824057778815802
0.170065066983899
0.261740520667616
-0.0543375054536334
-0.0770553114468643
0.112435549530196
0.176969159030416
0.747485863378907
-0.287722934221098
-0.326295119426119
-0.828291070719346
0.682293611254898
0.51515118726095
0.360281339256626
0.340852180637027
0.873888761558276
0.620462583508459
-0.0731939737232971
0.697772703886302
-0.293761634027354
-0.195269461343281
0.0609092838403035
0.888031324099989
0.102390343965871
0.0559292852718265
0.406437802761943
0.688956054618668
-0.678170775252331
0.141563190691225
-0.494208429390335
-0.788355501787008
-0.080412183988263
-0.0732186854651565
0.128252081228224
0.0559523634405972
0.863344718494317
-0.866435321489121
0.758888188931134
0.717324388566717
0.27065170999263
0.889008419717032
1.08421866262104
-0.42637186222267
0.286386741769202
0.201964679033279
0.0467854465092876
0.631650795573741
-0.107191666753487
