-0.845219057285292
0.505673804592445
-0.0970885024477092
0.305451127326123
-0.765602897768446
0.318387006975389
-0.433740853567588
-0.172387568074659
-0.0667104743102078
-0.958324384499457
-0.540144829398361
0.0052260160886611
-0.464731551553036
0.375568931836429
-0.524047595268726
-0.178816141700798
0.866330896441791
-0.0310537442943789
0.253084909919224
0.963520854719994
-0.346813149892358
0.749015015814431
0.0526522347050041
0.988878193657799
-0.7410532361142
0.253819497262729
-0.42351809374932
0.680697792080564
-0.0744415424420276
0.771495695965727
-0.418432617572448
0.788890137822654
-0.88189994399667
0.237704052490435
0.315357829589862
-0.337763487838123
-0.494765190958085
0.612269692188047
0.49003238286261
-0.972388687957534
-0.716960184268418
0.457637579460516
-0.540871823458164
-0.655638011129588
0.894570783509999
0.548699292553728
0.0816466500428592
-0.916850355126694
0.443826444778909
0.883754798517257
0.894866557134412
-0.921809800049377
-0.224200374807538
0.482402882943327
0.451408276590671
0.902982643912878
0.65669486700801
0.681930671583009
-0.848442095108935
0.066367552109635
-0.0268748102008106
0.205117561196959
-0.673431994968059
-0.405986223828436
-0.237007999794579
0.76668548014291
0.630579855386708
0.206197276427917
-0.266501062840511
-0.987056449033544
0.904191723008826
0.928426962504274
-0.550873221062287
-0.319202744272677
-0.00377404494286478
0.0919501381064508
-0.112264686552675
-0.808709870591155
-0.614619269320949
-0.0079258504572053
-0.510935982969375
0.2483507325499
-0.143703462446897
-0.129001968994268
-0.304740846115587
0.16114964728314
0.851617309593805
-0.0123478536770429
0.12150620851169
0.0522462047980074
-0.569198213839422
0.670928946170112
-0.361907859265772
0.300234722401159
-0.0425067785821884
0.698020834254793
0.130446526014916
0.971046833850139
-0.195188221791913
0.58593192360985
0.109465042894298
0.412836907066539
0.900270323532914
0.183622891019779
-0.35639901648824
0.833187321722007
-0.00410101701287147
-0.961187500323233
-0.582415423939802
-0.491127477025678
0.424912890239605
-0.289327108712911
-0.931621729089998
0.420268044926442
-0.993041752389811
-0.404710279529992
0.858876502779279
-0.605491943384821
0.494160564175563
-0.721874871994036
0.118736784464742
0.0329331405351182
-0.194300733248678
-0.801409228229188
0.383443119916017
0.238735684109984
-0.960723299424986
-0.166976222203122
-0.84435638360455
-0.165502670371769
-0.859642850765357
0.15734614594338
0.813980561689595
-0.272125295531292
-0.627349934500995
0.718740039367855
0.904346238270117
-0.341795854821276
-0.169349165592328
0.800458498305629
0.39273648945752
0.858523181857951
-0.785985311399356
-0.484705892463396
-0.306493996065701
0.334682502620345
0.779165170708369
0.855908456628369
-0.916489712262658
0.26181113424562
0.392693960341155
0.22108708185827
0.208025146536409
-0.645506197271701
0.775285098011797
-0.984190517332072
-0.333162899869087
-0.0530067307966814
-0.340858130538658
-0.859696655064685
0.225781222603124
-0.245921249988506
0.778234495341477
0.649409623508249
-0.809082639828928
-0.208555632023221
0.881809699793002
0.918533012154803
-0.808049555470669
0.468044146288519
0.473740205777576
-0.73513800931298
0.66496268229774
0.800089541245077
-0.300391320752622
0.187886298423744
-0.897236049951713
-0.128654470240351
-0.295061048496724
0.737422868580533
-0.0244388627922131
0.860030696679828
-0.0274100050184617
-0.336849766557915
0.22088170230198
-0.0483713948763021
0.757523465666614
-0.980920465591981
-0.132640093295164
0.183351708734589
0.333116008153343
-0.318882738369762
-0.776938221065088
-0.566076315581103
-0.600235074559401
-0.476699487865245
-0.510257166905039
0.80315252214893
0.858005940769145
0.155851698159012
0.64977800498627
-0.304638595399844
0.0989653254084428
0.136757133215548
-0.534192019221841
0.137188884814204
0.488746170380633
0.716618261776084
-0.671458057851621
0.908546547220713
0.831377414102457
-0.46121192359695
-0.120166062508071
0.268587863985296
-0.74773795312269
0.242555691059072
0.293673495189855
0.664039997061204
0.444658903966841
0.456036036504989
-0.198836666632713
-0.51925306671836
0.436633022350988
0.411731567675897
0.506797703836861
0.929179049624188
0.286784995500898
-0.334810863999245
-0.865029917614111
0.130092189831022
0.429397581331737
0.273327830096395
0.464274612199711
-0.33790108128613
-0.273791331057271
-0.415039276796524
0.291232818742699
-0.862626068686701
-0.706718194095485
-0.747926361101089
0.614783928578362
0.357774666002846
0.361889012289231
-0.139007499644766
0.531327138859815
-0.961640181972078
0.450882043571204
0.623736871420496
0.211105692628448
-0.68805753668533
-0.0575356526135595
-0.27279545531635
0.069047397678054
-0.546404977212634
0.114335870590767
-0.776682997359565
