0.227050910483033
0.5175706649524
0.34808646234348
0.885298364008323
0.0563357435777526
-0.952870677890317
0.83558648817531
0.676787672095558
0.888573920854495
-0.170207054443351
-0.79745418652539
0.11058929889962
-0.727868089067634
-0.654244988336133
0.530173405115284
-0.133858558847553
0.00858457652497401
-0.673947031557283
0.525894743586392
-0.0379444829157632
-0.259404729183032
0.913387282262408
-0.0236305882727878
0.972716790048485
0.489871088357277
0.229132268439586
-0.504605228679191
-0.757185382552373
0.377898943252121
0.275646794198915
0.473374498126228
-0.122578770870161
-0.164041383331539
0.575710746506767
-0.129152303024597
-0.356858991630529
-0.0521492635367041
0.281583349903887
0.582134383641669
-0.335240662307148
0.0476608795342033
0.874075902744509
0.354526263613748
-0.0680198011993272
0.497124840996892
-0.266970397950774
-0.988414545486937
-0.590749740118002
0.822353562148565
-0.275180091623154
0.833489536188975
0.726611694669124
-0.930625342512194
0.396989325665442
0.485520056587078
0.515097791430848
-0.636127860000986
-0.0289369188079376
0.43024430590137
-0.137920233819585
0.199677063249169
-0.583528571493191
0.836198579646059
0.760910929769073
-0.0934750940055838
0.443124940898477
0.0206151418251607
0.878198583811614
0.0281243376093328
-0.269387047058076
0.21039212340192
0.609524386709114
0.550295187673163
0.059589443985623
-0.521170987369719
-0.89030614869063
0.435230927183978
0.469315647996412
-0.898089605279873
0.888042733281842
0.527838868479915
-0.261547375153134
-1.03914880051472
0.743280103759811
-0.10751909927532
0.124487128537619
-0.109108589301864
-0.628111297590744
-0.61037773937463
-0.933131210659948
1.00320708818334
0.701470057862644
-0.706995433593547
0.363262807294458
0.46779579924614
0.605291177172969
-0.874275897021783
0.866740386421544
0.864117355073997
0.331924751481444
0.489914115735802
0.403558203190781
0.380960133576272
0.375716630582831
0.928490515253511
0.530060793555121
0.791601222306327
-0.93870555566367
-0.00201587121028032
0.421240394015427
-0.840422860726226
0.603829657524184
-0.0852507748014658
0.865810408952236
0.874251380863545
0.316354220186213
0.386157610472171
-0.671602683167868
0.173581437804809
0.0325208297355766
-0.352949008984244
0.32550802733849
0.868442376772537
-0.175278817346351
-0.59631622327246
0.920620081002689
-0.0428432969845867
-0.834989313329324
