-0.709305821508064
0.896877438556552
0.126351761918833
-0.203721691768126
-0.640038504866132
0.468118104229242
0.936530275573528
0.846448648432549
-0.912274695754878
-0.845184225954876
-0.368113931264288
-0.909007900454859
-0.535553208068463
0.135508841096447
0.442442515889617
-0.567668274617311
-0.382783646998566
0.254242600697849
-0.465654966488561
0.340300184644282
-0.225652080213806
0.297336655610328
0.517854859599063
-0.766583317456432
0.522814718154264
-0.297988522572323
-0.135312774406448
-0.522610185666185
-0.392073516948947
0.57983758097535
-0.3726722695513
0.353342120272031
0.0452452110417724
-0.327892045216195
-0.0131158128741046
0.480768969248801
0.733950115577281
0.881252036587279
0.898365627249526
-0.691761831657153
0.586773123208329
0.988087780128923
0.773848726585423
-0.281005918448277
-0.871440443861917
-0.465807284067451
-0.338218952450117
-0.0101665355367679
-0.298172825701689
0.994237825689623
0.576168885514555
0.576525889519717
-0.114267011676569
0.699879934455463
-0.391070890350837
0.770051266737724
0.186447971402715
0.50361050905562
-0.780999986024795
0.926739386005268
-0.0243123340482987
-0.573558158386245
-0.757301939310773
-0.0308164846085846
-0.910208522416412
0.511374280028192
0.84518735708369
0.367516646414201
0.591952261972676
-0.680625963955735
0.223991921560864
-0.497361974132617
-0.706097980847158
0.779870357278449
-0.181414243251129
-0.938371541686428
-0.842102252049606
0.0800156095972084
0.502662112659423
-0.363532036160462
0.920262735143145
0.383952267635301
0.511408132677215
0.433566877584609
-0.281850878313079
-0.283954333951493
0.706659874371147
-0.1934099226107
-0.195244235031121
-0.447215023477265
0.175815434927439
0.210413229897443
-0.687999348973807
-0.656883785793947
0.850086611134307
0.759995976669146
-0.564314987271611
-0.844366512146002
-0.564478524534917
-0.201322017032297
0.658040797666627
0.464797562335416
0.782109088966226
-0.849092590793422
0.57461866491566
0.654172457507185
0.00561258048144167
-0.338692909499746
0.823430553901458
-0.918698907182752
0.297470440629942
-0.29218576565663
0.452524878208506
0.836058964510389
-0.884858778692399
-0.730593120579472
0.422192571313854
-0.0178894972212212
-0.271952054874174
-0.828189024726645
-0.720436208282178
0.551322938018538
-0.568132741760813
-0.606902572827722
-0.554217562380079
-0.0150471428316842
-0.116159656210757
0.554896300029118
