0.27381839898671
-0.0315915689985854
-0.480947496751923
0.326306855553029
0.819278762020007
-0.907017330935166
0.25703014136052
0.28401301452305
-0.647660281061522
0.529186629844159
-0.493539945175427
-0.982416299188729
-0.64082278263697
-0.84853573196171
0.209321805900303
-0.128377636116132
-0.508785526002337
-0.693963658916618
-0.431377220267818
0.32434903676915
-0.83370439500606
-0.861184911742682
0.569546717832344
0.235007410991891
-0.208301942842906
0.216331953497135
-0.467277576340121
-0.928423766263145
0.995195013490579
-0.77042417454928
0.34476664343076
-0.547259326170209
-0.41450653172318
0.734324015907062
0.14471923951625
-0.316472959189457
-0.22270775329184
0.116268899111383
0.602899188857229
-0.400627910039346
0.156491352546182
0.93798537506489
0.836565334960981
0.122728100611648
0.391883839683858
0.911646597445994
-0.266423325497866
0.0167423019651725
0.183016465568786
0.686736755195943
-0.779377175831285
-0.175322128528879
-0.894729982866316
-0.515299505235623
0.718427429851633
-0.303723252771112
0.508758491446956
-0.464215840116955
-0.401676621707665
-0.526128691652557
0.258038840612592
-0.797465311130396
0.918092334231111
-0.839791267224392
-0.736870175141754
-0.988200891890455
0.683321804734444
0.775161646832531
-0.0591628470866092
-0.0952756476548281
-0.656302951072229
-0.153269995839977
-0.100794746216257
-0.328581517687084
0.636439127820437
-0.864544910113981
-0.339670130435393
-0.586930987311768
-0.15773271349839
-0.198274763296447
0.946423511594018
0.0797798976326233
-0.482686605969576
-0.761052015329574
0.512900118752678
-0.150250509813674
-0.305955423835128
-0.438357876988701
-0.843700566166001
-0.613759791617929
-0.734963956819334
-0.556984783413208
-0.127254846848624
-0.807575205126017
-0.83713824825482
0.886339155836885
0.620366276833537
-0.101636238567499
-0.72543779653025
0.0916348128687175
-0.712862357847863
-0.435804033451862
-0.181211603137418
0.767459387173587
0.453280153851384
0.770041227417961
0.269076679228947
0.700411761883026
0.890736256930052
-0.0561935641647031
0.903318752523898
-0.0875796677762232
-0.760530816996865
0.874999173833132
-0.492864358699411
-0.452699812977215
-0.0352555318358694
0.114158060333103
0.303238950359662
0.561544428594492
-0.383828656457032
0.822166894071019
0.143945175151266
0.797182215955562
0.8120365591776
-0.234406178277288
-0.246588201456727
0.0690478166741616
