-0.945328001495438
0.123619989002966
-0.685962781371912
0.418118338843344
0.473718823888295
-0.771873319454366
0.360577745025061
-0.852783055947498
0.346997896276625
0.914759584912261
0.0108305789814667
-0.721906540440158
-0.0865206864832539
0.57726829062659
-0.892677130289504
0.780621786436626
-0.633905177189114
0.266807039288398
0.539358997537396
-0.229056891056529
-0.366691485441692
-0.294306084074239
-0.0691493287978412
0.932527861588904
0.0904026966073449
0.369751651541188
-0.782072363736567
0.801789307239975
0.716628825669443
0.717642590329476
-0.646932944329206
0.855217363002226
-0.39133574900384
0.887857324780229
-0.164154726024869
0.363431291662961
0.574175626708285
0.262941603314098
0.735546622117346
0.707115706833281
0.393793057368758
0.0830650483557054
-0.607641443581046
-0.620010421697142
-0.162940879843926
0.149996338905586
-0.534147901453506
0.710592023995819
-0.926737289109963
-0.92611152105545
-0.801164227044799
0.090961700566841
0.112717715521509
-0.322481936360251
-0.997593631780805
0.531722617896562
-0.60952687013628
-0.199342799443592
-0.184094771622555
0.666169843771085
-0.620945039836409
0.0589646019616664
0.965275419685184
-0.549122212295484
0.828705232652937
-0.709941629119408
-0.204368227202082
-0.384971633523956
0.283600654890242
0.716633379053955
-0.418785287713875
-0.458838031888172
0.672101454947527
-0.331488856574506
0.511350592294504
0.556377280543566
-0.99454531139863
-0.506124770247616
-0.165136140082563
-0.578568631884852
0.515923734278132
0.977086129957299
-0.480611920146328
0.668823091090291
0.614842330357486
-0.557853818341913
0.782698799807121
0.715761790518412
-0.889948168881497
-0.933920153024838
-0.780271779771504
0.965786295430419
0.7894514009897
-0.686876046181368
-0.822750189996753
0.0557600852799663
0.85979635963943
-0.907434175561971
-0.200565044465196
0.0766710111114175
-0.408012032409871
0.975524642867681
-0.730405869226306
0.954219512598694
0.222080351187239
-0.51159247399782
0.157825603285495
-0.885674854303931
-0.435023891438307
0.118365549833684
0.830663524797973
0.0282219383884694
-0.668356519853389
-0.818055540176371
0.24435679683834
0.279944805588849
0.39780162976307
0.0435944319171336
0.647111993269941
-0.417627891443761
0.181025808797554
-0.542283362200801
-0.509091804179394
0.559563753502221
0.966082111611617
-0.921643697750413
-0.323598522244356
0.984761818625854
