0.801852078970426
0.0621744048124237
-0.302042632064777
-0.639365610727617
-0.246059564445921
-0.760807351165708
0.380706578753733
0.717297816909738
0.889219284846955
0.701462999443009
0.431131957418643
-0.336321044090916
-0.461739777144394
0.930373437022251
0.517064868622402
0.0746850801010934
0.0375613123303634
-0.891116531035367
0.521423710172403
0.788046417756306
0.53579926458595
0.758495520090268
0.946051952900335
0.442896540930634
0.124958599489001
0.426821756350488
0.397150003066415
0.0337296761393741
0.639348159143556
0.344423284306679
0.436543802368152
-0.224084201554618
-0.943633360019517
0.895675331102033
-0.0770963635194723
0.495074245001262
-0.0538724061873386
-0.590736465640869
-0.484558472308457
0.0675925468328818
-0.6741720995872
-0.961283839420255
-0.0781747817625951
0.308807285245607
-0.448072314938923
-0.267766028352875
0.536400424503623
0.434243620483415
-0.0297186684905277
0.307663349430844
0.133792067247583
0.146018095832384
-0.00985062486439236
0.617059751609644
-0.400734483477962
0.00478847783112121
-0.411775941420367
-0.878265417315559
-0.159728684052561
0.776028392508038
0.803797574435336
0.613056935765841
-0.165454236530896
0.271161837770808
0.309197812227747
0.46104001058623
0.645180310096833
-0.941785069606685
-0.103182774290791
0.960674535194201
-0.789529626446532
-0.252241440740919
-0.0662928459245159
-0.660552050453437
-0.726128260568873
0.0328220277501494
0.503054726557925
0.446558718178567
-0.797724652628173
-0.277533613159026
0.801906760002537
0.0976435532395933
-0.698656960097398
-0.670963162181479
-0.429630470796485
0.486921557984956
-0.819693218847301
-0.698984525110735
-0.391909705202982
-0.556629492155874
0.808838611350515
-0.260503679156304
0.913133802887107
-0.239074492386551
0.302903792462139
-0.741610688136533
-0.394129681129887
-0.916557639406877
-0.994525170064649
0.13162679424473
-0.250232522409322
0.369721959323525
-0.209089926305541
-0.352314181838933
0.478623960481533
-0.657670401285775
0.289578197273871
0.232305964948279
0.256598852455096
-0.790587555848825
0.777453198480261
-0.0837777030073074
0.0227583995242401
-0.624125375066617
-0.457425744330269
-0.968792385537504
0.29759136022893
0.773853621524426
0.390245816308355
-0.480684388832142
0.527064458366576
0.713588397277407
-0.853652807803373
-0.0396478222511918
0.757969357590597
0.950769658426404
0.614503430415028
0.629318000041748
