0.316457717029769
0.86081273775141
-0.537605747926453
0.000660709248490657
-0.618831780850583
0.903110923634006
0.827089671050622
0.569903268283683
-0.664556797737258
-0.271285692696808
-0.364364829121834
-0.860365575822262
0.716196329147433
-0.526826495882842
-0.576311143459007
0.585370295874974
-0.708544452978238
-0.125046612019374
0.137586065336844
0.089381162444057
0.630629959947501
-0.0917998318033446
-0.227287851391669
0.967542404845397
-0.539720845901381
0.89321758067373
-0.128524081157745
0.283471481894848
0.312382392865312
0.770323531904059
-0.094596624072421
-0.157707149252832
-0.45805147680177
0.477597872214976
0.320718727495951
0.699077867190609
0.0927780943289682
-0.374590185959329
0.652840318291589
0.743931537937549
-0.363781162378109
0.210688004262013
0.935563458979018
0.852955736613194
-0.5905134443917
0.569908060389847
-0.546032483777796
0.430288841603733
0.213172475840382
0.87544135069311
-0.0228840116429431
0.22936378245262
-0.858439375337284
-0.50005079985714
-0.94033549990216
0.583414977703072
-0.493621416657866
0.25611119710937
0.213555113231249
0.131134732439126
-0.472354747397069
0.950048587045963
0.954779238470098
-0.27165018234938
-0.884111644864137
0.104164199203762
0.834899920716658
0.43194821622927
0.0130126714930636
0.804137680598629
0.533044522949144
-0.0418146189495611
0.249582793917584
-0.157675790254183
0.115153636343025
0.807926667716119
0.40704910979347
-0.426978102710285
-0.930410414926725
-0.794288270823562
-0.578518532021009
0.221344578613372
0.66869536879375
0.834801462053321
0.91783763590748
-0.523134857224564
0.50019584652655
-0.0308929062945205
-0.242101200922932
0.846456187589593
-0.58039842111323
-0.388368582870757
0.664432387744851
0.794347771953903
0.866900576923998
0.726041987640471
-1.0043264634298
-0.636262361279089
-0.245196927285984
-0.358450055773219
0.677101542301616
-0.333194430744507
-0.151840181351079
0.159694840416249
0.526415896341749
-0.0726059836962995
-0.287122560759229
0.457687021660925
-0.553362220432104
-0.735071180384537
0.956721079972816
0.19288117187064
0.827645980808765
-0.388111785232686
-0.420323409933981
-0.607556057087509
0.428429359837146
-0.73834386281807
-0.0359617621409861
0.545430331928369
-0.0395959193711373
-0.527546524323477
0.567064352758658
0.750945981129289
-0.920354213742539
0.0362255974060637
-0.936493541387952
0.0677864346962791
