0.279538950749334
0.781605882175637
-0.649704302900223
-0.727353354704126
0.95324215538831
0.884095921269949
-0.176891147447061
-0.936989917233569
-0.728402038664997
0.126694073161526
0.922133629210903
0.392255146767027
-0.77740105480727
-0.371079743714219
-0.450708413674099
-0.461430808177165
0.954256779733526
0.144275275194292
-0.348617391018808
-0.0341910829473331
-0.98376130600268
0.0900825953509087
0.443329012261832
-0.0491657243354053
0.754933072309662
-0.612146830640271
0.998754998628154
0.170320907352637
-0.539509494845017
-0.00848982788667134
0.418089378281599
0.602010719035056
-0.0470598250797569
0.913190823446852
0.912169883783978
0.0470736376670698
-0.927671807506424
-0.451145876022655
-0.553526464495568
-0.639191193089988
-0.31459277877025
0.0245819999885777
-0.104297181505781
-0.121365692138729
-0.36052870155326
-0.563672693873794
-0.537623061154551
-0.436191342618623
0.681228113035018
-0.78623891667857
0.161220340772599
-0.41266537857454
-0.652171668830133
0.00382511838743448
0.0742670865486164
-0.296578702637428
0.0284113056347876
-0.0807953810829298
-0.900320993149114
-0.0841448994415098
-0.352309912114532
0.922926841380081
0.268829498275092
-0.830359429079205
0.392032376282885
0.681539978446592
0.161969070908287
0.6816722029732
0.441035227097893
-0.389461860643332
-0.134941513318917
-0.071156906892017
-0.955520536971342
-0.468767041089734
-0.974958260859901
0.729191595702302
0.968380279430615
0.387739519522965
-0.273412746075886
0.646580737553012
0.130886121045859
0.0898522194848967
-0.428877124691667
-0.758207062348502
-0.775319672311483
0.642092089199474
0.0889550146548575
0.219981353669314
0.760889885959803
-0.837015794668883
0.0693734631753579
-0.340771075920655
0.467840429454127
0.420356220946144
0.050417149487616
0.342273599843717
-0.165651463805313
0.0555302219154928
-0.372883686485757
-0.389189852031171
0.36017352836828
0.961835876740712
-0.475908232342546
0.153049675704821
-0.208629893640914
-0.044136063688496
-0.104024173398301
-0.766144666715257
-0.952600357502552
-0.188004073683831
0.906190426108174
-0.84478935134341
-0.311352003986594
0.896599535970811
-0.356006754441675
-0.0966662834657629
-0.468712288301061
0.180820633585604
-0.459710184219572
-0.886885750197134
0.166537655874448
0.7819213444901
0.592657514628744
-0.284268046579957
-0.767631368901884
0.450199433147057
0.852587955814975
-0.701692599930061
