0.905557145738449
0.751192183836265
0.591835851531032
0.651464267211536
0.0573333855194563
0.0888156246063474
-0.640797722868084
-0.370525777565291
0.108401700598959
-0.92559797641781
-0.362910977836882
-0.599439956921275
0.594054420235697
0.0938282516387013
0.61337034262748
-0.48918488185952
-0.735434111143628
0.619154085590157
0.636109799966532
-0.208163610058208
0.9373789984729
-0.940257718849286
-0.512051029402672
0.0281818806682447
0.716070478850925
0.438269113090167
0.149536346534877
-0.615436287153381
-0.79885838042985
-0.513180488767758
0.70338666714818
0.708361116561247
-0.593759840824614
-0.0264125851307133
-0.387499599881667
-0.235803262943555
0.348227069742663
0.231831095552754
0.243048400759368
0.603826047637884
-0.352731220680842
-0.165735199007055
0.117157856069073
0.527177824935521
0.0519303810562612
0.669063510988535
-0.880467887481081
-0.980688966695995
-0.54032887214157
0.929198212878687
-0.0182974499315516
0.841960638609719
0.920483903173378
0.762831733620717
-0.957559015376027
0.0333575695786126
-0.677534786259437
-0.298816956833203
0.7072767410568
0.783713687069499
-0.968113745049022
-0.0281983781622352
0.611296308218932
0.659383008720225
-0.509267706220916
0.200021260595275
-0.38416851537349
0.446524957669054
-0.756953761643626
-0.062878953834405
-0.121188338676228
-0.0986172128385512
0.569001845614074
0.973081166745468
0.332555117732593
-0.478650589613612
0.0974978103856269
0.69703494269052
-0.991255185020751
-0.483068522563344
0.779095870343712
0.345440479783539
0.85807503555714
0.799168844829983
0.174020191610353
0.237477608563637
-0.683112564021464
-0.517830176924172
0.877118919250222
-0.730925786508389
-0.192063732584731
-0.555319958921243
0.573044232035891
-0.80129464239704
-0.0272732638900346
-0.67401515246594
-0.577661718356646
-0.750256982216204
-0.969430214885302
-0.954790802417853
-0.0318602027633397
-0.806160788762448
-0.388481266390759
0.443114929169378
-0.651755270144825
0.240497335165817
0.525537256296962
-0.496007521390447
0.694009739805323
0.800025994882294
-0.355185113671391
-0.609578198199465
0.138001480933635
-0.577286104237309
-0.629717281631652
-0.147154623924197
-0.660237816707637
-0.87516665158063
-0.866158088764822
-0.118454636863744
-0.291918400983683
-0.250415637764492
-0.147446259490883
0.389697064882768
0.340333108904843
-0.523595669494371
0.927240369690907
0.673368205745741
