0.320765755569262
-0.385489788919229
0.6851216121968
-0.0596197319733124
0.691974756235718
-0.573674653251775
-0.728445812167393
-0.671941261430382
0.554547072102755
0.713148911269326
-1.01193282092106
0.786641936138593
-0.284478216626533
-0.34932100722708
-0.659577319828315
-0.587674605954015
-0.861756360569139
-0.822506353766901
-0.562296710893148
-0.280714226888158
-0.745602185310522
0.0532046757819614
-0.779371406233576
-0.173929439803416
-0.164689272548311
-0.894241199402852
-0.040634745376582
-0.741283288249951
-0.77358385889371
0.56225817408597
0.730615894293106
-0.60344660366896
-0.843813869273641
0.114664770193417
0.401086516138515
-0.594313070542987
0.995145254012529
-0.0517980827759888
0.354703684904307
-0.555874092681481
0.947798460213154
0.474870071527387
-0.39195636232393
-0.24738257628154
-0.639101564783608
0.115724901892264
0.35487071822935
0.79564462775227
-0.0759690118753962
0.858235921242797
0.350945325399467
-0.358103830806738
-0.998581730768771
-0.811089886500784
-0.804945972965896
0.41281368666648
0.295659033404847
-0.998802890524805
0.193078881663546
-0.798344745345118
-0.327474057275157
0.464117549532438
0.428233330631336
-0.129709667381307
0.749212296978922
0.954972710464133
0.411116288249262
-0.823798382040152
-0.657763703447873
0.132096417998016
-0.51057551779658
-0.166348715366786
-0.423889711167278
-0.641822802981181
-0.484915344810269
0.675783909210308
-0.744070262347734
-0.144196782361698
0.360142375440227
-0.792252097928978
0.139686238881861
-0.61663801389661
-0.323228241979883
0.373955510759801
-0.444210388162801
-0.113500315255108
0.950975648741855
0.809394067821852
0.383345647509308
-0.0999856728956383
-0.265162566938887
0.847042824155179
-0.367416201847521
-0.387541436974189
-0.396951115666471
0.59485128956639
-0.416109941715147
0.222469394616954
0.814250273589219
0.201941667383818
0.285985109054603
0.893385083421517
0.965723921171755
-0.633356607470639
-0.674618084258082
0.214518796091205
-0.0489785840806136
0.559688656444582
-0.322083354829228
-0.703446496963828
0.258959208385828
-0.396399771503848
-0.187522681355121
-0.288536678469086
-0.104523265108399
-0.182975240621471
-0.380406244421265
-0.0847621548313605
-0.403004092785814
0.223362452494999
-0.516881754401034
0.493202044489089
0.728114990633803
-0.362557587674714
-0.552020339183085
-0.433381996764617
0.984843274166372
-0.559537848289807
