-0.623068408352919
0.247197804450727
-0.337870764408285
-0.0932309288348665
-0.631066873366111
0.541365742607148
-0.722101940410445
0.393562911959467
-0.162850828338833
-0.376146964007686
-0.381005996015546
-0.440276170701848
0.744107434146031
0.697295779753705
0.700059772324261
0.409744980788624
-0.439370171753525
0.112991117930686
-0.402876566617648
-0.714340296236466
-0.140455124357799
-0.0964598406129957
0.753790453700588
0.0147924317658224
0.188257491321079
-0.740128254614706
-0.637772387969795
-0.962729307147703
-0.094574877620417
-0.467736013007169
-0.736909114850177
0.609013513353495
0.150355152093503
-0.813211401156165
0.0057679834937368
-0.00281942141884649
-0.502407610190867
0.774124970993858
0.753792267968949
-0.749437194280133
-0.933929182748842
-0.697587198932476
0.356113825694172
0.389488376182835
0.914522740980838
-0.626557689151182
0.891131886200708
-0.65796926726126
0.71532751934582
0.333422950019752
0.670276104842931
0.105724968163077
-0.416756572081398
-0.768048869190431
-0.000648310636972153
-0.740082453462338
0.246631246762262
-0.736329120295065
0.554266112502239
0.37612718324862
-0.239290254635017
-0.105421323134622
0.990610878998116
-0.511131639994804
-0.478108650120879
-0.579509686409878
-0.262465422712655
-0.164396314914925
0.458536720375749
-0.19102945049769
0.00872429481081823
0.38708963525969
-0.929157532573573
0.477352032649845
-0.393239526462691
-0.793126792901406
-0.860029350198495
0.68279212111841
0.950097422183964
-0.875662873010177
0.61970221885002
-0.368683890642679
-0.372288874889753
0.832643335378526
-0.581337391858094
-0.0192094902473442
0.541130234811296
-0.885077487531193
0.867825719303637
-0.549109084546952
-0.552688496859366
0.125947328241695
0.442404942932022
-0.583707708979072
0.154777669181876
0.873904963985403
0.804926369476087
-0.925389004898542
0.046815684730076
-0.589996340819423
0.0135626371466797
0.0452993925526331
-0.368390754801683
-0.00618277543734956
-0.316837118785767
0.0864159641270437
0.620373000510289
-0.927993373596713
0.317566892051161
0.23823779884651
0.454553171875336
-0.325811942722589
-1.0095118402534
-0.674800182787077
-0.200110447198471
0.126833100410159
-0.458509816428993
0.330447309886856
0.845671507550363
-0.229872776313502
0.42533845527482
-0.338375511892398
0.434233915004737
-0.29140335068962
0.0187703002813374
0.108802698101357
-0.517193290036705
-0.259224508798431
-0.236727055129513
-0.888070754491371
-0.0989891461668272
0.148767915959547
0.0847110193540085
0.534708718579101
0.253769030937936
-0.607582478838421
-0.859050578530109
-0.827157068738837
-0.335875327040292
0.102480792571123
-0.270799440850722
0.414201798939033
0.274512008671581
0.365999691118852
0.822777516849198
-0.671040095756425
0.838652515493871
-0.855555757928906
0.823346536524032
0.576681178503135
-0.0236474953865002
0.863424952254296
0.351329574450673
-0.253854822564999
0.911396475532849
0.613498277094683
0.519589839647742
-0.139654337146883
-0.103327367130206
-0.464749264567712
-0.566920726132536
-0.22005689246423
-0.782025886085645
0.721206746541017
-0.0966745027149266
-0.0537395717564839
0.201477811488
0.0600056925691965
0.0195779659341659
0.596577522241147
-0.204561865601773
0.801864797173583
-0.726368174609564
0.299719298001397
-0.763447157230264
0.454276450831808
-0.122621126913023
-0.22985731509027
-0.525431724156996
-0.736654407059246
0.0715966180480872
0.28006848264005
-0.405859757601128
0.334860822438798
0.311369392435001
0.822964433540544
0.439356053997144
-0.572273423759568
-0.979773330006394
0.935774682836975
0.359033479626952
0.0279774607306964
-0.238785364942853
-0.827739599381156
0.270166587478472
0.75396266930955
-0.489805497257693
-0.33233632002382
-0.0415912796546241
-0.260301756949227
0.783984609546696
0.829125468497974
0.101729233512925
0.677582724282581
-0.207129175848693
-0.318852854347191
0.61699256192958
-0.967926160614073
-0.195981749348868
0.616186007417996
0.556339239118437
-0.480807374086496
-0.0923065465613915
0.974974246121725
-0.758554946785267
-0.990539599352693
0.0381188481293572
-0.365090465723778
-0.186014652069166
-0.657435194748194
0.636322673822457
0.464054197124393
0.259593260816358
-0.374671199488415
0.744212473983621
-0.839940875664417
0.78656058548171
-0.707624881534498
-0.0235887245663892
-0.809928055044466
0.944940121284604
-0.297556336890916
0.325273409831137
0.905236830670907
-0.408811402876387
0.701378267959512
-0.654087609163452
-0.13979336148137
-0.939382200461099
0.425078726205641
0.202559216048021
-0.80693725112355
0.826100194156177
-0.564368229695381
-0.273089013589023
-0.657271871263453
-0.361266364286585
-0.611952335748382
-0.784313617261016
-0.283045255629163
0.847179298935333
-0.709023028372407
0.830138241072989
0.797807979325079
0.151783195930504
-0.40100663685343
