0.787421432879624
0.888263371961531
-0.941318282767112
0.0923108987572556
0.742302817847227
0.463583252099935
0.164360315462047
-0.768493053832005
-0.173847209197874
0.334771963511559
0.375416781978444
-0.173808774808092
0.608894482276227
-0.757242012437056
0.146772555042545
-0.885217022354372
0.00712562455589348
-0.513212140018612
-0.0902576642644446
0.0477383215271249
0.789563707311602
-0.396982233564932
-0.298766087749616
-0.648423552716014
0.649336564507038
0.872149430875107
0.847853752569322
0.786094314756394
-0.161883057607846
-0.79221714598714
0.290678639628732
0.693530368278967
-0.3068588659319
-0.727106722675125
0.438345231531989
-0.87105069820185
-0.28021604535466
0.995741936889269
-0.8330225581352
-0.268158796002229
-0.458863136601722
-0.37178772076233
-0.349820875237913
-0.718523429104122
0.246733914425255
-0.576337139412249
0.468115192178369
0.457136297303645
0.671965291493873
-0.817834886879762
0.894232175500346
-0.0488249428835657
0.386304305418435
0.0969637527405782
-0.525875159148934
0.748548146615182
-0.994400776132854
0.615760172192329
0.81871329849364
-0.883773748399239
-0.121647209017304
0.665824475571289
-0.656727409849885
0.751257517785664
-0.215112292259377
0.650857797605158
0.246509661322041
0.520432031162399
0.496203229274631
0.445666435182378
0.858202668311441
-0.23630429041636
-0.666011338647259
0.885807951783548
-0.30635295871781
0.567046629329979
-0.534636480728397
-0.865324209010896
-0.00566991532265479
-0.498650252009208
-0.253702252627092
-0.607731533201738
-0.433684731222665
0.851031928861417
-0.956347102605258
-0.923638615336595
0.61628869412845
0.141696645641814
0.610967869431701
-0.284503474463839
0.47670885352012
0.477326198047012
-0.241672630564046
0.466436085435094
0.623217587413409
-0.481652008269438
-0.323565775448211
0.428195535694498
-0.821976152446084
0.549596974209359
0.598717598931338
0.691486511655163
-0.910954477981317
0.642717031884048
-0.166522227782806
-0.421293769090508
-0.324085012237796
0.100154579572982
0.966115793258658
-0.599097774775057
0.131344256738805
-0.67132576794216
-0.0368503851275609
-0.429493833374872
0.710650279437869
0.80319705370001
-0.594285987464928
0.0668813810077953
-0.294051889140966
-0.880977569385996
0.551453972460842
-0.913667544668142
0.89973719314861
-0.792541191909425
-0.191580761753358
0.495503514010485
0.559410907162425
-0.46177801963454
-0.240128705049943
0.071052708583847
0.701888684957162
0.154278587962221
-0.899561898331578
0.686234665422288
-0.602396410597777
0.738290313667038
-0.180553854402507
0.107592614120009
0.301487411784134
-0.692660531179181
0.93934760639064
0.104490539161015
0.85477781284332
0.547524543987615
0.181672233268788
0.582495653297224
-0.813372627173216
-0.632248716915048
-0.785915726876028
-0.378844581257832
0.686826744701921
-0.488655735893088
0.606752045131216
-0.696368109381561
-0.809463471296207
0.128853865004609
-0.213270618382824
-0.217832344178514
-0.10944555713527
-0.872296159794835
-0.299197193791175
-0.752643393195994
0.507449222209447
-0.574193384734369
0.262142340992469
-0.898965865634009
-0.857740979851528
-0.136334324027502
-0.705299672687864
0.659091267716998
-0.779148533541919
0.781185962814181
-0.7847095989347
0.0474590629710593
-0.540022271910777
0.505316492218854
0.20505285568577
0.506436257059314
-0.371683452202676
-0.620772432018389
0.301653054891903
0.736569765023144
0.636535979631426
0.902898777240826
-0.700062180222087
0.670718787197922
-0.407345235888872
0.939914762991162
0.0472195742517575
-0.777612069047312
-0.364958866726719
0.623192114310177
-0.0617232945009764
-0.186565320982166
0.472680712969428
0.703820115464444
0.588904536325163
0.662505501690759
0.527873752517291
-0.644012565215613
-0.198381240224468
-0.0949888802608268
0.12596973405144
0.139723825922809
0.577022703004451
-0.520579095176677
-0.0140047955886049
-0.953500654218873
-0.805078523742848
-0.947752934644495
-0.933323766763367
-0.0241807294108502
0.503806192423697
0.926573208378942
0.970801481730035
0.103381183994325
-0.891303629656324
0.709297157502016
-0.312993484367465
-0.980916968045349
-0.945416523504227
0.151987449174606
0.178556110559227
-0.634474118887328
-0.925102841180536
-0.540302752641479
-0.447313554273842
-0.878024462268706
0.0996187512113682
-0.855499920548564
0.446949259262545
0.193104501244315
-0.248260686373832
0.584528669447723
-0.76040443652263
0.0734773068485373
0.841811972027295
0.721150618956458
-0.90747169794042
-0.529924226815025
-0.232004750831226
-0.121864141027654
0.272171341213208
-0.948712403260582
-0.311851250134391
0.230429640071495
0.517906909298862
0.501628320097348
0.572575058762831
-0.645060988258759
0.376466752289643
0.524673624792463
-0.642305123534565
-0.0284502071686149
0.601013866489848
0.701399602033885
