0.19065232487367
-0.487909160255709
0.39339761730994
0.440463850990173
0.144366179863915
0.803921711925102
-0.375312106930202
-0.360100374211388
0.815915046073817
0.940366631028435
-0.701706193650962
-0.49423485127974
-0.980200278772493
-0.198702234956009
0.430015387862274
-0.268691887749983
0.845715086593034
-0.459123866129044
-0.378755425507526
0.0253048957746597
0.346207236729046
0.943354194995445
0.236272246826203
0.0932822160295831
-0.459739909244377
0.415418908267729
-0.32304027534604
-0.0220172993570279
0.914421738227389
0.662439718656856
-0.0706471597907476
-0.740022552791869
0.317208443808133
0.164493651490361
0.979517746991558
-0.146305918516385
0.122991948443166
-0.791950824846167
0.563967516284433
-0.461124889265912
-0.226028628018675
0.402416315821654
0.411314825657867
0.95123338541364
-0.244318831232933
0.161100558228408
0.973107936892487
-0.121207418139163
-0.770248497348978
0.676483594778184
0.498294379314802
0.219163220559959
-0.323792797631658
-0.599591409511529
-0.634223178604306
0.2712886713621
0.38111151123192
0.760132206911942
-0.762226766183315
-0.626660256306172
0.654055744229546
-0.50281266589699
0.708536059169192
0.0160616430967935
-0.81452998048464
0.235405611763829
-0.620187489911102
-0.98607864489844
0.990012325367899
0.0703758276862678
-0.732566922232519
0.338617799563187
-0.0190688077598747
-0.196797230456776
0.378186889425285
-0.692407033561916
-0.579366872056709
0.232977236349293
-0.922028650574027
0.580733911602762
-0.888860534764049
-0.2855400846661
-0.362114571584713
0.216018883928075
0.169538699333043
0.353877631320575
-0.208711369113208
0.98529463197506
-0.710129317979014
-0.50015763650392
0.859098724316221
0.258946304261739
0.534865273584696
0.922269560319892
-0.19104682267681
-0.73594897850147
0.0224507335828638
-0.869628723486833
-0.52212931328331
-0.613134291398701
-0.817616454202047
0.0868725705168567
0.225099037449376
0.0410038541227869
0.240789058267282
-0.150849049367817
0.585382020388856
-0.159909579802675
-0.171823144448357
-0.504342557405037
0.677127119130034
-0.58649614959639
0.233885254994008
-0.304640589899944
-0.216081130189794
0.667883753790084
-0.085567880024578
-0.594376613742484
0.335956849061396
0.661072400456271
0.264696125851385
-0.884254100896262
0.120111983298982
-0.190403218832671
-0.448587526766404
0.252449044226684
0.845960158645881
0.0181629264301817
0.801314902478772
0.630550264898819
0.830440470359683
-0.489398615615781
0.764343598263592
-0.674913997987251
0.532574806141322
0.130684853186962
-0.954110588793081
0.266199251139794
-0.968420513775398
0.0115848313964436
-0.386916567596604
-0.514119707154728
0.636063572791338
0.341819527091893
0.199359460262781
0.320565139568392
-0.377188584011604
0.629474604644496
0.469413957156653
0.666879799270161
-0.31015752962523
-0.914080846103008
0.693695529672386
0.0671490674589509
-0.171543709529807
0.939394753349295
0.301321647143489
0.0153919288112891
-0.77111638153956
-0.609666633024867
-0.534962609342612
-0.802509683152821
0.419312221861726
0.605193186316509
0.298519235057861
-0.832570412615718
0.0166705554466619
0.320740485028919
1.08761255125909
0.218460141232073
0.413776936353579
0.813273961215079
-0.811531677171588
-0.0898543517266089
-0.62875603693126
-0.41941598097687
-0.42964239462881
0.769042271115252
0.297355213352564
-0.231868071277872
-0.28504027313001
0.6203625620901
-0.832880849440144
0.0266795737402948
0.0422383722933645
-0.517913588608711
-0.352614183334954
-0.335045932556133
-0.350687554188405
-0.21663967510739
0.886774964749435
-0.491934043303056
0.326446815218177
-0.299975277087781
-0.559004789392869
-0.310096719854323
-0.616936845659021
-0.641239687847483
-0.0630664223081951
0.307497211173607
-0.502850598743318
0.78561408549232
0.737549888156171
-0.517470987168705
0.428533604530073
0.811876119560177
0.353775176201289
0.498819300794871
-0.532179157202057
0.469896239965443
-0.179292863853585
0.785323789474083
-0.919585911535292
-0.701483704031374
0.0826351025749549
0.955428576672339
-0.161307072441195
-0.179719407448994
-0.719530577495834
0.0557655935002795
-0.405715028036079
-0.660740571657976
0.0870193241976798
-0.0473993965524966
-0.646895758401829
-0.722872703638985
0.725234306637506
-0.380710147603722
0.206290181939019
0.159497690416334
0.885340224037204
-0.0513033440712383
0.611052888239805
0.986566541425063
-0.308380573564997
0.0637385048426397
0.76533668873194
0.585564912032813
-0.281089004918468
-0.0295939656886071
-0.530125443017702
0.339568969039406
0.513149979109885
0.628117085919287
0.871270161971807
-0.164690244307308
-0.27060980203756
-0.758936232713864
-0.776179791600947
0.286190933270665
0.672625143861242
0.274419645810111
0.77707006801671
0.415514027720612
-0.888755198338574
-0.335290837385181
