0.313782911753947
0.313707749219437
-0.923939415428674
0.273165985696718
-0.656637770945234
0.498677627922036
0.0620225140817996
0.765762075714172
-0.0341515868141224
-0.438663041551404
0.483355069430668
0.0237889728481032
0.637602156841076
0.555051514158517
0.506777496467142
0.260440720586094
-0.670309556072271
-0.342451471175495
-0.614593842819698
-0.665503583533292
0.740110384278176
-0.351192444910213
0.0547434551445447
-0.5146288102401
-0.380327694591848
0.791192431677252
0.562579261262758
-0.95369130282126
-0.67507883617512
-0.400389341661132
0.872010279846082
-0.286186744888571
0.131640069635551
0.123200715910588
0.258167857487583
-0.545555704773704
0.755360539428291
-0.157384497555988
0.439389330178163
0.185605743749039
-0.663288215267753
0.420967458575149
-0.761445028095013
0.943992188113053
-0.827703700857109
-0.0419120595552076
0.0882185440526118
-0.684062994330084
0.92771346719352
-0.317766291208706
-0.933508419757699
-0.183655294466079
0.848235564241926
-0.130415475770079
0.585782714286619
-0.492656515488639
-0.131735948673888
-0.27813348414602
0.48192488106335
0.8935322373143
0.486249695899836
0.646000119361677
-0.542477672855344
0.838541791751047
-0.0787012605919056
-0.395839642553326
0.182988368330082
0.387830194456981
0.972557364027998
0.450926179163296
-0.326808956228353
-0.151494921937849
0.452612365011056
-0.597636132891158
-0.834355038058651
0.187556672298577
-0.620313016294803
0.134648430372299
-0.0728370433777
0.474401214852775
0.85665895986946
0.169634134630741
0.670687346607624
0.60930351100095
-0.920006553988418
0.789472299132038
-0.245821901634805
0.452732052305575
0.832745727962042
0.939464519330549
0.136832510281599
0.546930043062475
-0.19052305902482
-0.105231782947773
0.826764874753805
-0.88260217539731
0.108624770401868
-0.00396038861043295
0.984682757724601
-0.174594133762361
-0.340421087630654
0.075533295573795
0.0116162227358451
0.264240403829726
-0.13335721328159
-0.97865877496717
-0.592427293699351
-0.00512774935171611
0.775072255210126
-0.638887764926687
-0.826573244333276
-0.0674599345865251
-0.964988168403044
0.147686346940711
0.654868058424012
0.71391747980034
0.3764310258856
-0.0692099996224352
-0.0667569396690745
-0.0715260594296947
0.844998694896783
-0.818919977476204
0.671912414236119
0.153699239975231
-0.111509770456034
-0.291767669630961
-0.768000998205114
0.654715816880758
-0.925125595776964
-0.891039302485781
0.0281441539555286
0.129649927664962
0.280574167895077
-0.242955634416404
0.494360499244518
0.0667047774138389
-0.505606627459343
-0.0469878226068743
0.911927841214042
0.336789052573789
-0.787976010609958
-0.206178967212148
-0.0707379857060184
-0.338546331184319
0.692218120021309
0.435359871937281
0.408844226678465
-0.762199455924704
-0.474037759046828
0.989621402878352
0.340098536902148
0.359694008228974
-0.935860808151541
0.940891185315906
0.964521744549353
-0.875919822463287
0.363090411598771
-0.30635869609832
-0.181185673021823
-0.552625265176147
0.484367095444585
-0.687031291638227
0.645666279810533
-0.706800807039223
0.110166048007298
0.789546515049184
0.0902692545246586
-0.6772186465855
0.646276161038091
-0.727706277380027
0.375347879410029
-0.570690416443385
0.70892109461767
-0.307411019084578
-0.916462880934034
0.978063652692795
-0.197254287303467
0.452033933227201
-0.590783329407969
0.537344836764204
0.0571620988491796
-0.0777593351756158
0.687639922191853
-0.494852587064999
-0.317971113076713
0.186067727429964
-0.347852003211276
-0.97560903691682
0.95866951467726
0.180278348703921
-0.399883467452043
-0.0202137905345269
0.682644992415934
-0.863948107908844
-0.740922954889932
-0.00678951205031523
-0.931046348929691
-0.695815978012526
-0.590400290830461
-0.0657017678454106
0.435633245042978
-0.729561413044377
-0.975857969258401
-0.0382230615779691
-0.499156818206677
0.769876993249682
-0.0612475484765433
0.601713408460393
0.139910666231036
-0.549388075956515
-0.537578736180421
-0.722202014132672
-0.0920362154883611
-0.849719971046846
0.313243881159328
0.535951133016386
0.778780422752375
-0.257944810703161
0.310528240249386
-0.0829204354000401
0.368088512510562
-0.286040818383088
-0.463400280876017
0.568084175932119
0.79996798643391
0.665535911095797
0.210321865027124
0.215803404737818
-0.669988877589706
0.736902134458459
-0.680300225779265
0.795031895154383
0.25045097346738
0.843335588042851
-0.242471992440511
0.684227460254643
-0.231642340235104
-0.39045509362333
0.594976903304108
0.063689982367388
-0.507902330525738
-0.465408533684034
0.49745897278758
-0.14294508464583
-0.307963613327079
0.874100927261425
0.599449272062132
-0.321257157409789
-0.232646096650407
-0.340797301501767
-0.518896696192264
0.907370108874019
0.311689846721124
-0.111178317749795
-0.384992392101575
0.483178870703931
