-0.077220327593916
-0.977268068974756
-0.0753117246654337
-0.243167655036568
-0.827583560192487
-0.885265925565674
-0.0884467051334352
0.53738131860668
0.683962299524256
0.889967360537133
-0.197264140476311
-0.693905734149536
0.415093013622862
-0.745783130954248
0.583661025437721
0.776646158662933
-0.537443010536676
0.435890915179598
0.0744373772653477
0.99203363450521
-0.497722396125903
0.484959149262197
0.0347529082668408
0.383090769651467
0.460719436921255
0.764449721526956
-0.331754315210581
0.273623743688399
0.905240661606629
0.14012663510037
-0.41770730869522
-0.248436954271846
-0.505640280491471
-0.777797802789367
-0.483351187681088
-0.681723803965159
-0.855952868886271
-0.707499009195736
-0.440682596431932
0.0900388841014056
0.620916229666858
0.77667419235654
-0.649276325817364
-0.0420555780021846
-0.526323087862754
-0.187930884535303
0.247846879883295
-0.119526050593221
-0.217115357702365
0.499942289512891
-0.348231442302544
0.0362341111047954
-0.381204033758226
-0.925437466645393
-0.132933934057016
-0.955256883089339
-0.86907605957923
0.0100744459784342
-0.254545080021972
0.0970208817352939
0.418773838100651
0.85058990910367
-0.265837907643442
0.684848127344171
0.851218287962935
0.939606334538104
-0.107320072538991
-0.0636178303845698
-0.203915051443297
-0.974532087123574
0.488776049948107
0.190866560586205
-0.518066699199051
0.319100704336973
0.0604094265688362
-0.598586064158017
-0.399480743483766
-0.798093204868806
-0.0764069556089324
0.29750858576279
0.90146705219713
0.795897300370326
0.4836305889712
-0.746135374367497
-0.948910727407479
0.954735219340307
0.64425027377053
0.229309747340271
0.465423646767905
0.308531762625728
0.629105101103831
0.312939114645876
0.448802770349525
-0.346105708056538
-0.760586875398009
-0.954252600950006
-0.210927153633857
0.108133594581174
-0.510827063163446
-0.726172047352037
-0.405844114925224
-0.831152981415845
0.265867088866863
-0.113454781657895
0.66459216788612
0.764358775056337
-0.105673243626988
0.405173469478705
-0.568088098658585
-0.684302394266485
0.725955857980255
-0.918232742150869
0.427984826400454
0.957714658745881
0.173349082807289
-0.990349199006628
-0.383753282062191
-0.34082323152695
0.599007854918752
-0.0400837073077317
-0.287512817955856
-0.869322139300482
-0.584621297071736
-0.749245269197348
0.936112626120821
-0.435906266390147
0.135464782833859
-0.38256864314389
