0.390875243320174
-0.315018810478725
0.562647241387856
0.806159099121214
0.528285723355563
0.195557257211516
0.633552644419921
-0.135314732049814
-0.105130107428839
0.519933839850684
-0.674651142781506
-0.0239413456796324
0.385979794903423
-0.000709219745039799
-0.30144512832002
0.902173205139128
-0.997898033041094
-1.0021243800058
-0.796944052083079
0.331094965987523
-0.115706487023902
-0.374727536707954
-0.528142024204888
-0.0274046286941809
0.367136385655091
-0.0742210174157876
0.0238918520957379
-0.582333235419426
-0.428133394159928
0.121579144328777
-0.677442713941435
0.617503711126802
-0.214746308042047
-0.695936843157249
-0.318317307328204
-0.744126821900919
0.20930127337918
0.554632772928317
0.246169688690036
-0.837977902725652
0.39624326560905
0.678428369791447
-0.902571263143086
0.444836824880076
-0.481729712217271
0.882993912930975
0.127837073675388
0.900550591106646
-0.188320230148466
-0.961828982378855
-0.296003842357732
-0.482738860999564
-0.75117761894634
-0.286513588625905
-0.914067560519513
-0.822087377535676
0.819307610795684
-0.673161322306164
-0.395232773539247
0.820865080415852
-0.957035475804128
0.131594681746165
-0.156386092040652
-0.56463561490051
-0.220638291333375
0.830375205237508
0.0863416682499162
0.635144850504411
-0.807742034631008
-0.141169656982701
-0.907249596994556
-0.227520100757919
-0.5133924493534
0.389141320585236
0.815716410739149
0.726539574037828
0.566604299342569
0.87610173897495
0.256346063801736
-0.204714172290955
-0.358781494953431
-0.35291248636958
-0.0341138489223087
0.623535929577754
-0.544999179891273
-0.00107029536082273
-0.654312942960533
-0.74346346222075
0.412382129993043
-0.0766392128487294
-0.874212007187476
-0.196140018541274
-0.715915343973125
0.949775883564269
0.833054753624227
-0.528924503686728
-0.495757155605417
-0.388654074165978
0.119106603889404
-0.535464496634797
-0.749603765941604
-0.926768174492625
0.884615320477781
-0.551037003702423
0.646879729194362
0.175249942961165
-0.69008717468572
0.701138646001105
0.851618966441711
-0.0397125223867287
0.615844226590057
0.541483816807192
-0.0165716187846396
-0.553132561359795
-0.423426404637746
-0.71298820872011
0.308755190578241
0.464390399479426
0.499652380693001
0.0718267616872722
0.872998826277165
0.375906076913339
0.332597399275526
0.422524861453085
-0.855320689137274
-0.608141356945231
-0.187778855023086
0.73641099977971
-0.207092002213161
0.0477140289463323
0.345441932467986
0.531463774231971
0.800526743273064
-0.875796993797772
0.897341503578745
-0.27595710648314
-0.0010350766711111
-0.920324663705635
-0.925168785844529
0.481379041604583
-0.0631089138317899
-0.974665218159043
-0.588538004747211
0.146586670912919
-0.7911763228147
-0.968168646244254
0.847619357098303
0.154293051963725
-0.519713578860153
-0.987553546393674
-0.0553222531000736
0.9028892231723
0.434711581576376
-0.569650675745644
-0.679708159373115
0.504713669441138
-0.660408024297669
0.971920963919307
0.739152252445199
-0.0168325079421145
0.603188148447666
0.590445975432576
0.831283154038158
-0.870341878067339
0.571516247448066
0.262324792412341
0.721092736783839
-0.456074833357144
-0.215009349569836
-0.62583417423285
-1.00408344861771
0.751812948351424
-0.1349470069682
0.454461683749222
0.471786272602197
-0.0657505726723307
0.468064101039084
0.382477894213114
-0.574522158816891
0.490824677106968
-0.945360162802008
0.0946694799766392
-0.789309529764704
-0.854959967990635
-0.742164345408953
0.233167020790456
-0.462030127841013
-0.311974172014271
0.995764386341628
-0.334467551259236
-0.440511811210191
-0.953524405807769
0.477313391954852
0.0872521195920164
0.317272998169309
-0.650544896278518
0.871235314180978
-0.826787799742004
0.950534594333826
-0.366935130141404
0.965792811186584
0.993586267723896
0.936231607621279
-0.34132601030175
0.581171871551551
-0.857985548954185
-0.391017236627394
-0.256703363407053
-0.401242603248088
-0.187068602804363
0.597350030971249
0.852078516439048
0.0492059417319964
-0.764567317764563
-0.295012435517045
-0.264931637118959
-0.774663057401457
0.215863091484682
-0.167039549260173
-0.926952622174723
-0.377535896859788
0.546621961344643
-0.459678586811233
0.34484118587176
0.0863391569277302
0.104975214065723
0.0299503300173188
0.439795136687154
0.509292373112052
0.118768536498964
-0.457734861540209
-0.506200780885167
0.974065596365445
-0.935545844421066
-0.924272273157408
0.838174882253269
-0.143539297026082
-0.716215423697767
-0.598425719754554
0.625410440256549
0.809683818295144
-0.497543453555874
0.263391254277928
0.106670134515895
-0.859238050023978
-0.181922048998098
-0.0232417738440859
-0.920017552905651
-0.677068902782042
-0.521055097004927
-0.563925881580818
-0.205926854471337
0.6814396212286
0.170395918055554
-0.529107003017463
0.562214568675681
