-0.425835117744533
-0.109937135368027
-0.429760808384694
0.736752782353299
-0.0814464439220512
0.684990623162724
-0.190427365190641
0.658332200296585
-0.701060019254484
-0.092554559436633
0.10161293769164
-0.191382936890968
0.659893441768512
0.335561893870318
0.385450249683136
0.369601690007348
0.407261496652508
0.961960194534378
-0.922584016006956
-0.263548211583532
-0.694778863461002
0.908020483664013
-0.0207388115926194
0.762976215457814
-0.738585906774753
-0.90829643297803
-0.581477268609011
-0.89801904142411
0.298806966672083
0.595824757425797
-0.836710432888992
-0.636720186452721
0.756722579768886
-0.912001683608075
0.206198706772849
0.362193193910487
-0.583926915271306
0.81550029351861
0.324583295160696
0.872732164188911
-0.944184731781567
-0.253339782143087
0.388221558015525
0.105693162912231
-0.461123966915742
0.310923534781668
-0.811907686726266
-0.114894011616087
0.0687673056657458
-0.624111598825121
0.292591785978119
0.507960301078249
-0.79289652344811
-0.778189589483823
-0.111328697583398
-0.494716273771813
-0.454601093229164
0.218415940159877
-0.778088463664084
0.753265778141205
-0.34248564970756
-0.230901980755124
0.187923898624221
0.898052500969196
0.00376168745369167
0.790146548094989
-0.556531674454814
0.201525995363445
-0.317641198607658
-0.181313679454798
0.50231481662284
-0.205699025110406
0.370689941177319
0.41641712761432
-0.479554015885731
-0.153703068612378
-0.525593596103144
-0.82655407921952
-0.824687650459432
-0.0988730604816999
0.441411529896393
-0.37101492312147
-0.961660204207534
-0.195783647283649
0.795137166027173
-0.630949370886578
-0.410432540426139
0.794393797069823
0.475984039794585
0.0931534472176948
-0.392934319511546
-0.834495983748213
-0.422367189240297
-0.513225086377726
-0.07724049403726
-0.809995839802663
-0.277925184737426
-0.217729907272293
0.0112192421813842
-0.566461066872902
0.676848752677597
-0.583578620616972
0.433998561033476
-0.564906368841309
-0.425410521757695
-0.908641065352934
0.49702024597424
-0.390766128773748
-0.84793452962012
0.577823384029227
-0.235931050070484
0.202092052995382
-0.439714851450984
-0.760617102142592
-0.973508871315029
0.651619553886682
-0.0324884294797382
-0.728359976623622
0.668808864772867
-0.461788256209108
-0.883799241390179
0.506079494001548
-0.772651428882787
-0.516939150293064
-0.984507203002614
-0.756639879230829
-0.158184737069806
0.833056634825136
-0.636527655218838
0.718831644072174
-0.848936457628515
0.79373786464954
-0.0128237373169052
-0.991414846585982
-0.727451365742768
-0.376294259799332
0.935487928488783
0.248299125575321
-0.944687346718528
-0.0631490430436564
0.494682427402574
0.573733458225249
-0.556614672951991
-0.453875972690669
-0.138781945848471
-0.835279025521363
-0.324096439955754
0.53808989747359
-0.686984764866245
-0.484385041868619
-0.578005383585295
0.0385701390232133
0.805492226433179
-0.270917558698235
0.866850529881895
0.960489968606417
-0.962148950276858
-0.089765906896441
-0.0048855599628709
0.0298384168748327
-0.307898290548467
-0.0999737204634034
-0.938512144349817
-0.416301285657436
0.514879315985084
-0.987043867870876
-0.470390469552023
0.445562089650524
0.168229120530637
-0.905568697774068
0.745723872003505
0.648867525504326
0.860325563223539
0.000288402665619861
0.978066532950458
-0.103869092870719
0.346068427185262
0.966222461622828
0.252343054841599
-0.454067238418128
0.405769785170312
0.619506647183673
-0.329101893233468
0.55331859539942
0.59104805504583
-0.492507917573303
-0.140407584343712
0.7209271303957
-0.289506702593361
-0.340799868625241
-0.171879140225798
0.883758089431491
0.871117313822627
0.486952572109195
-0.451664116599173
-0.740434668409
-0.493046337082152
0.0707470647691775
0.834145267945522
0.691160787250135
0.0877577846230411
-0.398277630562859
-0.0390428423553608
0.00429749852905412
0.388688157058875
0.464473372355503
-0.664449606709522
0.599703780764032
-0.437834164599159
-0.716949676344234
0.374737560161976
-0.908114602571978
0.74576962799231
0.360836570515129
-0.845359600059107
-0.106327179837564
0.652438221032216
0.832382583389905
0.440302365386029
0.258624350471516
-0.81722489436332
0.0604762376260262
0.0561217598896601
0.32764252730311
-0.173792834901762
-0.727059134660563
-0.162373164504464
0.607367728943665
0.63420273355779
-0.193528435530539
-0.495488472969426
-0.626761561213047
-0.291360135851667
0.545697250172381
-0.406670300639585
0.948694726524932
0.808096196495845
0.288045550839655
-0.823722371080592
-0.714988327050072
0.239631279971789
0.715079867925158
0.426361151522215
-0.483396763279975
0.674978549937271
0.370467056085105
0.0544259147819099
-0.365984905271966
0.808717260325413
0.19310921301538
0.582912795863938
0.928893967137965
0.487130557352156
-0.0454127863522499
-0.140850239344995
-0.857826127580024
