0.172558403097324
0.0490375157478127
0.334936972629936
-0.66016631678308
0.526201862305655
-0.680981059814485
-0.672320365933026
0.118813667252915
-0.55207212699098
-0.0812555902203417
0.516899510198214
0.721646901481967
0.784573328071145
0.934188172808685
0.341652479281047
-0.655737884941916
0.712395900215945
-0.696899755374769
0.0295118518770177
-0.0832748720221689
0.324438458434823
-0.295094065637541
-0.926823107576548
0.524382633249232
0.88703223252889
0.460384950141248
-0.550192713617145
0.00955362568328161
-0.27873718736738
0.447152367976877
0.380673906927396
-0.875874240675017
0.634469464059813
0.142237081558187
0.0952390596095746
-0.132343840203817
-0.825028332314019
0.0962484037027762
0.987570249734106
0.220185528633742
-0.688528665979685
0.967677466283465
0.107787772490997
0.355200003897957
0.281347375469719
0.640156867387571
-0.674800518720389
-0.40390521848338
-0.260043376537064
-0.553146610667884
-0.562229342105681
0.199677485595572
0.103206408927436
-0.445529556280981
0.57178969759691
0.228012550252706
0.798106438912003
-0.672502482384384
-0.900379021598587
0.471187497287289
-0.319963610846598
0.643002687134408
-0.408794281517243
-0.778536987309483
-0.453003835693161
-0.592830660817046
0.915401159394926
-0.862755039591105
0.947122776488259
-0.803788636500425
-0.567133480986515
-0.154695826839881
-0.122137415658267
0.463214050373068
0.605352063682033
-0.053740554695336
-0.094494662525951
-0.821343927583977
0.734979057062086
-0.784775898247794
-0.522341448651704
0.0235173305819992
0.117130173027817
0.57859056497444
0.656537593030109
-0.894048142077838
-0.787668006196584
-0.232494666629934
-0.133281355661513
0.172129085749237
0.333240507570048
-0.88746556085531
-0.373354435423078
-0.250319640984159
-0.50150790937711
0.172914364923612
0.373417974331736
0.442984035604072
0.106054893911735
0.227935121619294
0.597455987042036
0.201271049553706
-0.385449470536839
0.407902953888276
-0.406727581008967
0.0995779665948976
-0.991542734079662
0.433857885950434
-0.21569792051378
-0.977656624936069
-0.394012351064111
-0.0112547578238169
0.57412741522478
-0.50976195951904
0.419424154107587
0.340603513621494
0.936563363731491
-0.513599013003306
0.538886483267076
-0.565604177504624
0.13009278282947
-0.696082523665232
0.439402842907791
-0.696142669462818
-0.598267836423835
0.444588249120635
0.859900080426188
0.498716375589066
-0.467532763430025
-0.956925629773274
-0.83767075273227
0.493114708219896
-0.040469104262559
-0.236246522589005
-0.517939280625046
-0.466029608785596
-0.791957071014771
-0.701465700515825
-0.655694012977249
-0.489396776949494
0.465310469262334
-0.64252190377893
-0.558980233180524
-0.48387898256298
-0.88877614900126
-0.174854533676854
0.354688126619863
-0.0427071656050058
-0.415360673403208
0.305042665088461
0.990058942483497
0.749055802512297
-0.104534592008491
0.506986185065519
0.901313726528821
-0.594062933230298
-0.26372402030603
0.780731215815071
-0.552045646637655
0.291543651005737
-0.069535592366204
0.372782955797813
0.366223112821818
0.728218496055382
-0.351665241053098
0.177941175513906
0.0259676006243678
-0.436481338305617
0.166233378235072
-0.157498705673297
-0.638862172761958
0.256910220133469
0.132192475688177
0.44424334205574
-0.298887184413846
-0.865250756753375
-0.793238476153252
-0.968237936338631
0.304346841846454
0.674827542110713
-0.53430242675651
-0.808855940135996
-0.999219028715947
0.539421958220541
0.63000205921154
-0.384307823509442
0.624069585983594
-0.972515683022519
0.958713460095545
0.427203000305053
-0.186252910781127
-0.779843073123051
0.277555205401222
-0.702375759513321
-0.915973730838655
0.292725607405779
0.257251476294188
0.920463684076217
-0.372280653197027
0.334813604372279
-0.00837870020570695
-0.124394323435013
-0.0876214310532522
-0.0563558462171772
-0.354395116222052
-0.666317547953494
0.516096571578459
-0.870117141906204
0.656664405739874
-0.0736079137973146
0.230479846496789
0.801915985684172
0.0708425905164764
0.0374772081716219
-0.19623362336471
-0.992561399591956
0.716523117365333
0.370012994007051
0.46389919948095
0.635603911663407
0.0760515272620533
-0.86742736536099
-0.516818855525494
0.0457895746864099
0.678250618051545
-0.109099996811736
0.154429524811246
0.973179053732316
0.240170408507522
-0.129826105393778
0.470845086683254
0.187737831071652
0.243216481633871
0.42257113716532
0.0521250289596183
0.872598806342697
-0.0102980573132431
-0.0822424101626435
-0.983806856847112
-0.881884378343417
0.593848409676937
0.932484046032987
0.53203878967613
0.869938481903487
-0.415693835824148
-0.430218851291938
-0.199996074008447
-0.822387870283218
-0.60032055874051
-0.225433365704306
-0.480900255377619
0.145663409792619
0.372520102266096
0.757593916968292
-0.949881489940662
0.244577124229524
