0.885498092265263
0.317808878448908
0.232556485204644
0.176600591906129
0.523158214033219
-0.575700458024977
-0.67051911999485
-0.213176233259291
-0.708109226250713
-0.348494622142504
-0.0676876549858576
0.901122499305221
0.320027995774495
0.745565279684813
-0.442733776961772
0.990216760951643
-0.815619275801551
0.674783225788351
-0.219440365333024
-0.465423174061848
-0.333256838591013
0.108044335605368
-0.766217613413445
0.555223231568991
0.899298789797234
-0.950166785244963
0.000897118295710617
0.374421121118038
0.830401804112697
0.436017123393107
0.833842536119117
0.552086799464093
0.766695739587169
-0.77910654661618
0.286255102575326
0.593385491971427
-0.385494560997278
-0.852418117125701
0.750084278548704
-0.986901648741355
0.453130719019321
0.101707397154617
0.470315706240805
-0.594369504368963
0.580917652839481
0.012448532675165
-0.697738800550837
0.945553111615951
0.346089266343625
0.286837477583063
-0.380100600955381
0.0288636341254254
0.864674577655677
0.855828488344804
-0.864231679083939
-0.377992874497444
-0.673917114137807
-0.793507219852928
-0.38878423645477
0.619528775095466
-0.773521457821488
0.200606094882797
-0.31558076619529
-0.675797700851665
-0.0863066273817354
-0.65756820380664
0.609594800414972
0.822654042902631
-0.492314920197917
-0.593568685550884
-0.92856737135258
-0.199221955367945
0.150279580611396
-0.883918689289997
-0.180384647157035
0.832671563203537
-0.760583726158363
-0.193629682921162
0.592405843896206
-0.899992535098804
-0.513193121978662
0.896685158106935
0.330673457471713
-0.360175331577002
0.34537919814883
0.0503234657605361
-0.922234726225843
0.242126514884978
-0.189541071665269
0.304249238510442
-0.0484404453941956
0.699155237629416
0.917726192365403
0.751577902466151
0.13147916954681
0.512092072367135
0.64080681094196
-0.499036298159574
0.583209290071299
0.447292583493945
-0.613065096693942
-0.81868476112598
0.685279083825348
-0.0214884533185257
-0.234492120966042
0.894190120171613
0.196105506599211
0.507218496602166
0.931495851559355
-0.662397658674415
-0.593284219325976
-0.379134712685685
0.0528927060261452
0.191763924020737
-0.769290372731236
-0.434540781194234
0.0481725970525596
-0.874195784111052
0.815514952595229
0.667604745321734
0.702772684594561
-0.650160694535742
0.244821739831411
0.832272506077186
0.0374772792163409
0.380773602681695
0.579189227382642
-0.0841851085192462
-0.0397476237401623
0.956857924925999
-0.0886119806130131
-0.0483314464566565
-0.560829010656964
0.593686179334324
-0.871473007771576
0.807934719346431
0.328097913779041
-0.968372736421604
-0.337272299661344
-0.64545337614132
-0.298275098673907
-0.458772945549533
-0.0336533809482025
-0.428467407877986
0.390286262634918
0.677182898187367
0.494160638455298
-0.456867251376021
0.842220555622068
0.670827060530393
-0.967724299432804
-0.967844548516989
0.173204282154825
-0.52761340166647
0.914541527566951
0.0881881333608019
0.757315218835882
0.762488200560424
-0.229820087251967
0.275009595262934
-0.521812674618772
-0.779727998129349
-0.992887155351065
-0.226799924314976
0.679960278543483
-0.87817815089731
0.934292945538518
0.180360879897084
-0.500989263464143
-0.329121416799019
-0.932215712333872
-0.131836018963768
0.384646582839093
0.830331068823692
-0.326401004725869
-0.810693409012082
0.198474172187274
-0.0618889484615083
-0.31259363667274
-0.7448881934998
-0.55959222165832
0.772895057798017
0.802084646227184
-0.205092409965725
-0.905930837265258
0.143326287668363
0.763527806528056
0.378734951569861
0.478150095725872
-0.908102476655165
-0.0211831310529442
0.544882688184237
-0.870409170232233
0.883167768818346
0.761004598794485
0.258218001465312
0.444651220014836
0.167979562853969
0.894944889847132
-0.99896431326664
-0.465306269973887
-0.814269567771377
-0.956257799443795
0.0554305688712906
0.308304837251694
-0.801666399331327
-0.533957314074617
-0.498629294881137
0.786100562623695
0.554605899724082
0.898276811385462
-0.81025942752216
-0.197551150513971
0.448789289617328
-0.408432061501606
-0.609290979281044
0.650720373497644
0.252801713080411
-0.604595946217048
0.449748079330024
-0.90995736860394
0.678623903737557
-0.233175746390263
-0.427602574400671
-0.288931351412631
0.735976064861435
0.845454001804656
-0.881136930226124
-0.97790265666475
-0.315442783571812
-0.445408898347885
0.73197911518829
-0.225639253796533
0.0708733296997273
0.828425779852235
-0.734842026109648
-0.555187715828939
0.0650291376703258
0.956054434413727
-0.276812932824675
0.835619248904081
-0.929979945882062
-0.727827750166153
0.0160203217705148
0.900939742495065
-0.939083760256551
0.5672108455356
0.196763084219289
-0.369468493417645
-0.981673285738177
0.279419397526256
-0.298708038802873
0.0605775610762472
0.0931318860129795
-0.554652409333064
0.509315366903694
