0.216987800359193
0.955687119959058
-0.59989973947581
-0.354395201556127
0.426371634597608
0.784699471897177
-0.0105362032567555
-0.245661199050024
-0.0976449773233431
0.42871107590397
0.342790816963584
-0.517921470248486
-0.171254092313406
0.0962326056986628
-0.0172329844880326
0.181484454249521
0.705942734439731
-0.83295801874345
0.974336267727953
0.78851645153691
0.466964074685016
0.557813458891837
0.121371359814519
0.0439768109189056
0.986861119485665
-0.44466488423193
0.468098945369737
0.144283492631917
0.486608125054827
0.317457025095562
0.768297081878686
-0.770191229737735
-0.733445945198296
0.637017420114546
0.661485168099074
-0.812488811681741
0.208689265707057
-0.313625705479178
0.791255038747591
0.680066882638631
0.822146064143839
0.137668797656603
0.543319032774875
0.430898253311845
-0.424207786599123
0.752588808268557
-0.707779833005019
-0.655735466604265
-0.438556034275023
-0.964932557887619
0.729667323340616
0.74355932233447
-0.563072020419012
0.967895912957234
-0.00353048344750673
-0.319298089869307
0.981868019323478
0.135949926311706
-0.048250309137535
0.058543375877538
0.0225679673141759
-0.38040721410922
0.851241842395185
-0.656003196011408
-0.384874985725899
-0.85630024686338
-0.262542257229515
0.644947641329274
-0.529467749020413
0.983199473588184
0.172629558781119
-0.783851084385531
0.585113790093639
0.657913855852385
0.591437053854789
0.418888933625878
0.236368926163934
0.758923778919273
0.962844495406051
-0.14352730111244
-0.695706943080439
-0.949812858724282
-0.962583639751943
0.781944544133375
0.338759102048054
-0.310154018926929
-0.650051614561156
-0.204551213029254
0.480214850187456
-0.717692531599677
-0.298739308417186
0.79970375378863
-0.502914527187579
-0.0623004876646792
0.115813343260319
0.0874704788738241
-0.371903820426988
0.740326520661477
0.102586242697303
-1.05880152771737
-0.345308502737584
0.104607466526225
-0.872644718249498
0.496966829010704
0.523356480346349
0.875326563627577
-0.670642644189013
0.376793296272499
-0.371978165993219
0.509370201912176
0.746578979909956
-0.910414256273013
0.4479188038847
0.415272077021242
-0.314973174649524
0.296053020200561
0.512370194773717
0.787536229568604
-0.773540282030252
-0.11520493844384
-0.961430539423885
0.631308855186853
0.470415645353722
-0.606933172726868
-0.853902374966815
0.756682076685898
-0.253725697842528
-0.91452900423181
0.777853692623713
-0.433101472197527
-0.307287285300868
-0.0630066715540683
-1.01161104858274
0.886318771943055
-0.826383744332514
-0.419951030874524
-0.336881034224437
-0.953348977994065
0.486408605132027
0.683008668604986
0.0923379177626246
-0.128321691748245
0.535803779362544
-0.309551709369562
0.715308078682095
0.709126035348673
0.377592205341415
-0.865069290273009
-0.664591915796765
0.529899171641291
-0.34254128840788
0.422828146472263
-0.857036966424127
-0.201619891432811
0.944108479211137
-0.793187278345238
0.801041110258817
0.95886726410779
-0.418564690295132
-0.964745779549784
-0.941841067120559
-0.61630347031823
0.241910446184881
0.0231900173482836
0.598772063968907
-0.483143968563426
0.316627382135294
-0.398264881147285
-0.387550549294388
-0.927548507288419
-0.694778565297966
0.873712597388343
-0.924238403634918
-0.179019907478602
-0.247153862723789
0.400812166799883
-0.0422336815534573
0.238677282343939
-0.835655399649129
-0.0067495235305491
-0.0528449070143852
0.671773823885837
-0.497833826107843
-0.710584011761938
0.221620546160096
-0.607086201927527
0.830091778988975
0.777032166045009
0.415612702236979
-0.847125606569059
-0.18687592976695
-0.972587735250704
-0.858529079024305
-0.0612534887381721
-0.602567381191327
-0.0546635307022289
-0.133543088438845
-0.789670470385527
0.91890026904613
-0.857736572726315
0.245380599595243
-0.00943922001059172
-0.454404745598891
-0.974667060374926
0.530188632212676
0.866495068138349
0.924850045789028
-0.890727126668087
0.953221270434874
-0.773801513295298
-0.490268782579396
0.970382749694694
0.539853131352087
-0.448745886753805
0.296842822363036
0.303196456501884
-0.543059695775267
0.771090399841932
0.974005023366937
0.393418568527596
-0.381973366294736
-1.00722718578851
0.765305043987914
-0.728745314874017
0.895166164747474
0.330362572346513
-0.961553790835462
-0.184363087158814
0.921748806336335
0.412668785457494
0.591629768652209
-0.542167398342442
-0.0457358151435495
-0.346584433206768
0.522212958502433
-0.948863303075089
-0.232566485189757
-0.0066669042685258
0.6384407276517
0.660677953689082
0.748125030965301
0.505915901514722
0.821060510169151
0.0189827738176411
0.466870929433141
-0.854401978237985
0.947387493021368
-0.861619510408539
-0.364282496724532
-0.421427764925163
0.334442748946388
0.214495410746568
0.917941507843232
-0.713113351444015
0.465802632986065
0.0592414418894265
