0.536276530091286
0.689755167797797
0.418071064036975
0.75833310192981
0.754765183897805
0.354019381930852
-0.587794241571552
-0.879911304733766
0.483206055440263
0.844575509073824
0.181056501087745
0.509861222782004
-0.86214798602226
0.500686913339644
0.162163812932555
0.677814690717687
-0.354510891795163
-0.463935032937164
0.62286130950764
-0.0383502270958902
0.347821232227275
0.380115731713959
0.385589453274846
-0.686804511669541
0.468048676640928
0.646509937458373
-0.425152783931399
-0.809811574872701
0.862106733618696
0.89559794251271
0.962938990856097
0.823960057580677
-0.00963782359515277
0.568682254555494
-0.920156502235576
0.18534466436998
-0.801767709657256
-1.02164953435428
-0.333460277179029
-0.955752828360163
-0.973823970860697
-0.7554774525219
0.208185254769822
-0.90827016196758
0.308364232026118
0.301007674086369
0.943535818404423
0.86586913793399
0.235413670420947
0.715321781024781
-0.51085961361326
-0.070424506368596
0.559405457384398
0.97630721726112
-0.676636098764535
0.87483256438942
-0.588203611177063
0.313206703210711
-0.505613524095575
0.188236193456719
0.38232053184738
0.865983880273579
-1.00040088735099
0.954060178090789
0.558189716245354
-0.293841672520906
0.941022242071484
-0.933953180775208
0.884679651837691
-0.596374787322907
-0.778446440245564
0.238986358096573
-0.854952159656132
-0.0969439410576349
0.104523345627596
0.0183941450751172
0.845803382390908
0.574317414449758
-0.531714242994814
-0.0222707659260285
0.51868987198131
0.617325573082686
-0.990882010135966
0.156527376167112
-0.0338826961942325
-0.896770218473605
0.586433418751706
0.602768230365518
0.322894833119226
0.45071164564738
-0.356872603285908
-0.984226508927943
-0.52924468766183
-0.245413806702834
-0.75318266186463
0.514889257042544
-0.923257950788941
-0.502208271230133
-0.572812231312318
-0.303120905714606
0.450592497213168
0.445541578566914
0.116516635115893
-1.01850683738188
-0.487790549331343
-0.820370309907336
-0.851935633567906
0.0287154452016403
0.984830649508788
0.374641319761937
-0.844794884414743
0.533296828539068
0.265869778975501
0.0215514531417891
0.261149481784126
0.336325127829777
-0.413409087388833
-0.991812212120844
-0.346929606672917
-0.836417050748676
0.47981903683573
0.500945509232635
0.819561706548777
-0.913435866778443
-0.642338970332458
0.0841392206629105
0.379082292675165
0.565386722527552
-0.691869686312788
0.577855934477073
0.13541514360491
0.340206410067356
-0.67167705726465
0.339511701506648
-0.458965892446355
0.174500234545031
0.649702026115526
0.147757782505915
-0.0664021404695822
-0.000347492390915107
-0.601322502195476
0.277647249805669
-0.106840185745131
0.0240238283852167
-0.481106142347182
-0.782365532145135
0.804636715321884
-0.360278977655005
0.271552089578739
-0.642317743751794
0.601319737974571
0.527746768665446
0.0773121141613814
0.0233430726825618
0.584212136308951
-0.364416401254586
-0.473939163867502
0.0393805458898114
0.457665274088469
-0.23730363598719
0.672826258698231
0.51223861919295
-0.794511366695418
-0.437955339361901
-0.652573486243958
0.861368055455452
-0.497075875015427
-0.994295020526984
0.3728310928074
-0.214235878209612
0.338678883968822
0.144670971749785
0.453951275263819
-0.773410494845733
0.078371789601556
0.161759207890923
-0.479395662228969
-0.833000974256682
-0.658687010239482
0.0195501942859278
0.703598929587407
0.809842517756605
-0.220710150642887
-0.103138220377351
0.655490412428529
0.87857664858186
0.538476809548281
-0.621828332457165
0.343634287006218
0.902509842428067
-0.258719136377908
-0.869179189000482
0.573884866930158
-0.44983432802368
0.429974010761567
-0.08421782246055
0.216403031929969
0.73033804573234
-0.693596846773343
-0.648463033516229
-0.949296138505321
-0.375706038991185
0.575307658318575
-0.332032551853657
-0.380328624431133
0.881002734538032
-0.620050339801363
0.289629490498785
-0.306155559735205
0.320232095362334
0.959765467593536
0.185036527578401
0.769712243982156
-0.59496157419011
-0.661953036895205
-0.848730632142607
-0.90015669130914
-0.779801287637955
-0.550528999872384
-0.278480341008378
-0.620846668043592
-0.145407719454219
-0.619403894294388
0.742246268738853
0.863914849976036
-0.477712306556062
-0.0433679566264614
-0.105083468404726
0.0140973819794866
-0.51107522186214
-0.873493531397599
-0.465865014472262
0.91686819818396
-0.348874576565494
-0.391064157155473
0.615964310708931
-0.107882854655604
0.977932843593754
0.0833746100127443
0.974411190645941
-0.824289967407005
-0.543673905831704
-0.0381671070919308
-0.0571945449913222
0.172003944219454
-0.105432034873793
-0.100404140001784
-0.326093550534953
0.384580991404369
0.149884030294206
-0.614862853527406
-0.84848185118811
0.113027010953443
0.820018237074365
-0.86232775270834
-0.353512796988398
