-0.332001623991525
-0.501311471906224
0.245577248320774
-0.778251195345952
-0.169438155817591
-0.820339423916067
-0.216127516302886
0.183687041244012
0.406309469956278
0.296607915489621
0.198361237325804
-0.13467250539208
-0.671603890177743
0.640016379712495
0.782142411898969
0.862434187859907
-0.416803890609057
-0.257375392089719
-0.670080501780284
-0.326844892845047
-0.353392130707513
-0.0422773103059316
-0.958247546106611
-0.356561249610885
-0.472375622266627
-0.848871719452024
-0.952498487442648
-0.180246916285387
-0.181581091877543
-0.33876210866387
0.335895723551868
0.214783193026442
0.0754194731772261
0.737697466614866
-0.738696650085542
-0.485317870975798
0.731866809898558
0.905535915528912
-0.0182837672476562
0.910020210738605
-0.255429358672153
-0.563234490797627
-0.19142684133686
-0.639392584350597
-0.531991598700028
-0.753981947078013
0.365702761818976
0.517906103454157
-0.159527671028024
-0.601523964562242
0.274629259348881
0.142779992942867
-0.395619086985294
0.56993729663782
-0.933682572870117
-0.210323000709837
0.490138326417258
0.175683929131553
0.595072177052022
-0.37227117600711
0.164691878029847
0.484071575068472
0.212270253587267
0.138186174847927
0.84255695694364
0.15380695934485
0.518326659535942
-0.717341413022917
-0.94656199236604
-0.56179491720181
-0.19163941478407
-0.639135148615031
-0.135679199917086
-0.428989383740195
-0.281095149600381
-0.856084338971904
0.0330436006964201
0.492590844580129
-0.62668595530439
-0.0643146763631618
-0.814108610746852
0.473769329923732
0.856238738393326
0.891858526149776
-0.382535155362904
0.547106935116181
0.855594937637608
0.455644420384513
-0.29286773211687
0.445959529556981
0.767243663577147
-0.528661160350492
0.384060391666961
-0.858167426128791
-0.749952989239102
-0.619492082738879
0.374356844925611
0.998002950266698
0.357407920275097
0.657574007648008
0.724529850873711
0.0638708020731041
-0.885978026828843
-0.0651288639811843
-0.0332130794587899
0.307114216188892
0.651234866812064
0.535000603740662
-0.137701868080707
-0.122661148771688
0.412357087170712
0.965936900804123
0.846576985020783
-0.015461069988558
0.182427520548728
-0.991798692406217
-0.863062610018576
0.572930149160929
-0.101552333793322
0.943818905541638
-0.0321036334232062
0.904572888333664
-0.859837206532088
-0.0809999899318074
0.321181016442179
0.307020568377392
-1.00230845096625
0.317771456759286
0.558102343302307
-0.203798674856881
-0.948220026891287
-0.220974924944612
0.865311123483315
-0.440221177413461
-0.304854141020926
0.708066190019578
0.142384951802457
0.228629340138638
-0.13158725436213
0.0681396100026585
0.565233331505449
0.135963814328396
-0.373064584839059
-0.995192934631978
-0.524303685422805
-0.592504397106534
-0.810646022646419
-0.744172909824164
0.339608919158778
0.825739334819535
-0.721237763313049
-0.777308045753167
0.33809592049862
-0.486326780856728
0.179548047761402
-0.00762691434054296
0.312117853680335
-0.976835259054472
0.658556566654909
0.700153594018443
-0.92831690332241
0.580095871419445
0.883448455764234
0.375279199667439
-0.991691116099937
0.519644509993564
0.910023347116429
0.0652528909956638
0.424893254052172
0.974857986109751
-0.702678950665363
0.600035022644593
7.88219529525463e-06
-0.196965147931073
0.602515282058258
-0.418839797883956
0.451759460779281
-0.951337484473572
-0.616706378916222
-0.893584793523277
-0.829581364670733
0.232508026339225
-0.918261730318922
-0.406521951152358
0.880401714925719
-0.0944945968870681
0.201668756667353
-0.0993238670597445
-0.88838159950173
0.522351685804281
-0.289350748651255
-0.586972273619803
0.539050752325698
0.629245948456703
0.177414105673763
-0.356152257396533
-0.0889111438241869
-0.664640356208819
0.0795496515459657
-0.374528669816881
0.993549200660637
-0.84070669012794
-0.0915454290881634
-0.622386285816783
0.601530746520333
0.287119504220189
0.974409494146786
0.274545813370178
0.136472768221512
-0.550231055500918
-0.576003523096578
0.831903497448381
0.813694649728999
-0.832533697731484
0.787343484724655
0.676565782695584
0.577907213939416
-0.347420236452355
0.637803291868059
-0.691828556962595
0.719326171654942
-0.501246487832826
0.227520120728774
-0.204054018832495
0.757579236594123
-0.751720815010722
-0.213910810738818
0.757987569981816
-0.803874321517166
-0.156872789479599
-0.704723374215017
-0.0170646651243219
-0.351233897210501
-0.979883866547553
-0.755955121764619
0.241425903053329
0.180793826991667
-0.414827471154063
-0.870531945819809
-0.5723586149394
0.319390685483052
0.859146418814414
0.107957170510883
0.411919754306779
-0.245828738548293
-0.411017724180379
0.804432951521545
-0.161696614895284
-0.439522074114477
0.521556263003392
0.0167850485695198
0.2371471097566
-0.537693357655593
0.563676673160636
0.413568909008855
-0.155204248355273
