0.225453096486979
0.73977879932719
0.122770938351976
0.0684894973981557
-0.987579293272893
0.798511593968819
0.841610426266673
-0.78967970079368
0.0451764556785365
-0.88263933746284
0.502347961313879
-0.847705131548529
0.804108959997679
-0.935561684880165
0.756572263528263
0.0282843534012098
-0.901259279524076
-0.435581417594067
0.588309716698461
-0.654442459310863
0.360700606337058
-0.522329254312975
0.965880875238973
0.299265934026698
0.444556801750131
-0.38211576413215
0.739787618866912
-0.204654559863271
-0.0516312318381025
-0.546202988287279
-0.198425078143896
0.000587081260727081
0.507285177332461
-0.584561870826424
0.86090336239078
-0.731781900383248
0.562106655117063
-0.912897702405092
-0.216187978249718
-0.495626098071163
-0.539020533122672
0.9647653866232
0.539276454410076
0.569666373130856
0.899248806636241
0.237544316817553
0.313736718234404
-0.247709170335223
0.43003254790303
-0.690891538478165
-0.946537174501105
0.280664069890877
-0.800470392685662
0.412328467271528
0.363357236488405
0.516038495685264
-0.629512946613143
-0.793248521594819
0.814275472640958
-0.464198011246264
0.821693739440652
-0.454651862177086
-0.395848306780529
0.13219979049221
0.813869664078262
-0.493944872619299
0.310340624565152
0.0815353392295101
0.743046401363519
0.596102267492149
-0.258910422602287
0.968548615730251
-0.924504295037688
-0.44055675940555
0.371231010200671
-0.129411470504114
-0.178018531879147
-0.410580242768045
0.329889865896634
0.477798710280408
-0.561846551927677
-0.210223259544225
-0.0325035520195101
0.0981144626840268
-0.979045642539194
0.446871778536425
-0.515577098639582
-0.183920778777858
0.0195088978912481
-0.929595354077992
-0.55394259598649
0.440565212644966
0.936270235371449
0.132931240272503
-0.530591566953574
0.302010190263959
0.549939925609041
0.408297399044771
0.955471991046111
-0.802594168304616
-0.682098783706402
-0.632344526641855
-0.550127501548421
0.0468722206372443
0.549879841121672
-0.676308896078117
0.140152169950031
0.304405552154184
0.735914595243521
-0.626366034415269
0.737149056047568
-0.429190951471861
-0.206629559600217
-0.301763293800559
0.0368181022048562
-0.971711575962647
-0.894088967349638
0.555025276644595
-0.623114613696172
-0.655730652385693
-0.0572335496178601
0.680147663752483
0.495105969780919
-0.827220522009
-0.598359282495691
0.21310318476078
-0.111163691411063
0.652964657071845
