0.59172736544176
0.00828894206968783
0.928248681182295
-0.193685595981495
0.531302037756882
0.515646565400703
0.157312084237259
-0.754691130235892
-0.255301105242417
0.65779746798286
-0.188172852371424
0.0430210121208284
-0.493852869167736
0.330638436709664
-0.957736947208075
0.857980106749086
-0.888460127908022
0.603005141560298
0.311778062674263
0.646420490727942
-0.992557063113188
-0.0934560387421636
0.688918167952215
-0.35291397234201
0.972895646334793
-0.265951416949559
-0.122722585010839
-0.569494909681588
-0.401998759255125
-0.379223502885328
-0.505210271052387
-0.61229358584906
-0.84214692991807
0.898391181295609
-0.441964673057391
0.673707471760737
-0.037388231336576
-0.432615781035777
0.650725026801645
-0.823436745245116
0.226317984957399
-0.369957409740206
-0.278201033616725
-0.513526335995959
0.25128091285455
0.923779093656965
-0.660800327329927
-0.40000025049648
0.493961173475728
-0.684802425308026
0.587306830611943
0.182238686495451
0.345441649601666
-0.577845904105506
-0.580892704999455
-0.391212246303664
-0.160969243899248
-0.885827421927124
-0.0411209362897417
0.369516485910631
-0.562178060914871
-0.69821917564891
-0.774215780419655
-0.849424267880676
-0.766226938559283
0.188975467124022
0.0359140916995515
0.526040259619617
0.284058928509891
-0.131038295986601
0.00385518286933273
-0.680256160532623
0.174344352781868
-0.882678008012681
0.180961501967758
0.47089344415797
-0.979361008643968
0.391099820163313
-0.573134584386522
0.369136351346048
1.13927388845474e-05
0.412705641610276
-0.94069438363757
-0.905674269941239
0.524944841361226
0.933721273267657
-0.301119693275535
-0.761685247962729
0.289744072103996
0.374803485468791
-0.0854766054381841
0.0716780289733013
-0.757582309156595
0.389679436570401
-0.499886474945476
-0.895958635478251
-0.844823872611008
0.537103453202698
-0.0364235520874245
0.00774729600877033
-0.158434281873798
-0.981334773812489
0.389164515562308
0.727200106568756
-0.535254311546209
-0.31950558925177
0.237619160154236
-0.466238455913556
0.0327625616910742
0.269413975916917
0.524311638574737
0.460058175145263
-0.359972561916015
-0.328004517611318
-0.930377477346996
-0.270665016214013
-0.456405952587204
-0.20656748618159
-0.0899628134334431
0.923355792578446
0.224491205726162
0.349970022089975
-0.0889045087509329
-0.428689555563165
-0.57301609437093
-0.201304885943417
-0.576874275200646
-0.35735093846283
-0.85128433560206
-0.867957802520412
-0.79845400036506
-0.93207661813737
-0.316839270151247
-0.896478676639013
-0.56294558407696
-0.435081463648014
0.949978083523611
0.902846221741824
0.928611113795849
0.140292002129945
-0.609020884361388
-0.215112466866698
0.543741857449585
0.733428021148255
0.990480406322662
0.338953509389898
-0.333576696362322
0.590819077992651
-0.604836853181344
0.137720363360266
-0.445752179523136
0.0215005366983655
-0.0866387124527133
0.882977871146158
-0.96470659074931
-0.724877402171369
-0.250415162507331
0.176212848632996
0.797550166246863
-0.327769380279076
0.618774857179629
0.63256139226542
-0.782950370102328
-0.283458313616153
0.196992444929271
0.470979376833148
0.493931705510887
0.607582088584282
-0.361627916175029
-0.645365337267448
0.936382072833522
0.522710116735722
-0.00342973083272991
-0.829289144621882
-0.945352824565788
0.292582753893014
-0.919748884173537
-0.825893349699465
0.492654303638929
-0.0466455365731688
0.273645609013543
-0.190168537680738
-0.223761571050384
-0.380269533165372
-0.910068884707386
0.483429400842769
0.739105428384766
-0.850012019305592
-0.935294242324987
0.484047903223049
0.635879419702267
-0.408437969193578
-0.50878529479701
0.568683824094694
0.635276527322223
0.238710361657319
-0.421429535389678
0.120583405143815
-0.3519016692495
-0.590879851850201
0.385364000353662
0.325169351745341
-0.825045337551433
-0.583623411838962
-0.413575164333096
0.599291871582278
-0.133235568600223
-0.387983203340329
-0.24189271144641
0.390108494751811
0.48809024607283
-0.524415567145505
-0.845617936934937
0.305541102943722
0.70369591391225
-0.747676478643805
-0.753850312294745
0.313978877173262
-0.885799939601515
0.764622440656844
0.42269041242862
-0.775589896454122
-0.574900082067784
0.88655645098582
0.965951446060507
0.676616162468558
-0.212136851641876
0.484003390126786
-0.739838244222286
0.361293099801211
-0.470033378406148
0.283721248517651
-0.00159119310693795
-0.708909717531061
-0.0317538505173925
0.513828529509446
0.423552324482809
-0.693177522401651
0.779139161467109
0.979763826686193
-0.117204525533015
0.743734069708062
-0.335738806479632
-0.697264115808939
-0.201291629876
-0.372673387441722
-0.770785294444794
0.834041142213837
-0.0305453485103207
-0.245180671653647
-0.648915453020236
0.224281659034172
-0.153706530815092
0.215769868411311
-0.242903620416729
0.67228924889078
