0.283371742876913
0.88808785308703
-0.111672843220537
0.274037385620935
-0.455315026878166
0.663524971752158
0.047867029587584
-0.882487666216197
-0.806918157126874
-0.984049280893883
-0.0170678660329287
-0.924653821612608
-0.581189827642817
-0.430367789274847
-0.555577821717931
-0.214419553835079
0.232809567849037
0.126629395335898
-0.500477307711651
0.34911032986557
0.529291425735911
0.707561719584129
-0.531897730416818
-0.886946815627745
0.551745960869918
0.973759107312608
0.0317734834827355
0.0112035641503278
0.322928272769822
-0.484143200566963
0.159351558659033
-0.524351229994763
-0.205291064374677
0.36860820821601
-0.742489259195975
-0.0853604776053255
0.74920259965278
-0.175466092738118
-0.526004850608254
0.22572844572916
0.67979360784187
-0.609565431553956
-0.773740576765374
0.569125090207529
0.434029513719253
-0.835975468898584
0.113771884991459
0.230474221196451
0.560975707587775
0.273670041575457
0.926878901565892
-0.781855980690109
-1.00414228801771
-0.85685593585151
0.839265604132575
0.277615164089923
0.323288415533387
-0.945758806491646
-0.480733393204139
-0.728743093802883
0.772963977679429
-0.408385216814509
0.565580758250205
-0.771294033557533
-0.571686997065559
-0.836732827141612
-0.199540146321798
-0.483174380296887
0.0628279036882661
0.786819339095061
-0.765831833660751
-0.385859824286604
0.164611026141967
-0.139784233173625
-0.43814199541871
0.663421051378019
0.414490673620622
-0.834123050075637
0.598794244663652
-0.0485434050064342
-0.217974391327454
0.817316355105398
-0.393617367732495
0.467188268103485
0.956761637458927
-0.014663055249461
-0.619360883796535
-0.374665515170108
-0.0309765942703735
-0.650601909906798
0.911585358827206
-0.458476284264053
0.86612845320652
-0.660708502153454
-0.108484629502109
0.130827664259995
-0.960655037984939
0.895125882513664
0.513731889895329
-0.0697356493690519
0.704951846156493
0.323602737907753
-0.387741312719196
0.442058837355332
-0.348872723053288
-0.950966073153551
-0.476580068142846
0.388794908287499
0.0750736936762405
0.0284874815383225
-0.558948591314551
-0.71652093974287
0.521133822515642
0.854322139973076
0.107266736768041
0.217941694380513
-0.822894699082663
0.0797714552927207
-0.970798652213124
-0.597934408936505
-0.35947423742883
0.111337034085083
-0.525748020607278
-0.592757272443598
0.860469961037217
-0.471182683275403
0.244230420712638
-0.354121742177878
-0.154084513108053
-0.882201462724403
0.896965507325808
0.033914746170346
0.439244782458554
-0.714799227987789
-0.956501058070085
0.656217092231171
-0.0478602330734531
0.569556471670581
0.972855148366152
0.556048644636845
-0.308351370513175
-0.283613144452382
-0.366748157557121
0.610312785711026
0.214931139154432
0.0881704894633676
0.765654193264082
0.814752066194261
0.904588037366282
-0.439517737000685
0.93710724878785
0.465094278274833
-0.592036429821325
-0.0276901381878133
-0.400695127103052
0.229291082419651
-0.430285517941462
0.357833374880934
-0.874218249931799
-0.23096042691994
0.133723502129062
-0.564698559886169
0.266024572901028
-0.646185881104147
0.642634631754217
-0.945852264309323
0.18752871588907
0.546857835065676
0.565731726766679
0.597286723411446
0.84479159337999
-0.892781024428762
-0.466290503020681
-0.788544406216593
-0.646068889005561
-0.489298044196576
0.545179784404753
0.0247376796406876
0.523522605592738
-0.329536752175337
0.656216561027031
-0.997596190671051
0.709257147973127
0.862653584278937
0.140504658558035
0.948149155904306
-0.96697314338254
0.714750919809334
0.307186001451575
-0.29792509958757
-0.544854301392373
-0.274879557379277
0.908854038700155
0.425911264564803
0.318028855683381
-0.0713794384732434
0.0805487268709358
0.511369489338181
0.116927608560569
0.342034830623234
0.0068611757769689
0.470455441558009
-0.861127619231102
-0.577893515231062
-0.0550180265673533
0.0630873177654627
-0.0131192710272207
-0.953703207591954
0.121138199888125
0.870929582924764
0.186893196857345
0.125353197983845
-0.657917756900568
0.929700020660149
0.164416116160306
0.895762833648228
0.868215113811785
0.46763611934851
0.31423918375147
0.18024225642534
0.684323915088183
-0.96679033405044
-0.224467079977874
-0.756352982368996
-0.9390722332844
-0.493513254343099
0.722765765944064
-0.932553592019786
0.101631134004038
0.807230861381184
0.350216459929919
-0.726934203148385
-0.81974888908616
-0.241765523343337
0.790771096744977
0.495506492208499
-0.17997491099956
0.714584203373358
0.433757609481716
-0.358406062403734
-0.890458557666384
0.297030727236983
-0.291940926362452
0.407106171766326
-0.613075264647868
-0.26632460472377
-0.461834439852067
0.468133358043108
0.345051899277512
-0.296376798423641
0.257777845889785
0.700158163403587
-0.360152234260543
0.731244999001222
-0.757911776837138
-0.20966938923462
