0.529213435193013
-0.487784636625961
0.474657832354613
0.0346414297215375
-0.0557546787359002
0.684838901545542
-0.34161568050533
-0.1829596661637
-0.378749414985175
0.734353037414859
0.041796764221752
0.620335950662325
-0.479977049180612
-0.259687015677303
0.730686771899264
0.593198541709958
-0.824604814825911
-0.867570963007731
0.0839858812972403
-0.834353965360252
-0.347476257578815
0.61980757250068
0.271409218559576
0.933328677765866
-0.748528567195229
-0.825719876776696
-0.103754898654605
0.531018291245566
-0.732712139350702
-0.138970050027553
0.0499135469358956
0.880104581652633
0.273397701861313
0.273923733835468
-0.0574289032829144
-0.13844415167448
-0.360086887464337
0.876134881756756
-0.71610403642405
-0.713366383531388
-0.626965648174352
-0.743382826736351
-0.398028871324864
-0.0497971783389266
0.837853564964222
-0.586489055891567
0.88960094971177
-0.833421048437013
0.261037161762081
0.394980607136652
-0.825698502212762
0.0879048414304517
0.392569948787468
0.806879937711595
0.628802090446707
-0.275909360191405
0.867769675406705
0.576804011415312
-0.353566934434608
-0.254559346228888
0.78183037074494
-0.0756397480871545
-0.844492444799558
-0.331568544732769
-0.160914042761328
-0.0183141198351658
-0.677119555295813
-0.542378640035673
0.811045318991162
0.976050195111338
0.915783677979491
-0.160150986181986
0.82454448022694
0.869944410764482
0.827113043960431
0.841062185930583
-0.557009579102333
0.0191963268588948
0.984431980857828
-0.60196103013257
0.97080944220243
-0.757687173056696
-0.297057969685226
-0.669558104018637
-0.491204456040301
0.162209294384233
-0.327423038966785
0.52800993101749
-0.965718699125319
-0.661386238253966
-0.518582105251235
0.533395569328141
0.389556834616485
-0.636289589926515
0.603817650728605
0.534932060689177
1.0115163193927
0.472122045109081
0.12019071674159
-0.0267561337814834
-0.568909429392706
0.189141306990523
0.364625585893947
0.944414689059685
-0.612354910082784
0.907996121664097
0.65445192666586
0.363030341393258
0.534760348567966
0.107847964015094
-0.0441580161639669
0.374845199418637
-0.866674258381917
-0.836243446711339
0.521338819677132
-0.991639039749538
-0.935516073953222
0.604180801475028
0.611072396171706
0.0234688926254841
0.417328237755414
-0.0828444754455153
-0.709081979655463
0.172422302643157
-0.425611069274676
-0.47102036870684
-0.917751548316659
-0.980610703454884
-0.561753058261233
-0.912736141720218
-0.134508026418821
0.000426279939636602
0.404812637072205
0.578460855338641
0.0527865160163243
-0.323457187463841
-0.0377026183039935
0.943420092957329
-0.146941409763056
-0.133434736834637
-0.132292025336739
0.51341168903965
0.502735598890777
0.892878900210041
-0.913969440018729
-0.625987984847383
-0.893184907332881
-0.164766124149584
0.0807445570466592
0.697420807096355
0.17449095577897
0.834158398667407
-0.821703473925916
0.157559537174567
-0.246086846996656
-0.361244844628521
-0.648920892874129
-0.520423447812653
0.796065309040297
-0.249405119053295
0.609028179817817
0.911247750700977
-0.710167071071534
0.954212945306185
0.941869662571339
0.970887359154951
0.168702526224936
0.95549598697846
-0.86045932949283
0.305036209386043
-0.953510253782143
-0.649256297862139
-0.484220249114204
0.922044314076794
-0.594420686124381
0.563042849044104
0.248982591412713
0.358354035125136
-0.388084264259119
-0.508807135246543
-0.611447339533764
-0.155271414703477
-0.379382026278384
-0.754624059407645
0.832276997611432
-0.222938804096075
-0.206095345593481
-0.932273076734575
0.685993792536468
-0.195105069073942
0.405264760057259
-0.330054981536608
0.588413446764961
-0.536035801397565
-0.799746870038182
0.737729202266581
-0.723276625397432
-0.082816248412848
-0.149228030637495
0.560231234664933
0.233581523042275
-0.692500527695783
0.12152984897279
0.284389882323511
-0.383763682571703
-0.348633157939796
0.0570591169149013
0.941686617724424
0.783228145135833
0.386008191080264
-0.327998574634368
0.531851259115423
0.2361326303366
-0.677543684857698
-0.379449109571229
-0.121940428479871
-0.267859877410637
0.403263622404933
0.734381576046936
0.684498856784226
-0.617253398244363
0.292164318180333
-0.843157625039517
0.837183191765194
-0.755227988679767
-0.966110041175928
-0.232885209751207
-0.93470074839533
-0.628802290456464
0.525199247538245
-0.860048439542851
-0.501747321133403
-0.428802601911022
0.182828458029671
0.221172474507171
-0.0978921096049504
-0.432076545527129
0.856449905484361
0.686124254812013
0.859001463195561
0.440883356265806
0.67173837916748
-0.90643529430881
0.430763650958739
-0.461608319479757
-0.71163360496224
-0.342756795244613
1.01811899203527
0.0662671175018137
-0.284726845213683
-0.816036658386878
-0.528477781840172
-0.850792377430763
0.817451647121867
-0.246920162780148
-0.0802576541510828
