0.447269940260894
0.746229123057839
0.732690034884986
0.744528741982708
0.327412928411893
-0.225272549996167
-0.985290128390074
-0.760542269463364
0.19545015521167
0.437700641057566
0.204044041256357
-0.886103199283367
-0.694902413747628
-0.197483140381192
-0.89130253848313
-0.0445111713559994
0.395438251760944
-0.733254986318812
-0.815491292726629
-0.631154606471551
0.472467986979217
0.760878304495889
0.308371577446272
-0.0619683598272607
0.829378224205299
0.37656656414339
-0.735580383617497
0.633127983933236
0.482801688436175
-0.308886973260517
-0.863964084513387
-0.483391169083456
-0.933004911712266
0.0336728086122376
-0.764098917661866
0.117391869433424
0.808794313849997
-0.00315769479000136
0.292953379663067
-0.432839573318263
0.614660227445886
0.528032754551052
0.954093530012911
0.248302997882637
0.213905338000622
-0.577131974178256
-0.398225410969749
-0.251856765812694
0.431094909352831
0.862754636793757
0.800780278075306
-0.617681884894817
-0.115329804268156
-0.0722602964274688
-0.701555025658915
-0.108566884039198
0.5831250953771
-0.371708221712732
-0.389393502839229
-0.369016235249168
-0.580223954985985
-0.90843405724346
-0.75807056441165
0.428331604858071
-0.436955357217003
0.478590099147897
-0.14942644981351
-0.803450426008427
-0.550054693968961
-0.962921245772477
0.287650451095242
-0.492128419789745
0.166721872390585
0.296377812769719
-1.02289819742528
0.27951759538385
0.815174668699398
0.93056010984162
0.148866474610923
0.384493697236091
0.941287327084711
0.217679152455476
0.719724545296528
0.142812924325542
0.688744467945193
-1.00263107257018
-1.14174678062436
-0.421930080418732
0.106494412955825
-0.10228504303508
0.57638355471787
0.121623205481281
0.324289280158275
-0.104787919949565
0.796170528404919
0.251870266958214
-0.784625374131683
-0.601008934198677
0.898492006953087
-0.154384870764725
-0.276765112056563
0.0526533103055413
0.179462915069353
0.28663697361862
-0.0715116723833824
0.468975820014004
-0.687283138204126
0.574421430694192
0.776170290063701
0.649351055295882
0.0300410941094637
0.385801059129131
0.870893406638802
-0.746720209345892
0.0101243200135136
-0.924632818380485
0.923308926577998
0.262323934339348
0.739366337608779
0.642500217807523
-0.655799012409411
-0.479086019525573
0.812663922136132
0.773828904788551
0.867659255672413
0.081521001884586
0.105997904662037
0.716489828751597
