-0.306045887465418
-0.364241061852833
0.488426636212592
0.962609424472613
0.401431948143944
0.839576675266003
-0.514887793064439
-0.617577315625721
-0.621578562973365
-0.913774243061769
0.736652267676815
-0.227295204974739
0.723198317366708
-0.31465166007315
-0.81982307112469
0.884566070034264
0.242527816784451
0.207187760569046
-0.479885313856444
0.532971674322579
-0.341583284229055
0.59966045754163
0.424786222519484
-0.797345439843391
0.397756809428242
-0.549372092460341
0.235156676381571
0.923392718789212
0.652780535310522
0.0498735351055152
0.157421948827211
0.41087560168174
0.178434532043408
-0.162887123143015
0.935157959109079
0.660088455618576
-0.463634914154157
-0.0169564465780205
0.514411012942028
0.639445463118509
-0.309414249493658
-0.720694930508927
-0.675947200418671
0.751257173888878
-0.9054370573537
-0.0551906846928181
-0.0810237980123726
0.894050424369524
-0.833852031713675
-0.372829327495194
-0.145840591241242
0.739082821576806
-0.745420226618839
0.254473565910461
0.0449269989522963
0.494985688278894
0.784177851547672
-0.567084876181311
0.0103462346721158
0.0691062003167136
0.539709910721442
-0.000542493335080253
-0.00920657227452398
0.434381479627648
0.100545843094896
0.984184706592291
-0.391241757819549
-0.285219706111146
0.0227581003663196
-0.197050971924808
0.00172863365743722
0.23210726866474
-0.99198061123702
-0.46280723887745
0.830271151483362
-0.263174976821805
0.622259450865768
-0.114301847551675
-0.657358469519367
0.518923167570995
0.456557148776171
-0.853373736479052
-0.540188088960479
0.525625593819767
0.765577674259837
0.141844402929041
0.950947584859865
-0.675102200020083
0.826553205334591
-0.897007819492088
-0.484077932396002
0.832465811481656
-0.371021487866545
0.34153472880536
0.966313482917123
-0.690032386752592
-0.393912099791484
-0.954969861091038
0.969874960686272
-0.413547434161635
-0.362232658081346
-0.353891989540778
0.0319771819226015
-0.190844206882673
0.118773442004063
-0.490978906336235
-0.101282712425371
-0.168244935576112
0.318588923355618
0.370378353853973
0.701401317140311
0.63384596920115
-0.678160459087677
-0.422027772231062
-0.0168975883262057
-0.8547857262283
0.605770360557546
0.741630107673889
0.56545836013369
0.298192298122087
-0.172775557667564
-0.902256206139045
-0.84820536369197
-0.788335508528683
-0.312814405894285
0.11480780680699
0.186214832594071
-0.53945784379188
-0.249950253278819
-0.824653918018573
0.893520617065533
0.148331057598474
0.622446955108166
0.241553248799539
-0.549163160530642
1.00738240933516
0.263977703081697
0.586006866383238
-0.639981175078117
0.719934652590258
0.27126547172863
-0.0644944566834863
-0.307355069075814
0.319237474930708
-0.0893099581203907
0.411833419820729
0.812709494896308
0.250003900669028
0.247980687184575
-0.123280539564414
0.659463519161863
0.245697029702949
0.199212766109695
0.626491216390137
0.0751429017904168
0.230850530961034
0.873489343563024
-0.858994757967101
-0.499236880714691
0.836554031635347
-0.819817896719822
0.605718474634418
-0.704936399972549
-0.218378093504607
0.192427766045472
0.994222672488236
-0.755216090060466
0.00215768809797984
0.553115349506124
0.496397548470571
0.126586592153976
0.162535628904708
0.0558324096680136
-0.908089416110957
-0.362194654728279
1.03767942057273
0.036524103507215
-0.358962738137028
-0.468204594890411
0.364878354523294
-0.419665725803523
-0.346390722424502
-0.0279336175521313
0.205283521906703
-0.961616445728405
-0.752849674268877
-0.109034053639531
-0.0818887785121313
0.431489321731125
-0.569317741717412
-0.576223347548378
0.655549069760317
0.87156786282602
-0.354353976065565
-0.591732993481095
0.0700179743306192
-0.0320888450729226
0.18830412110428
-0.139118929239851
-0.495308355514021
-0.980256923282861
-0.595881777898162
-0.320597036961883
0.11818575028275
-0.0576553483717082
0.169578592640302
0.95711214358171
-0.520246747201348
0.573741007527846
0.904081857812765
0.932346045364238
-0.44431754897885
-0.674539064117669
-0.438391175667845
-0.907524662372925
0.0591685720932059
0.0585407311092545
0.00556764248995402
0.623790551686111
-0.607564861025883
0.510147340984366
0.0691294436719032
0.921821307486756
-0.943335461364338
0.783756444047199
-0.773079259889697
0.666533308663546
0.738492090391715
0.152149144141558
-0.491052169461385
-0.71270055530604
-0.771313254171265
0.482825893243179
0.0155647713586348
0.690660011075324
-0.267320729466615
-0.930984404856787
0.615643940071107
0.275879002213293
0.98689432917114
0.699705634539671
0.885107922225366
-0.0486952186606457
0.366588608501682
-0.424437213922955
0.256459740158371
0.0469107036828028
0.188092742212621
-0.966193866114298
0.525078839907565
0.947553360957602
-0.570498644040619
0.810349674873256
0.951239032875725
-0.805798885004964
0.623832013076524
