0.795532301081718
-0.836808514131764
0.0970066956766775
-0.483342289673599
0.880077892080795
0.863799557826269
-0.233636538145158
-0.819162208173793
-0.184926382838617
0.137844293427986
0.0238832270669762
0.432374463037307
-0.986754463398196
-0.249656802905471
-0.208222486929127
0.10950153487546
0.164692911761531
0.520767073634458
-0.296294236309875
-0.14415392761831
0.020094757168969
0.888145342928983
-0.674392262107737
0.389357448974363
-0.813276219891718
0.215086919140912
-0.385320924731563
0.526097746278173
0.724912685764292
-0.408995439164647
0.513569627873075
-0.255293012622903
-0.224059083196546
-0.19605031562123
0.319974101322598
-0.32790761522635
-0.562140044659698
0.644838718168431
-0.512368147658732
0.0151985193550077
-0.926797556101503
-0.510240466587862
0.385284103039957
0.812604737529643
-0.85356281388222
-0.122419797770576
0.132004077898468
0.485501924853799
0.800878175730809
-0.411902792590295
0.281364938752279
-0.976336387727931
0.353011071667797
0.191296225297416
-0.904053213126514
0.77400675103408
0.43154209001829
0.884556663497539
0.465325581319349
-0.322426512501623
0.39086328929126
0.990509760940218
-0.0872449679702883
0.0158434147106361
-0.394145302852748
0.223071852767002
0.767482291926319
-0.0124791422873981
-0.710819127218846
-0.552139959964995
-0.937612637432379
-0.57916936071671
0.218827532244652
0.70106663594294
-0.139289342688816
0.975807559466426
0.91153378464303
-0.58658484211235
-0.543430270600731
-0.630789206849387
-0.82563045602325
0.836087527934968
-0.436641968467138
-0.214997583519234
0.6744450083384
-0.840930167330888
0.196049001552824
-0.920005316088636
0.321927292981824
0.391974077726448
0.742654483578761
0.232610726770968
-0.295868283439483
-0.812768064170353
0.941540936986898
0.293846207898944
-0.284920629122267
0.712470220324664
0.224894101177209
0.267719317059834
-0.649279769244773
0.769792044987817
0.334139983462422
0.346086614934707
0.86989933111413
0.509807183249702
-0.041747021702152
0.72323065359965
-0.859386947574083
-0.00568913413419016
-0.75035991116784
0.521125150518726
0.635107041549574
-0.0783708718348901
0.672890384650847
0.379285325029342
0.441504316902562
0.256365631857009
-0.678754362246305
-0.825531433684118
0.653731915059175
0.956405856552788
0.443249733110107
-0.479453596173599
-0.352101882906689
-0.473057085061507
-0.59887438308288
0.123047033095754
