0.533493677407413
-0.359502735571227
0.246251489185201
-0.511732565584046
-0.25982406369787
-0.81753560839527
0.156329824128203
-0.315051119477076
0.277416179397425
-0.807560008865443
0.701349613589784
-0.904196379999138
-0.71718224744656
-0.31351839879756
-0.28492136685671
-0.0912044943056142
0.101714334631991
0.778931463086158
-0.707099208603205
-0.619614839935836
-0.374325698873306
-0.597234502540754
0.087390324927803
-0.489646291173144
-0.820944173008435
-0.809024251230432
-0.169745962303888
0.522264339357155
-0.165385643441413
0.840034904952399
0.729086239009489
-0.0950830469244399
-0.199620081212701
0.0389322202732189
0.00833131618091795
0.0497154895989847
0.958525695824136
0.561966870403554
-0.488553087516342
-0.51831403050564
-0.559943049753443
-0.579445606427079
0.257990209785408
0.456237479292499
0.1437129980737
-0.527782897201024
0.430239129020906
-0.125736249326199
0.590465236746779
-0.874429890076719
-0.0129934823937517
-0.219881569370593
0.835184215470819
-0.77757694780644
-0.832950138602432
-0.587113702555055
-0.446312399502723
-0.282519589250573
-0.718819861804811
0.436365582724949
-0.814295024290695
0.712418681479346
-0.168128247107832
-0.71455631378897
0.750825905334161
-0.453094989547
0.160924429065842
-0.660460255506526
-0.466466908888666
-0.101800271647247
0.111013536194977
0.763598612320985
0.644035698305469
0.57448916038013
0.25159304850415
0.574827971357344
0.666829016938184
-0.72644971606488
0.526444260625013
-0.492409959259779
-0.181858855979583
-0.392336338336911
-0.517786724143632
-0.0410062688397814
0.676358323643771
-0.778615083878044
-0.690956957940121
0.457826581036023
-0.216915564033024
0.860747987704409
-0.00795779389796482
-0.0773288542688095
-0.184791871017608
-0.736218296567375
-0.164738886864414
0.735713513137656
-0.558986111676737
-0.27158760679994
-0.514277621337597
-0.444950357920767
-0.397855194392603
-0.723465822437617
-0.225994690501008
0.577278067157395
-0.677705029513641
0.816682855072604
-0.778971755395706
-0.012325796330377
0.746732425954294
-0.104048358076005
-0.0178424979435518
0.393258700898296
0.128917316309057
0.0312389461530436
0.0038882374856827
0.893815095398365
0.382270653903928
0.490476043580962
0.237472085435256
-0.141509014444676
-0.281809870099681
0.969626391770679
-0.39987982139717
0.150490601895856
-0.702672075480236
0.206584121218797
0.711285808731093
0.47979429600014
-0.629360006390659
0.306139431166436
0.475136357708085
-0.775393763129661
0.0520949815859326
0.897900502324791
0.104013609069132
-0.261479047491512
-0.817719290130542
-0.0174398098949732
-0.968632664534173
-0.83914075600659
-0.0191367679522562
0.792382069483395
0.682710956258551
0.767964821459862
0.908148435492105
0.678941299663556
-0.565123200799447
-0.306997287953732
0.573688577180304
0.339195977471365
0.255888286504336
0.508768254077425
-0.326067410015855
0.0415415463791099
0.250501824206738
-0.49364101269763
0.30930340195183
-0.984131884271883
-0.157416637193298
0.438671988538905
0.389915535954099
-0.714619711278475
0.765908270002661
-0.227800186872595
-0.90433934817376
-0.294034013079945
0.400790521867107
-0.799808863880378
0.172782001289978
0.510803318525657
0.453825385553229
0.0662393276642827
0.0635548202134038
0.524007053249778
0.719554036176574
0.335823457499077
0.394527928290244
-0.0274909254951427
0.211600004208272
0.0243122120142556
0.0442029060623126
0.086957838445639
0.382786515869053
-0.647771948019002
0.479290827030843
0.242191611453923
-0.597427831506999
0.960993419372415
0.209710111018191
-0.874024076030393
-0.382474752592499
0.466183604980929
0.077231337777159
0.612900259944622
-0.366674526877801
-0.576865648095665
0.726092787161168
0.741436228876238
0.556186022694385
-0.165563966223825
0.484721614099685
-0.153004601939651
0.632573856310825
-0.981835455659696
-0.432069503675782
-0.85842162128654
-0.386721467705642
0.810174013486504
-0.064484499237516
-0.654330492683704
0.154328680332503
0.630430619580483
0.74780706352783
0.443360438770176
0.679074922075686
0.432845650237476
-0.232261556183114
-0.977035819705082
-0.202613570239106
0.17201705662066
0.918965633684808
-0.926171624212131
-0.432068158776779
-0.175253846547508
0.872157771009352
0.454206213583959
0.1182873750319
0.870376580403772
-0.733840141740981
0.52292514260634
-0.627986823309876
-0.0575551268929173
-0.398323926058234
-0.685118220080719
-0.0411736588859889
0.147369892006447
-0.836201402340872
-0.66431425555061
0.00279489681657744
0.437272433472368
-0.616952060822586
0.768209151701999
-0.0250263904797777
-0.353852660066818
0.860360697520476
-0.346852689972675
-0.936476650924208
-0.774971311861313
0.795694317403905
0.0539558461355183
-0.427598684709411
-0.0202527787497183
-0.0794487635322515
-0.436229468965433
0.160196949315756
0.600002931596018
