-0.35615040228093
0.367036499923253
0.18084755374905
-0.407214619888483
-0.884812689571606
0.350835394009717
-0.449149472062596
0.935806763893655
0.906372602427402
-0.0421560163259003
0.168415375023021
-0.556370494579917
0.898261154998371
0.0170858875373396
-0.156724178493261
-0.00921380762774868
0.324428124152648
-0.191210134402527
0.320947011037163
0.0417401308243757
-0.803683681372022
0.0514799678039972
0.693958922021606
-0.574448502214399
0.590560030708014
0.603558859251517
0.556658837675507
0.424344045283062
-0.154809098952721
0.942382339353828
-0.291699829133941
0.11613466602797
0.534872120931263
0.421189774731017
-0.724341832093886
-0.78992237767092
0.556986497031629
-0.252132237187004
-0.952523057081304
-0.810543093188785
-0.587694979757845
0.150502880677854
-0.904355367206836
0.902610264285683
-0.968385584012493
0.020567896379254
0.856948114457801
-0.828630418773617
0.243502167009709
0.440378178891969
0.603244541266699
-0.613629897869997
-0.537031755432439
0.320946560972428
-0.323804351129686
0.283913658344261
0.692169802708744
0.288990327180348
-0.955067625027778
0.189111323578335
-0.159721632508172
-0.180274442975284
0.434771400452547
0.858520200874606
0.434319535621246
-0.869353697175798
0.484879146922841
-0.492240683558084
0.911087194957372
0.317879460998653
0.523036301303496
-0.244113510782939
0.754394601652866
-0.434755914197379
0.226993457271072
0.724905851568133
-0.904413698653661
-0.856159889181869
0.456988691007777
0.359875855071253
-0.657258815520017
0.319036760330206
0.129400466755231
0.652616523911059
0.856856694060049
-0.0706005480975286
0.267435753149235
-0.83619217801252
0.473193049217917
0.65900682156066
-0.889440820010981
0.248682153085515
0.405970293972535
-0.375834804358545
0.304339099227864
-0.204109955990612
-0.822514247543462
0.636049450525838
0.955830533373313
0.274632308986385
-0.17588206439784
-0.906509471390958
-0.339242130725805
0.745941614980113
-0.0854188134830205
-0.587097824482667
0.523569000377544
0.917230245431296
0.398783371952475
-0.790313730069908
-0.452132626199292
0.941661845127201
-0.429763452772513
-0.614275064448476
0.204312069139163
-0.134186789129895
-0.769771926936652
0.896665298476532
0.204372038196838
0.747764715985376
-0.235662725081632
0.0930620244127442
0.390739114778163
0.403726015893778
0.235880366107226
-0.805976156124767
-0.670872844879108
0.770081485217034
