0.0790944493305868
-0.303834074917166
-0.0997341946697484
-0.145710653043011
-0.457574729726985
-0.578058621631889
0.281625714011729
0.750151783635922
-0.766646317657437
0.00238082166058613
0.474634619533115
0.982990861940184
-0.793215807278704
-0.00954258245601995
0.458416664521491
-0.776747066216502
-0.858851357337422
0.751475267901189
-0.149125889728878
-0.635199958522384
-0.91202439591922
-0.424737457707941
-0.824223387988685
-0.262835384843418
-0.608321783165043
0.888340163685972
0.768817229284184
0.98884734925323
0.436819117573849
0.0920733562768772
0.368562336757205
0.599055626973012
0.524673400240513
0.0949942986299366
0.83239480928184
-0.940179658456384
-0.350327630210555
-0.417151384957007
0.374681946106106
0.637374260080407
0.672343071371767
0.0647894327465651
-0.213251370298018
0.557187215560664
0.859619837759038
0.897646218793057
0.232434546339097
-0.890566971698648
-0.481855002786021
0.398578462766686
0.459833381025007
0.931730937271571
0.229984027183592
-0.824721312278384
0.87163319857638
-0.491421560495538
-0.0273791029048875
-0.537175630402007
-0.88083831385605
-0.976081555800537
0.995279803713314
0.675155083502415
0.445638891250401
0.0517739740206722
0.0174040810189643
0.0747165202838782
0.132972066863388
0.172485518033659
-0.925141988939659
0.215583627042721
-0.922143922733189
-0.373447791045047
0.703469676606374
0.427779396737059
-0.189443911992671
-0.832907776089759
-0.829564834716667
0.178767851300711
-0.0593940247062113
-0.94587288009672
-0.559593967771015
0.908821427356882
0.686090169094499
-0.899216525681857
-0.381090756694474
-0.833466717180635
-0.279037520871671
0.661288997414123
0.255209081686017
0.0232058607161396
-0.825919020666758
-0.85602700926163
0.0872379005873736
-0.931004258077231
0.203435374452255
-0.273560651796615
-0.030932700804467
-0.176398091584837
-0.423067924917082
-0.41561377737145
0.876171144922606
0.0696844068013013
0.989381917056495
0.153179349548943
0.153055000908545
-0.313071797461721
-0.997732502265108
-0.538870587094953
-0.0809222074124884
0.74000108256774
0.345524519550514
0.96966077450841
0.935833363119093
0.306200414774328
-0.00335332754987803
0.376399153688238
0.374533520040232
-0.119008609494958
0.550666971179604
0.175602789310907
-0.080533450652376
-0.246901504949491
-0.506775396913714
-0.368894007937049
-0.675379887864284
-0.987393881813406
0.949250883099829
-0.257762163697239
