0.577153753488754
-0.497303865789774
-0.812588608279409
0.698147787998885
-0.926621720401494
-0.169643661940733
-0.917518089357067
0.198293986362821
-0.377651310334593
-0.224953789216686
-0.636930587787006
0.714427796853923
0.932335543629529
0.805569975064203
0.855660215245019
0.188376381463089
-0.519492653555782
-0.590166631370911
-0.337971211282622
0.955907191202118
-0.735348293560346
0.982833054388306
-0.568051860363712
0.107772280897986
-0.400891070958549
-0.0332784891603918
-0.283245530050187
-0.395620824797328
0.123614763507926
0.741264227627244
-0.408154607591971
-0.646384019291061
0.415375812085506
0.937086686939871
0.243454653733163
0.655498571317601
0.133512140400524
0.0620864018064564
-0.916132722003035
-0.323100417586688
0.0863937699462242
0.890074517835758
-0.194881015962019
0.751485685363244
-0.472040948969807
-0.847203746192068
0.672311474825227
0.440037679091413
-0.792873070412306
0.430438977828062
-0.428255387979515
-0.0812339095499012
0.364194839688105
0.296842949184124
-0.508383618050422
0.0751042830966506
-0.334128700181214
0.0895996504781241
0.354237242165649
0.115737956635707
0.453516930226519
0.649553889261163
-0.0295019122884205
-0.290786428259534
-0.646996354769258
-0.443019453152262
0.140286328411393
0.716763679566448
-0.928123847631601
-0.68926542222564
-0.373633702701341
0.530781452992183
0.127580313235798
0.98450710545642
-0.584299554657944
0.631720886401077
-0.75411970509503
0.929603006941644
0.136410917792826
-0.590849228467968
0.953072179810439
0.762967775956296
0.442843602375942
-0.0925194990307081
0.533290750442152
-0.171047685850529
0.497759144011089
0.808438382482725
-0.886259398186179
-0.534413576731407
-0.0794670315762044
0.943201339741306
0.546682979685122
-0.725633417751079
-0.247800884873746
0.181999913970795
0.256131132468521
0.270739726384074
0.266372916820821
0.0495292261096779
-0.700191734521693
-0.74010348200008
0.290332149630556
0.165565954658713
0.560639637512775
-0.519617832351635
-0.427190189054046
-0.223035469964299
-0.448018905893517
0.520176133847807
0.0431895934524143
-0.416967977374953
0.46053680597044
-0.409748851497113
-0.938071758481012
-0.686722200254189
-0.931309387597244
0.29704233835208
-0.345300916637698
-0.534195334695057
-0.118807104664514
0.702340408069155
-0.447165147329779
0.134731421395821
-0.0648061055811342
-0.633272043543409
-0.373394594946899
0.561097593855873
