0.585591627790045
-0.0209210456245412
-0.430060772690484
-0.176886481269762
0.0560923690495387
0.118266005296803
0.261953610076981
-0.47161151035467
-0.0730673818846108
-0.938801146932548
0.903922154600684
-0.580202586135662
0.343099384022817
0.773879411835266
0.274118869806436
0.123375763164052
0.375409734860298
0.516814592955041
-0.189746052355028
-0.277049471674039
0.472662424036777
-0.881319174159802
-0.475406031459677
0.248168866641277
-0.24453145416093
0.378230992988744
0.858776103172453
-0.650508775200961
0.219988095540242
-0.257176352886014
0.16160440032313
0.77189292053713
0.051285100092988
-0.240843228325581
-0.658002427303903
0.314039601492363
-0.244697676115616
-0.61777539005463
-0.196132053873354
-0.564482278868489
0.208020537855316
-0.784730053972055
-0.755783390206866
-0.63938160860668
0.505454169451267
0.563688142686517
-0.583307880179447
-0.339702925788453
0.142842162595255
-0.0364879979990114
0.197131663832356
-0.565111228172742
-0.654616345413155
-0.886420601591901
-0.2577315381398
0.490933089573856
-0.412876901724423
0.0962564221655719
0.437375443894023
0.0864851573150409
-0.484417069876555
-0.473031230328593
0.276233509068617
-0.0659916407619227
-0.676494660347732
-0.0748352683431695
0.420941197885081
0.195408968648856
-0.88056369463818
0.683302893499039
0.825594329349424
-0.652815999752153
0.668146552187356
-0.492659788980334
-0.954962428816469
0.612677666439997
0.387901490427523
0.763668044436552
0.474863356464581
0.569906093975267
0.427354996465333
0.89766029671563
-0.0300449851231169
-0.639707072948138
0.748696819417462
-0.967678307151551
-0.189791207709461
-0.389005113378363
-0.393376068676273
-0.443220172077524
-0.918764545628441
-0.186882977209176
0.589212681070054
-0.970505260707136
-0.846223473676391
0.251794389311631
-0.0552566345814826
-0.907803077206108
0.925778471558459
-0.537643907848149
0.603723386117088
-0.498507276222833
0.0973760857331931
0.750450096305632
-0.600658764330716
0.0393173736990988
0.173070919501346
0.419842053158335
0.723957952352159
-0.884044572199792
0.68167050288863
0.231226439848753
-0.212748307994446
-0.084524816665215
-0.3190290703526
0.817195351579955
-0.0984204665254357
0.248872420910569
0.455610096218276
-0.0761912863625158
0.183831913437038
-0.716329599299494
-0.700205910497834
-0.757466686488411
0.34946894761206
-0.569471114534384
-0.994236594971787
-0.119237731182511
-0.0966284226067569
-0.251972675860486
-0.773920329152413
0.825862573652611
-0.684057287034852
0.9882584411604
0.525600587003216
0.977257848355615
0.301538151534962
-0.799416681134937
0.641390904067281
-0.406896110791614
-0.875535167759836
-0.673869333537801
-0.610211060509624
-0.772478257188052
0.185467217489337
-0.968156194265457
-0.579668420875121
-0.435629307132732
-0.430867555011171
0.403712883096088
0.908557753368002
0.402848418157926
0.853783718539307
-0.339111444611082
0.565757232211678
0.181104522036577
0.529063140455712
-0.832269448370818
-0.845053928017732
0.597354658655449
-0.517927930660125
0.470093912377002
0.524438418793494
-0.786813449712668
0.136911292374382
-0.511855582597987
0.104724571618098
-0.78707885308763
-0.724403673344238
-0.878429869076527
0.953100605182419
0.486064676697666
0.455851188372914
0.656340026485629
-0.226523494156377
0.590579092421484
0.437955541930921
0.162983676887218
-0.720173288957168
0.152668518281135
0.13144055366567
0.473088368557827
-0.684720983255267
-0.853315784048922
-0.684608905012775
-0.257761984486605
0.385349386876816
0.152031875349129
0.583702363572454
0.538187654023367
0.236551272426739
0.504012083750981
-0.610090941713536
0.447935148100151
-0.615219764232752
0.802692901027287
0.743964286711258
0.723068516862053
-0.689328551479605
-0.506302860524843
-0.791178956613688
0.0805420227251061
-0.00885619534918366
-0.652274361654536
-0.475760409508829
0.147113011433723
-0.300971042462026
0.578797316298119
0.247846143725344
0.700388994156796
-0.64648324750041
0.62434807251612
0.897386435571516
-0.933692753142532
0.58425978965859
0.0354881597672714
-0.662747587002367
0.515052866650862
-0.978178424135037
0.725228548593281
0.991864729644985
-0.630526741134707
0.379335002241791
-0.967173240449527
-0.648748616208585
-0.741750116430493
-0.358768115296587
0.554076652831648
0.0908939553341835
0.925546502681464
0.418141605135629
-0.529683115427936
0.975180266735284
-0.858648898335008
0.624817271313182
-0.0637279458867402
0.779366138628175
0.755470069042084
0.210882991771324
0.703865499479202
-0.041494943794023
-0.712282550762611
-0.313842488616813
-0.00795945783259774
0.683049034364935
0.519310692130156
-0.943628108379002
-0.357851335146226
-0.393105147903295
0.349045601359717
0.609470656435575
0.38217230960013
-0.508499956830102
-0.274789545193476
0.495311160046795
-0.20913584515536
