0.0119803382044189
-0.377498573925117
0.676577736929475
0.950770066079751
-0.283763316011476
0.470564958969276
-0.596452114633446
0.689399269940919
0.754640297787608
0.00313500837511876
0.603629426990883
0.866314187163985
0.964286421247388
0.900830213856177
-0.468987150238266
0.287192119465776
0.595301822692047
0.89404006658148
-0.544974586033693
0.120203170869451
0.739981851736821
0.0271110568217541
-0.37749359322616
-0.136734984123005
-0.595366462583364
0.382240004544879
-0.568458391705718
-0.534443804669523
-0.364707547165618
0.153957170803072
0.813983407640525
-0.687410556923776
0.799392099117495
-0.464674688237068
-0.861177637382583
-0.772246976092887
-0.585176742828691
0.885611172319882
0.160851926522096
-0.0115302119901697
-0.95586561645028
0.81574984054654
-0.527388725670158
0.502004572903252
-0.11039392133834
0.94753444070878
-0.246928180402283
-0.370702872823725
-0.854018111992232
0.839153423289738
-0.060478933287429
0.0706826517915182
-0.394736178486342
-0.156331939314746
0.00375401335292727
0.164342421823372
0.29191454358266
-0.698803753618345
0.550323404727434
-0.909893370156348
-0.592111968875218
0.519851820005532
-0.422507626822081
-0.115307397519708
-0.259964041718081
0.981673167603925
0.784240090567711
0.529569334664849
0.0776412121272761
-0.0470822268533456
0.196384963549593
-0.207327786617534
0.227851958931004
0.334196268775786
-0.591334200436674
-0.332957515003177
0.706505100555126
-0.285487748128715
-0.787733611499895
0.075768840840381
0.151923712411683
-0.0757442089773944
-0.3250108736491
-0.8778082539769
0.709826273225685
-0.323934307909499
0.213855884375509
-0.430707898172621
0.1594316754171
-0.0639787672036149
0.678401332743618
0.555993198879413
-0.052404216480622
-0.466200523345272
0.886225915628639
-0.640004285152615
0.0993799527691315
0.291630419802051
0.316847475825473
0.548030222912555
-0.128572889713509
-0.958444485342712
0.766132703063821
0.25804979192128
-0.436975942520579
0.368116804216571
-0.377567374659622
0.784315720342717
-0.803658610301492
-0.71502628349874
0.425430268064201
-0.23491989092278
-0.480789851423732
-0.769187425772797
-0.667403655124554
0.925011245560255
0.844792581841447
0.0723253463182675
-0.720542126246594
-0.258438463700877
0.838218531755226
0.36926254492958
-0.889776890700136
0.92251596899676
0.710655316381561
-0.10374646237057
-0.273487166558741
-0.534624678189466
0.979912756100283
-0.11811966440089
-0.715132865831259
-0.664005483834699
0.567782552496243
-0.0352214095081697
0.0958529006645327
-0.869606061004099
-0.0853455351796738
-0.728964387864587
0.4710826393289
0.0195745771253212
-0.279259924466649
0.244655082183391
-0.518275612318324
0.765058075961114
0.551376027654532
-0.124103277310498
0.63690120125768
-0.990229884611629
0.0702540122030005
-0.186852461191462
0.587603939005127
-0.3214561227227
-0.606376896893511
-0.256548781995096
-0.74634219142853
-0.0577686779460208
-0.387381033501019
-0.250878504834376
-0.912378622133526
-0.686224929348653
-0.110893982619285
-0.816765534459977
-0.17515193258625
-0.236683473560628
-0.799591043130135
0.348365521770082
-0.234522207339725
-0.940910130116423
-0.518097053377317
-0.932181423662819
-0.241216539369484
0.929078794887102
0.884472984932099
-0.297917835004256
0.0721268206559066
-0.161316968642446
0.708373767833228
0.65650851756992
-0.44399144467648
-0.398994319880675
0.393643343068606
0.538107290162828
-0.886167049920344
0.473036165111498
0.947550390910106
-0.956728569287405
-0.0583565939048662
-0.605200895344505
0.833416369248204
-0.875773135766884
-0.857178432796118
0.16902938594247
-0.574615853529971
0.985757695557535
0.599867318832455
-0.658027338136163
0.887400196604163
0.849345087999763
0.757294800529079
0.447538795097645
-0.488036971459597
0.786918373419905
-0.411526777721842
-0.108530107459729
-0.50453231461623
-0.778961727785532
-0.446191019539814
-0.0506301402432123
-0.785916833640093
-0.242446515449566
0.653229367573847
-0.857829387446666
-0.196302583158059
0.541712679936987
0.59836983423327
0.839108419279241
-0.284764719497767
0.446897171854177
0.397634790889996
-0.204857690205939
-0.775772315009952
0.718617720296777
-0.080003559238996
-0.365938003104831
0.870943200334306
-0.518645262729118
0.302627214296975
-0.589390305509391
-0.0907596633350317
0.559029794935717
-0.877477476394826
-0.106122338721008
-0.6265903536598
-0.317835600959579
-0.0609654517862869
-0.553333813523562
0.414326137316783
0.645796105041068
-0.429664511752658
-0.195648705552432
-0.859323173785773
0.895647225730435
-0.0651332043969861
-0.236354917766235
0.502168203258055
-0.352840965324466
0.345839755251823
-0.127626727821911
-0.869082911213162
0.514194455978931
-0.106164781540697
-0.0863332617324991
0.947167704777502
-0.139552261457662
0.0275991653566872
-1.0050390980533
