0.0865435601526021
0.391676713184688
0.573470424188582
0.630767722450157
0.610191702926113
0.62785138858067
-0.657903079412872
0.206749577293824
-0.746031948434204
0.0223476806120228
-0.169280145281206
-0.737364307611735
0.862762267136037
-0.0682334156864834
-0.256655692397477
0.052197704744722
-0.572635271423572
-0.0483519250647269
-0.122661791410107
-0.850561481580392
0.224114940631527
-0.0694277381169671
-0.413573310486875
0.769620981509414
0.095628902960319
0.487416209608737
0.141327034261937
0.185421811517568
-0.704344003052729
-0.105436851694619
-0.424842081805357
0.399259213437382
-0.542318435969527
0.363783993958605
-0.0633439518407051
0.444365137551618
0.705788787951127
-0.376843676260053
0.779017849727594
0.405555120946146
-0.0323516767834615
-0.158731815119085
-0.195020050081286
0.608628127032105
-0.21372227018275
0.424027362196474
-0.403765102235853
-0.214569501134573
-0.480751426020488
-0.698380147016811
0.150164414301693
0.22398733240624
-0.467243944211495
-0.421108700806151
0.692844830481163
0.462116378948249
0.227394960576201
-0.658494620492156
-0.0767647499789132
-0.302959962938604
-0.344111479751783
-0.0892919973133485
0.940733678068341
-0.953067280566967
0.183596826982162
-0.604791527148511
-0.686232278692997
-0.480451114488279
-0.948127227247288
-0.132664644207577
-0.931425528012515
0.603835325360896
-0.119395060768023
-0.202824000688647
0.485581762106467
-0.909827700473684
-0.425568562118883
-0.23647625639676
-0.961759177230342
0.483492689710167
-0.068107725442985
0.0437213004183733
-0.0429977842598243
-0.330890497897529
0.531195745714536
0.935372893789426
0.672457379467643
-0.129782235296093
-0.59903836686882
0.0440641227856102
0.498244990836103
0.902429667855034
-0.998348802630726
-0.636722991526967
-0.234118403597958
0.444635619972245
0.489060560685993
0.526927235399005
0.613355519775926
-0.394309950923434
-0.24604299157119
0.549897361843052
-0.709498253549595
-0.382969319144439
0.565483766223596
-0.515949500798599
-0.609845162439302
0.855338998413608
-0.624816540558838
0.505764265671099
-0.101581202519351
0.602209113641939
0.943047518785483
0.975294638759355
0.0619648614873522
0.569974410926884
-0.521739900314198
0.361097296558799
-0.744791557256203
-0.385063969498551
0.975649280745531
-0.675586059331241
0.121329625929724
-0.518038478941003
0.401067443147677
-0.626720767310552
-0.985472590525176
0.426768210858857
0.90669282587182
0.763521425475926
0.251583422894163
-0.574382631886483
-0.635455232461936
0.784474795595715
-0.841870329492529
0.900606485343954
-0.193397807277362
-0.334745557258522
0.430015017761274
-0.798982011731825
0.459231130150362
0.784698764532874
-0.976360489656438
-0.006881087893569
0.47327977911739
0.361140107501029
0.219292180946091
-0.171537254886489
-0.250909717359738
0.304028911044475
-0.972871199985849
-0.700982785731044
0.481534611711109
0.55166935504426
0.458508708996628
0.607076409469485
-0.158227679209123
0.267472162131475
0.379075517487449
0.717869038383209
-0.580786641169506
-0.375277921518266
-0.749320156768151
-0.524864969896976
0.979074822398798
0.16938559847082
0.845810160191863
-0.130262612246149
0.992438766981667
0.763854327651244
0.250929316178692
-0.0492257638950259
0.22167767657732
0.875597633930306
-0.95462337396645
-0.347618120782125
-0.495195779727777
0.433174694678193
-0.385486501191697
0.0407123341982228
-0.362679782774048
0.0828927361046969
-0.410024807115973
0.085210083052962
-0.511985431476553
-0.830091458745269
0.45187717945606
0.731337859866574
-0.488552963910204
-0.805043791336204
0.301688357770902
-0.508053837640834
0.0464614467000158
-0.531867873706667
-0.866294188424228
-0.903642694761393
-0.985463151577219
-0.157782651038143
0.672122621213607
0.920123908804409
-0.486807259968821
-0.825553493093483
0.3321050864783
0.352596769481086
-0.590852467787864
0.564507980182253
0.194942196610639
-0.37551451542187
0.273412785573615
-0.913920723344791
-0.311628320964994
-0.410235371213754
-0.209934194944832
-0.48637447845305
-0.387550567378978
0.569480967558778
0.167418493631399
-0.492993091788801
0.877950517071665
0.47337523179911
-0.163008155376357
-0.779831292087566
0.847999211833586
0.0285279742924049
0.083119944819614
0.0881444379766381
-0.508289686022596
-0.579126115947201
0.517689183520883
0.263695267020542
-0.197982624522424
-0.833632731029416
-0.680306890021199
-0.79767335918113
0.142092696326687
0.654962371473893
-0.324687144606549
0.590804515254135
-0.049686564500246
0.884251262439217
-0.608807191926033
0.915585758643381
-0.338475460336109
-0.405328954857155
0.596356166086725
0.0640951254928602
0.268449064227179
-0.970693063837856
0.752404926345977
-0.16559098816367
0.149226355457668
-0.364407683781447
-0.773456171907076
0.0860801264593013
0.229157631569427
-0.500525348126921
