0.841465967771023
-0.772271524408351
-0.873803444544364
0.977183968773628
0.560445547332423
-0.512341664602927
0.387442196073537
0.782461697817467
-0.779017542489308
-0.676665052089852
0.334807298874465
0.144220420728386
-0.8341721731748
0.504508560469436
0.657666853029006
-0.581273970640461
-0.0648403110494604
0.667787829235192
-0.515575687829467
0.736475563315421
-0.480863919064955
-0.555679779475093
-1.008381312156
-0.432498623196145
-0.736859511313086
0.443013711627937
0.220034546608861
-0.33992719716417
-0.716088351732605
-0.996315710745309
0.690189861923729
0.078538561309231
-0.914738790699689
-0.88497888758226
0.94648829476844
0.595398682370618
0.720168299953119
-0.682424536763088
-0.277499177627526
-0.806171957925952
-0.426268610417633
-0.433615731601873
-0.219392345295738
0.0673551163521174
0.677774858547157
0.845962383164003
0.0387682901297371
0.458120631254024
-0.171149780740695
-0.351011954598636
0.660046610002557
0.932339282224802
-0.672671537157344
-0.21964952522467
-0.92881597887315
-0.36360843469196
0.893286856403556
-0.556811497158876
-0.616641791115727
0.0951233067567149
0.326651848088085
-0.785027753617067
-0.918462902259436
-0.347977155619317
-0.488569065395353
-0.596158749123473
-0.677340291481283
0.236526410155785
-0.498042200974025
0.365536495309191
-0.492546537637654
0.546660357961406
-0.170118769763064
0.995262213143218
0.891506939527875
-0.236384262419222
-0.354729908236125
-0.0466293736866383
-0.450386848540978
-0.015468983859882
0.0109024046684792
0.130395686262823
0.0221629748348901
0.921642078905085
-0.463772410699343
0.283644455661435
0.736347809581245
0.485271508892973
-0.542494715744443
0.285046172492159
0.552948198339983
0.95361497925328
0.163528473700963
0.960029138648251
0.945448214067318
-0.209913633075486
0.366293526713402
-0.436579866416678
-0.0832246316554214
0.456758191479269
-0.468886063501534
0.268973217297656
0.217209002043955
0.484275982396169
0.253848460678373
-0.877817256306295
-0.421919537218767
-0.96136084450451
-0.944378968430137
0.177341972230737
0.624516168806021
0.826053294942338
-0.310115292099229
-0.690858906225794
-0.771154479265559
-0.234152691746478
-0.710305040502517
0.395017169678642
0.062189862411221
0.816981267642082
0.361220540204295
-0.0662009992658875
0.523606123575385
0.466420193694212
0.872317403490877
-0.010405789388404
-0.780941980464792
0.231320711587079
-0.43072966367444
-0.912382129537716
0.782552592029066
0.428568931276419
-0.865896396286989
0.887225657713732
-0.5562269429142
0.185698114861956
-0.242158923892677
-0.889742208576495
-0.833687622318154
-0.816341478870746
-0.979920607257367
-0.0223211165842585
-0.219213358036639
0.376963902790484
0.397301062297782
-0.38218803064439
0.89513478493611
-0.577023549933491
0.88176785661302
-0.194176675277353
0.0454652048967365
0.236397519559451
-0.379538268037039
-0.0958702438403839
0.185030471550628
-0.898425441179007
0.21451049515646
0.502133727878185
-0.051462884536655
0.953720958232585
-0.231759751512118
-0.654476618524867
-0.200729185602182
0.443228843190908
-0.768915464057279
-0.795788148011682
0.395815246077264
0.78112002457258
-0.959642008859838
-0.025801533496912
0.857207089940185
-0.15421678315607
-0.251734561234803
0.243418442931657
0.333495068940047
0.227512999677125
0.0379106508636981
0.689210846804429
0.895151982529492
-0.957518048310672
-0.154542726286707
-0.436421663196414
-0.640238985192795
0.609120089054375
0.879124077158504
0.341528765688543
0.173497381230315
-0.279338468341501
-0.833646628687577
-0.839349419228604
-0.776510810115181
0.542627761828248
-0.792688230811995
0.498981866638728
0.776869139064043
-0.331295489158576
-0.427073233892653
0.544701680009243
0.60130728159888
0.324943180247225
0.0596433075641495
0.605013144397098
-0.234770636769284
0.225489870964206
-0.0876332452135161
0.857220016939381
-0.336362619204539
-0.107419969066236
-0.244892775722112
-0.760710250385707
0.450886687552768
-0.298050495285491
0.818331813399933
-0.0218664216099262
0.662877228800218
-0.161353528031678
0.300077389306598
-0.549546637164509
0.753359676682696
-0.676156668396844
0.265697888379266
0.805356579368031
-0.575725190229847
-0.0240573339114237
-0.551049448657795
0.749810375778282
0.624284595042587
-0.178973518262992
-0.632799304407655
0.799433008386297
-0.719354620429448
0.920917552308456
-0.484981373413714
-0.224196889051641
0.194423015441782
-0.2906147935095
0.603652668343369
0.487990349949138
-0.116726660120853
-0.751493344161903
-0.39282777989214
0.519015386207655
-0.35899500510765
-0.909399987540858
-0.327496502141433
0.0361276402757378
0.818417547605872
0.56911661626822
-0.621203831796569
0.698583895408127
0.907759690803945
-0.971512476901437
-0.402256262195714
-0.879408846136916
0.726615789553425
-0.228708727302724
