-0.383702025962645
0.174358303904132
-0.448272158636525
0.0562051175430062
-0.672571051294298
-0.618924703497775
0.196505030126033
0.290224003318234
0.93947623739764
-0.79483190682142
-0.475741560725483
0.88802608340827
0.398970936310965
-0.042202038136304
-0.556376440876878
0.288694389589826
0.621255062596023
0.899746322960245
-0.541049455496372
-0.330219723846424
-0.197366918635081
0.66654842392447
0.294135354549334
0.672057328583121
0.604061875182363
0.760194809902499
-0.0720136339718574
0.92169054359263
-0.405028858756733
-0.229550825219461
-0.388993392356433
0.211142610326215
-0.553922519911843
-0.532754795962583
-0.193271851907445
0.899809935235607
-0.206930568864461
0.191739894252721
-0.612667704451364
-0.413203114839731
0.564743785273644
-0.395634907919663
-0.624922722881583
0.193819179629934
0.267244019139527
0.515852830782399
0.773152668889843
-0.962621174389667
0.521615434961285
0.0232313287006957
0.983290196505911
0.72266082848527
-0.0485051786968337
0.613732447322875
-0.555163807693442
-0.208801028339829
0.5245567917876
0.314554071431575
0.161657131195093
-0.490134672793864
0.350823190881825
0.667885828877032
-0.0221027823213484
-0.369579338471214
-0.456011719397455
0.122589728689347
0.22330885639973
-0.348002764611669
-0.430064601828387
0.311524781275122
0.625468467621124
0.416286982623478
0.417792074553383
0.570584764778812
0.142750844512897
-0.0348551664474992
-0.493937596389061
0.263361441372345
-0.991301443026546
-0.0263409693735496
0.774248807390103
0.606541430529739
-0.0361508992163027
-1.00951517425653
0.552462612477198
-0.865272930468405
0.108950028364351
0.177212396868326
-0.624352836944302
0.144371076442968
-0.334199839874503
0.403782748624817
-0.115002593368733
-0.344851682990323
0.35436640402701
0.339432866072368
0.63283282994477
0.178694604014118
0.382604277730267
-0.0621727361762048
-0.754666702394058
-0.861549798897532
-0.993098456967225
-0.426497884793966
0.341793690569436
0.743994654957629
-0.0762356211142942
0.533635223017115
0.983597905850674
0.216721935781996
-0.398538359975631
-0.955552967076301
0.571982559904514
0.777281879848691
-0.670003490076415
0.784383746010402
0.0379692039248196
0.693861678226608
0.820056815349322
-0.147222226981041
-0.0170214433124188
0.066171735494741
-0.257894090722368
0.620177062064767
-0.321165805243168
0.6652891397406
-0.81367140145774
0.157248369003603
