0.656969397805574
-0.922153421162249
0.68373862049817
-0.86440591299044
-0.334834387185404
-0.471337867523099
-0.694798743825288
0.490780136874406
0.568801501545997
-0.773755291100602
-0.251102551854603
0.844045648648156
0.898513956679675
-0.0230915691867855
-0.977766056036811
-0.376854027104878
0.89653524725363
0.542378778521449
0.00622197107899443
-0.0281440556148742
0.618035498262696
-0.605874729058911
0.93678084504333
0.0373544895345347
0.123269026579807
0.705741591284543
-0.122544476279841
-0.183610907880277
0.277565910314098
0.0507676060833243
-0.723541167917454
-0.51094029586637
0.575385668403739
-0.802370651252917
-0.421498673307071
0.733455435811517
0.775120086811819
0.772319057819813
-0.156405355226834
0.944123692637064
-0.624931211390845
0.756223006988564
0.0414683039240328
0.405876912731354
0.494874721936864
-0.673775439018408
-0.0335429006603719
0.680456194233087
-0.674249086422004
0.13506171394818
-0.262840190653075
-0.276188216335477
0.42538914547277
-0.00455840001098994
0.808055592767308
0.241293655183585
-0.0813687248035836
-0.827881840987728
0.967473640362982
0.171051695551538
0.853797758745593
0.211110551272028
0.84688116026025
-0.458525832147123
0.521496111724155
-0.621224572884527
-0.0168821776030183
0.737771361609949
0.202700331256317
0.64911395504915
0.868006920929335
0.327004047106975
0.559446210764237
-0.712439624287841
-0.478716930900617
-0.569074515242695
0.111534490223139
1.05983427067831
0.392066864787147
0.351926572216828
0.160636922460592
-0.0740891115111182
0.761816587856085
0.528102335528942
-0.312582851645669
0.751195996414587
-0.491573240626383
0.502211927765624
-0.746779878528711
0.303963168723052
0.960538187006215
0.254260890439799
0.232989675635601
-0.413744469601271
-0.169332125332618
0.0999022831402069
-0.698714829452055
0.640691003661828
0.407772257729848
-0.792735778095996
0.421890543994889
-0.0461436971225705
0.92042176755722
0.601918696736619
0.975587512670157
-0.883734965173537
-0.509787900889568
0.465801383277716
0.271875919427796
-0.680930176657359
-0.657678002056935
0.725802436861861
0.851780165593111
0.0752049512048032
0.536779338087181
-0.496795278094509
-0.803032630491814
0.833546606046851
0.397087085288172
-0.532964386378706
-0.111613914284019
0.37781087050065
-0.101970458500819
-0.889882760060018
0.990436849600212
-0.498907109240941
0.869748151620918
0.676492416560611
-0.30239738847929
-0.513606533090834
0.169349343748835
-0.913854880807043
0.6665465511547
0.406977435159966
-0.0276589218274058
0.802342608742096
0.285476798068053
0.15072864274583
-0.36604809973715
0.162374097797981
-0.937778388284727
0.809538363701341
0.0895765654315895
-0.450859908358282
-0.560900629821724
0.74323961563243
-0.33588829409229
0.0397328487908548
-0.261734651885973
0.376415631997381
0.403244945337277
-0.684164099797259
-0.17827561832552
-0.00191451522437653
-0.981770700623806
-0.35422395772621
0.485193304618518
-0.827022957899536
0.843109230674176
0.285459909460936
-0.158127847631635
0.490259311815139
-0.869665554344186
0.832911739647019
0.134961663761498
-0.826315318223343
0.656223552032066
0.855760967247372
0.704756394718391
0.433482599729126
0.489139334678786
0.832010532549906
-0.0171680241028114
-0.120246138233419
-0.370845490717349
0.0135312905230492
0.838089207566459
-0.691315996302903
0.560246130339263
-0.900229874647998
-0.330398791499636
0.619801688847447
-0.366731280569591
0.792141406933435
0.6952390541838
-0.728912568808021
-0.543152759488703
-0.844402136245027
0.733158003360954
-0.502508587809424
0.444423505904408
0.0357291873878514
0.0108188653265749
-0.821731315094443
-0.522846699507262
-0.236100646790886
0.16130454238588
-0.443984737190326
0.751353489553245
-0.055790787568051
0.0636063007438653
0.248174886478522
0.597858181274502
0.798986965637423
0.215674888150196
-0.459531753603806
-0.696231029526793
0.657336253993344
0.147752910285909
-0.847822149833588
0.154524688285967
0.277873775814723
0.909657894517371
0.60248436703348
0.0463674587451377
-0.000883463431248899
0.188123266173489
-0.440397417195137
-0.358943700263809
0.774922044823485
0.963284978760444
0.127345627449861
0.352982349220229
-0.710951409244534
0.503155644701052
0.244452354555781
0.540063247943807
0.80062683253355
-0.857808897970617
-0.5827135480315
-0.558735410354169
-0.862573712920924
-0.133884920246898
0.484319196535477
0.827457664988916
-0.350543554385429
-0.13892520493264
0.921611136859967
0.0873552475498386
-0.53072399166235
0.738235532812381
0.627331995827027
0.754185797792301
0.00113666268970492
-0.642720364160348
0.87185316766267
0.202139412997542
0.137238556176215
-0.837957130947805
0.0403685817727602
-0.956624972147774
-0.198677324616348
-0.998776777873276
-0.602432421328431
-0.345914053183658
0.788265549129254
