-0.897450786539682
0.88753290505273
-0.0519082016397945
0.818828380259299
-0.850790552578474
0.933668176477767
-0.669415401709472
0.84114910768458
-0.4857981852251
-0.15967501496532
0.559528650310387
0.245672453996835
-0.968908626083199
0.610858376675367
-0.404537505068475
0.727612815620982
0.324147057282691
0.887544612870685
-0.732448669335866
0.3819431481275
0.305363008321536
0.754691440497613
0.950125751607965
-0.237395689337516
-0.651145232522319
-0.175007008573271
0.00721185295185446
0.485473810636301
0.601312760824267
0.28315592623677
-0.902517221059001
-0.326198883903277
-0.731516849547033
-0.299259618203523
0.558137605244926
0.745125140673429
-0.265086579842123
-0.681070008310637
0.76874300809053
-0.800889421033441
-0.457745998139269
-0.770170929174056
0.0309935915474153
-0.426041995203725
0.465195224513133
0.820814171689736
0.670408295938837
-0.404922418348785
0.0954938873529766
-0.00775686278803844
-0.983323871689874
-0.435095013432236
0.691925374405387
-0.717266400809818
0.873079274415361
0.945280007767197
0.580987895440557
0.757666858498735
0.765053314750866
0.429384106606439
-0.955618296284383
0.0750943809445328
0.58288168342445
0.478344010388247
-0.524727643079868
-0.257420423347958
0.603407135142417
0.606382521173153
0.126982220432478
-0.932088222815613
0.808730300105591
0.371535913652482
-0.617152613141017
-0.168748698031307
0.152208124929082
-0.437077852955693
0.990704253407628
-0.516248151392302
-0.378458477656534
-0.582640715065988
-0.252742881840718
0.870115061437264
0.157784655236782
-0.826647904389792
-0.868609386718315
0.909549191385864
-0.618035588740154
0.31778706156873
0.755876950448732
-0.806021132145862
0.48626065403191
-0.0214284699066913
-0.508921079932362
-0.780465913440902
-0.694568740771308
-0.756507516268478
-0.686392184992365
0.615743124485674
0.702868896250883
0.124580516270418
-0.899042325006236
0.946829373699355
0.190405733472035
0.151875080011867
0.0229129634540661
0.631448522401025
0.936888765635397
0.297606345769351
0.338038664636683
-0.908154259102686
-0.53746776205829
-0.864271688156387
-0.974875647094759
0.469985304226389
0.108090449868082
0.676664956798658
0.946469057738443
-0.775215851820063
0.274635066698058
0.532823676281633
-0.9160101858939
-0.692828966898668
0.800819330597807
0.938809095783235
0.541490125303072
0.297775576491383
-0.411284197610819
0.242980840773123
-0.845394605125451
0.250166260691991
-0.970993873835305
0.311735820607288
0.621646560765496
-0.649034205166931
0.40005333916797
-0.572235760201794
0.493557429273636
-0.683907527793199
0.486519584021289
0.877840960191046
-0.525693330181386
0.776248700230195
-0.807513264182018
0.666569946557006
0.723929341863105
-0.792342444392456
-0.466269792037255
0.501891891575868
0.498735690179951
-0.511871223630578
0.339601516894407
-0.401010007644583
-0.063043307452359
-0.197129406923197
0.58475838046303
-0.139903293451208
0.235372716785889
0.680454039501951
0.322821326898464
0.10617681264362
-0.557128729703928
0.723620286959799
0.598410994010495
-0.488377002281347
0.119382300076854
0.123000666955366
-0.348271031626179
-0.041223893159565
0.792826209523816
-0.44806899051842
-0.578232358906468
-0.598344273337219
-0.634758971623337
-0.277350389109134
0.677050127834171
0.99176514703475
-0.0206788910828212
0.955455542896969
-0.56520792806259
-0.641840079502524
0.567469739318791
-0.627657166970211
0.914892212355341
-0.395644652887853
0.846818593216651
0.693980288856359
0.407412617791544
-0.944074653121446
0.465723493644518
-0.511188693457458
-0.53183443051976
0.913849594727044
-0.318846449847601
0.492988027360458
-0.684174025426152
0.516294559128953
-0.760971119252769
-0.765421936532588
-0.753527171684833
-0.770439342178381
-0.0137656083535238
-0.0736566088555753
-0.792508688968392
-0.935581939231868
0.546095940636095
-0.745603390701945
-0.39503146343749
-0.668341146989153
-0.983072610875367
-0.462843038308083
0.560351147251443
-0.660565743416422
-0.551762702557155
0.154089011020567
0.072447018298215
-0.207966458015804
-0.402962707329397
0.621932021297667
-0.964778846359424
-0.176135790124019
0.956897597844697
0.405777116181662
-0.36428922923601
-0.187296210793339
-0.942565540728093
-0.361841444917578
-0.405709943979218
-0.805290897155368
-0.74879006244819
-0.766960615773305
-0.00936044328586284
-0.0513893865075856
-0.489842246419329
0.0335793849836214
-0.1316149054874
0.363744901675938
0.912877136245667
-0.133788297470423
0.151717527919715
-0.852484653433698
-0.290246758246505
0.335951916301581
0.422798837509139
-0.828144771976919
-0.954548260256395
-0.157086109023805
-0.760967937333456
0.364130249274147
-0.223097212524952
0.617249606601114
-0.0715757407942888
-0.463568364412036
0.880768049130908
-0.967420646392363
0.511198605830273
0.464353052755452
