-0.624806097092373
0.539991919053112
-0.522306297994627
0.790300748250262
0.0204750580505338
0.751277692876327
0.963581038292395
-0.339134057232804
0.657632405625571
0.317993575619066
0.167762196192895
0.150509849754643
0.608671942902848
0.904731003206141
0.952334334628823
-0.0325253303056608
0.811290244365762
-0.569251620975877
-0.922215714306434
0.67722218659741
0.818602009769454
0.0169323300672814
0.532479454206171
0.238474818402856
0.921238296149229
-0.61458736908296
-0.523198377041005
0.905149986386803
0.0352665414560449
-0.867641111600842
0.0911951240610003
0.966564681236021
-0.483927127004517
0.899566128597526
-0.661052092675249
-0.123733869509554
0.589108936313937
0.244920228539235
0.151513873266834
-0.558770700871108
0.806614541784945
-0.959261989649628
0.170907293341051
-0.831672920203667
0.789629123404101
-0.534293278641257
0.353736461513032
0.68777922948384
-0.228499975497128
-0.661359162586798
-0.458350380662097
-0.0936023094312636
0.559782276206794
-0.0365248024460365
0.933779743423364
-0.994885293534873
-0.766694602498346
0.181388077262463
-0.848489059556952
0.687892756985967
-0.689722045733549
-0.672349203302458
-0.64804949465781
0.566115710395043
0.371732870449066
0.0752665299513059
0.131096972509858
0.623159131076172
0.750755489468351
-0.0210305059395793
0.796605928500873
0.109268207818948
-0.454308340521593
-0.406510558387478
-0.0418584373533737
0.4434547875871
-0.49868217670701
0.601146885716665
-0.778999210860553
0.164934321631285
0.24871727055022
0.693332054685341
0.583815127445113
0.631541317267969
-0.998486981775759
0.909415643222213
-0.459933181366277
0.412060639126659
-0.624778057703182
0.0234121657354546
0.456202079657315
-0.918821581117371
-0.560947652485286
0.631234253875253
0.785048114540578
0.0114325561775106
-0.858416960316123
0.240946480170802
0.968106435696789
0.475041585189971
-0.95318703590655
-0.511467570353332
0.138641712202999
0.659449661465879
0.534022206302782
0.0442008547308215
0.305309991319789
-0.104255761029654
0.878934744706926
-0.451289856893331
-0.11700254027681
-0.11760013946044
-0.247654029067275
0.753116971255487
-0.413886696459648
-0.162012329740138
0.953558491073093
0.419105392485326
0.191360770925693
0.734683403406393
0.422283967723807
-0.234453384703804
0.775193584951769
0.15751859488578
0.0146027059713061
-0.904848270123409
0.716679635614591
-0.45942582302922
0.303695507216998
0.16315857044339
0.765588633974184
0.91511321260791
-0.7672824943245
0.18092344799083
-0.33695278956754
0.998668800861113
-0.48690972301098
-0.811905999621656
0.538436230151554
0.390478623625724
-0.509345944221211
0.332541685892193
-0.2987060365986
-0.534021361987013
-0.140633933087834
-0.293610944786104
0.369485515104662
-0.112478128585383
-0.723574432949228
0.976002913124638
-0.0412200550661662
-0.44193420658174
-0.273178990448339
0.289960429114742
0.32252370304486
0.897091973375858
0.967115924976622
0.45273451719017
0.961043293007155
0.821772642646926
0.574897833196342
-0.337363281205951
0.841386655654652
0.692573017514645
-0.626804400849258
-0.892680253311032
-0.80291642585883
0.209183526280291
0.337231700917948
-0.717433492275651
0.266274503871716
-0.576428385747282
-0.919056941311378
0.404883150573857
-0.0135277546670699
-0.152511488914292
0.534997009187014
0.593773664945867
-0.391316575226975
0.512491557891884
0.927873146759303
-0.506325201374312
-0.741676048327653
0.0302054416143743
-0.558152633591425
-0.865414482004697
-0.462780812038254
-0.836657030196802
0.0621411490049234
-0.5235965644114
0.933903258753772
-0.736958731537621
-0.44245217442055
0.284868235986753
-0.862591693004123
0.859871521254583
0.962609917114348
0.174665368143211
0.6421769366193
0.493895833180637
-0.343239875057353
0.0612025342624137
0.308350802303917
-0.495309320386435
-0.526751446752394
-1.00396943669928
0.119362856048285
-0.941104370855635
0.287057090124633
-0.228019408755666
0.93730014616871
-1.00647480456374
0.55939922453803
-0.459277408088305
0.587394318276052
0.41031692982999
-0.327465897697669
-0.479616159611703
-0.0687609585855352
-0.461105225621629
-0.0419837498335636
-0.785604103807609
0.825180377802188
0.500748290194114
0.225552989759631
0.722803624555692
0.0373494863825705
0.339921634443567
-0.00353916217353667
-0.453877646763275
0.590256951405038
-0.765719349724703
0.590241540938495
-0.736559834830105
0.459642853230666
-0.919736060293318
-0.341260362126854
0.0632136462720708
-0.872433502704794
-0.215781272590576
0.695918435343103
-0.0579481995357782
0.392959342977946
-0.835618183248901
0.0725934364055193
-0.740185598673805
-0.674661748164344
0.09048214292346
-0.321339522351269
0.413979041872288
-0.297383146041384
0.446188198288249
-0.376236099355474
-0.160358681108045
0.239426115506174
0.250752209474662
