-0.246403930818422
-0.186344266145985
-0.372870363784113
-0.182808017336253
-0.698415997144508
-0.0969023038564951
-0.231579053523959
0.655830550799001
0.53823066296021
0.103128432300186
-0.848295987166111
0.864674839794103
0.605628754118366
-0.837307627082258
-0.305336028384685
-0.461123512162778
-0.450224823525909
0.136114596100719
-1.01895584441197
0.982412890353989
-0.0448657263441494
0.475755051672782
-0.386397536887515
0.452606979173694
0.146161491334764
0.282656890303337
-0.135080883835862
-0.752848344647061
0.251772011794575
-0.993523927492726
0.802660264697225
0.0753711656422291
0.55719230757131
0.981552695718021
0.310801032294454
0.821824103408213
0.950108478197897
-0.462850817608
-0.918864402681309
0.30248449447862
0.526383896966322
-0.957781936606907
-0.0328285859277076
0.224167272901175
0.865016960173853
0.444228039487684
0.466259838391147
0.337074138135452
0.153795500361539
0.318784303147862
0.125728140203832
0.805560190856813
0.532657751163285
0.76091692569369
0.315128849606443
0.0327620082016513
0.259272512445939
-0.669597442355225
-0.617728241095153
0.357112838217426
-0.142009647228208
0.324057757529269
0.505951101957903
0.26610420481346
0.108128270889355
-0.343078510737975
0.516849982601679
-0.889317705535286
-0.838549130226576
0.631283740746898
0.271359844212552
-0.802310929332036
-0.574619022819867
-0.309004758251227
0.919222088650843
-0.796117881760194
-0.574816449319257
-0.276505302333494
-0.550174936425812
-0.265135694201746
0.778842003436842
-0.500487810525757
-0.210140230832924
0.469869930421506
0.420361893752371
0.38475315465903
0.618873309137363
0.263373524293586
-0.955435737799377
0.0550185103724465
-0.652960136693853
-0.777696928368954
-0.0673644973466725
0.525678229831281
-0.674252560663543
-0.614209329550731
-0.212769553102045
-0.642311777780454
0.116200233671553
-0.387817656544486
-0.580358151958883
-0.607411044107546
0.336035678665044
0.922962060170328
-0.793248575265638
-0.650201422613401
-0.628672281119204
-0.40311688864947
0.0696852768514268
0.1635732160704
-0.35212912413277
-0.433379262907006
-0.665795859859289
0.980111879461099
-0.49902203861989
0.456128762093337
0.689467489670297
-0.613383455156295
0.989099630105927
-0.995258136582957
0.191120370962577
-0.320316313986519
0.794625721449505
0.613033026040476
0.504319559366891
-0.634467260089
0.921752988195689
0.533400590355923
-0.14077608070019
0.70891872663202
-0.836271644857244
-0.814807380027084
-0.162961463853193
0.748752262542394
0.472115339599452
0.828710509531208
-0.731238918090298
0.731797847580525
-0.467877941775295
0.573363447939075
-0.951752822934712
-0.215346999903319
0.43034398093185
0.584009327192079
-0.713040467646732
-0.148385428358826
-0.348325240429989
-0.29815260734924
-0.526261228524129
-0.391901368524163
0.250623511819136
0.232913168916601
-0.530040734379475
-0.445132296765442
-0.563961218301829
-0.0700142781159205
0.100083996581824
-0.15933629398093
-0.251604174255021
0.641337215903428
0.32695871996064
-0.0278536253154049
-0.29783073521299
-0.630651069350476
0.588308941764185
-0.582426935648349
-0.564638198297386
0.988436589150232
0.882346459916227
-0.388785519290377
-0.37540005792522
-0.318179723530554
-0.0728519156754177
-0.666919178500432
0.941902258175862
-0.386719127318554
-0.131030506043685
-0.998448039434893
-0.584027843961963
0.857760202606268
0.37141602613081
0.197958544788601
-0.22038196067564
-0.857223196104927
0.369366806064663
-0.477411899601258
0.740812062317668
-0.851101728636479
-0.160881959304229
-0.885008417061547
0.285878199937379
-0.894330537677584
-0.809841588715249
0.58727252675966
-0.871258031823263
0.737721384501655
0.67037664448465
0.420643510399864
0.863654595030133
-0.190890731773337
0.836218555994006
-0.347285148100468
0.0424153072867874
0.0740498343980971
-0.669476760488013
-0.887000162495703
-0.569567215773098
0.265259015537938
-0.750766634224465
0.0473832549749152
0.697757646044003
-0.892392993678781
-0.129552644701316
-0.568754242774875
-0.57347521823672
-0.799592728673192
-0.187462857859455
-0.9360980808566
-0.777312609750132
0.625489268436603
0.752813098875522
-0.492509170659768
0.708822880687125
0.206746076764277
-0.0203904232476088
-0.803027081524848
-0.258953772577344
0.92921615199728
0.791237682374237
0.122279557398151
0.940268733038556
0.676835963388316
-0.495856057266962
0.895676903217353
-0.950438554566093
0.76361259174722
0.738275164213475
-0.0782176056115764
-0.147963537130703
-0.937513191101728
0.160223857759191
0.766430707932187
-0.7454118164524
-0.79899680577276
-0.291953487383983
-0.741837902474439
-0.245081210170536
0.363431346382139
0.786917617205024
0.00785721820672347
-0.586862612096592
0.0685398325480728
-0.464636264433515
0.757425448179312
-0.532295260231032
-0.192924047519506
