0.311025826197135
-0.387884968341309
0.231382498938406
0.213654851211535
-0.364599019493491
0.093187191262396
-0.728597549037254
-0.990457689936853
-0.000328021662148063
-0.798775288333529
0.390550749515375
-0.284878548845993
-0.0672673837032093
0.616219186749459
-0.41658827896429
-0.25003903118262
0.900179161110653
0.923745273152012
0.151365499687983
-0.74679574447703
-0.930819502012457
-0.646813479317969
-0.601548665294928
0.278185517659414
-0.38907885452035
0.844621948123708
0.715226992921078
0.37271892148384
-0.397170281381743
0.0912253485420379
0.0461968474283274
-0.910649399152882
0.405350426459505
-0.00298522789851982
-0.75091904087393
0.848810328873725
-0.71269438190756
-0.470303437640086
0.983542573725023
-0.34585657719128
0.251790213188275
0.180965967913655
-0.769292479407252
-0.778897814802331
-0.434696609942447
0.551513041803857
0.953959157264454
0.617298162701316
-0.702909371315005
0.456892525691084
0.374941979702285
-0.0880701277630873
-0.00127550287056012
0.1114127778984
0.0522875318089847
0.473227882584785
-0.399403967682349
0.33983336541009
0.468172037065126
-0.774786121553926
0.762745295676837
0.67915980827095
-0.0972038783407724
-0.0213345221599163
0.0165335685862725
0.913423771590233
-0.097270624669009
0.624178968047743
0.744394243894219
0.627873185911071
0.0270646948359375
-0.225036921051547
-0.514178295925363
0.983398178006164
0.818288638882459
0.936813278279593
0.15914892572616
-0.629412271455786
0.0950917375333677
-0.873072266611122
-1.00318748851916
0.521282523870598
0.379541324374765
-0.865846417182356
-0.254211911635887
-0.379426018841917
0.281124342646268
-0.948850501733329
-0.800079334496468
0.262966563121275
-0.210935580786272
-0.36239601376882
-0.774534832491008
0.569182103469146
-0.598519148691407
0.758824755292632
-0.688350073732637
0.107013723269182
-0.437428085411779
0.162219902545737
-0.63645487980993
0.974838208633635
-0.437785199096565
-0.60152113801549
0.461273638183185
-0.575593517184907
0.772400430008589
0.498457743811067
0.659869244672953
-0.0156195112276339
0.309842296920044
0.43667199878804
-0.624938077275599
0.0802418841763047
0.439501260121825
-0.284246019315703
0.45162547943928
-0.591823854785524
-0.315534191476713
0.530467759652747
-0.384986607972708
-0.679867477331196
0.633658532203422
-0.560795721366906
0.272573961020714
-0.335846492213585
-0.864099495263709
0.269689948354727
0.0933463880633947
0.918341788775069
-0.32275601375726
0.759905411182824
0.353948669350781
-0.198925189084768
-0.53264528648141
0.681819754447789
-0.974654991786638
0.658452836550493
0.917667606086954
0.0547868654510265
0.672318572836741
-0.772972911293413
-0.523236326326038
0.344589762974273
0.13123279204523
0.78471622907676
-0.838516680780607
-0.726969003260885
0.216603754791678
-0.907698575644063
-0.460949987489936
0.334078759993848
0.272835922818676
0.585139923455214
0.0167883684111131
-0.413000952937474
-0.272641114828265
0.239817167570105
-0.465161527157844
0.864360331541471
0.236294755944941
-0.0451975583219268
-0.879754652476432
0.57019157627709
-0.0566434223858651
-0.203681596656942
0.0519212209253652
0.886835021676011
0.738297813635956
-0.391477541326722
0.577090151095278
-0.42427386497178
-0.649751991564601
-0.909015108369935
-0.573356773086884
0.803540643231177
0.295153526646766
0.544103494078809
-0.741369230862632
0.636749827287342
-0.126667644090125
-0.356506662050492
0.92853609960858
0.469981492089278
0.691704958555325
0.902286714413097
0.817050635656797
0.754843703314513
-0.441041529424506
0.646240446109791
-0.272145689388254
-0.639136920151113
0.288557372286775
0.559884502526057
-0.239822066330761
-0.422414938729033
0.474077109098091
-0.0844726988575945
0.924650912703326
-0.747489875969267
0.743775817293411
0.118932627767937
-0.492748397082399
0.0420646018598642
-0.867950088359917
-0.769158665561674
0.874668260986663
0.570055565459508
-0.583718392404945
0.196313912922682
-0.107696220432075
0.0305996703488684
0.370514294852599
0.865553487685609
0.950710080642708
0.470678901675978
-0.89143363248931
0.27977984239095
0.646598436916541
0.431351951459211
0.955720543457244
-0.16441107447623
0.450881204687104
-0.36057838550555
-0.504859263608766
-0.593974890224714
0.813798971721138
-0.188791502074942
0.698264405433793
0.986200548297634
0.207926485268618
0.849079067101914
-0.590394538581492
0.0314735632468843
-0.418107732811668
0.586987668185192
-0.063812176489691
0.321836929646054
0.0950210261511676
0.56225874152051
0.373820551216716
1.00683875316528
0.610833661944632
-0.368540082398726
0.00412373542880374
0.0675490556051812
0.323216483044291
-0.420352138490229
-0.449309421363284
-0.651089549422341
-0.00192546907688289
0.208669414038406
-0.830598576340754
-0.121103441891657
-0.412253663469139
0.921593684377164
