0.47899125470548
0.254592049195369
0.530090638481575
-0.340435915997991
-0.397905709173885
-0.360660129432944
-0.41252924455925
0.551361671267681
0.902653039456211
-0.477118688598193
-0.656909404836211
-0.276970950545955
-0.0276199838655193
-0.725505447009771
-0.576740668843971
-0.717730674861749
-0.328230633296084
-0.624442941598676
0.593770719035845
-0.281646559449984
-0.136014151174186
0.604695890136987
0.430098771786123
-0.859590730673214
0.364893116320029
0.357423480886854
0.918763815683998
0.625803203246188
0.31381151398524
0.522445572881152
-0.140588820330081
-0.784564011505516
-0.527654407451087
-0.631101047936229
-0.122875023598664
0.550185822051867
-0.908236709895955
0.786556682840388
0.772273976381628
-0.771767817025327
0.378199199009746
-0.502661434177313
-0.901747688312698
-0.340826696040632
-0.269381629801198
0.0363569920903861
0.696313674326264
0.578298971467362
-0.0909244038703056
0.90537484292837
0.143414194505808
-0.768167884116632
0.294752667705771
0.823674519052651
0.920571321808531
-0.637886611041761
0.811482340144706
-0.112091777498171
0.695025127932465
-0.669542147490096
-0.788178580850181
0.80863667311787
-0.382796309195005
0.63568203356744
-0.747250227742419
0.337195867690981
0.731468265853635
0.13465740484231
-0.686118423900102
0.622604667902017
0.570005353433861
-0.40745114931537
0.884216713688162
-0.40731226638653
-0.176277807352075
-0.594211222968987
0.965034472606021
0.0319632717692276
0.68994752509245
0.00209207423632563
-0.0536886825699173
0.444480222617209
0.426137896497728
0.693296207275762
-0.0957281810118582
-0.0298385066750332
0.0264921914988474
-0.585641558367308
0.913036772959644
0.000644291252930843
-0.924165203862745
0.0823266322578248
-0.52365757437559
0.458284239478542
-0.835601283391283
-0.0157669074559112
0.242976336096991
0.509085215325885
-0.3892180706965
0.112285880549258
0.226480902675368
-0.510389878246341
-0.543400213558973
0.0513584819246333
0.189627672944688
0.9066817730624
-0.522981110349734
0.770367758623952
-0.954043223707651
-0.559172983220827
-0.144442818485622
-0.695168575430151
0.710638709847729
-0.770486172565341
0.655947266092738
0.466367040183956
-0.372220345040756
-0.129091117737638
-0.695729109719945
-0.369952693272503
-0.425789810497526
0.43293882893253
-0.369234134659736
0.00610673638134133
0.548631565547892
0.173868991626672
-0.2924466101009
-0.106414242525709
