0.573857165197113
-0.652761214452985
-0.765060499575138
-0.152135803524889
0.620559141827099
-0.147999434420165
-0.641981468646919
-0.977471080767852
-0.523490865206811
-0.714582623856335
-0.459993784740917
0.131103538499423
-0.997551109683515
0.605846932120941
-0.608796181174749
-0.270713476058622
-0.0563382284349784
0.210155182434708
-0.725401765560474
0.637553461581444
-0.128030695182811
-0.762760150563695
-0.941817680536378
-0.787570458587369
-0.547455213081743
-0.283381400998976
-0.998548250313456
-0.613972212087522
0.116411540796427
-0.448473129254428
-0.45788848661732
-0.374003203441575
-0.0432067965178991
-0.490423115201388
0.502753407356651
0.419441139346147
-0.847992707631134
-0.928559868949826
-0.26215445447143
0.961136944147709
-0.63839879237735
0.655634932604704
0.970637583354683
-0.605519326584477
0.799691313456634
-0.233893267133542
-0.647833494850091
-0.0569085960126782
-0.539047836396744
0.940526133034707
-0.563088787651556
0.124025022086261
-0.405522287883665
0.898655467712064
0.114345532677176
0.784112111768841
-0.147735881873248
0.817135299101611
-0.715005882956915
-0.322467070149357
-0.838744629437294
0.934153969935511
-0.935798246578144
-0.881181311584439
-0.757789774407526
0.166336149080183
0.943761515089843
0.253142523467486
-0.562005552967656
-0.157631258600871
0.778441604540843
-0.819617742202295
0.35342635473286
0.7961294534796
-0.382853991399186
-0.0535391876489955
0.784992275376571
0.469909202569958
-0.99398125295309
-0.33841498694789
0.810607871184923
0.489451050927151
-0.793571638916122
-0.22603837787104
0.261167134742538
-0.899004722787464
-0.848286641366962
-0.819363287801926
-0.35312128956704
0.734559066373744
0.601655153428099
-0.110839371286789
-0.138769381381942
-0.274242262861308
-0.672174801817187
-0.776346528501592
0.461614920169493
0.904582165979184
0.18248545313495
0.678986044526698
0.670427040618176
0.889614311703961
0.535241218203315
-0.411310950338744
-0.537223802675713
-0.170607829819855
-0.941515772160766
-0.158949462591108
-0.333036065426823
-0.0432176185486887
0.790074077402756
0.233868751489319
-0.947981736050482
0.695319371696849
0.7783640883912
0.86268030946834
-0.439477762962311
-0.553617429529044
-0.950063199496814
-0.300531010004146
-0.603147292468259
-0.459035973659492
-0.237172522815429
0.618555179968883
0.113755768221655
-0.821055581051032
0.783555444286085
-0.776776798303026
0.493842697945609
-0.295211572195746
0.635305866488881
0.174042434718707
-0.288393733756697
0.386590113606501
0.0922780912492278
0.622102099333247
-0.0354633909222672
0.325382288054403
-0.086670787398152
0.551976886193566
-0.746344892640937
0.315299618580706
0.937202793798419
-0.372192892804882
-0.878523502190451
0.138420127613444
0.707764611377837
-0.709098248174812
0.160203102941659
-0.619531688866115
-0.959024882653164
-0.259022503813662
-0.267435382554859
0.559201523024954
0.389255978742042
0.723906215829118
0.452312915361532
-0.958729388633435
-0.16645896726717
-0.488964674362018
0.887181537980191
-0.872567340615182
-0.70228891783613
-0.91931341231273
-0.626360782692959
0.0838994024543372
-0.698994503151002
-0.893310468168007
0.341119990939046
0.207167305160758
0.276969686046107
0.015655252072715
-0.290760313571275
0.292598270151538
0.791145611757159
0.398917539424268
0.646961547408416
0.276970466103591
-0.0721346348371611
0.735500920980781
-0.185882871331454
-0.95043583782451
-0.0559641081299737
-0.0475190900784614
0.497726571337335
-0.771615872078073
-0.277528646924577
-0.905964434182364
0.664969018043626
-0.166415823682968
-0.0822379005709264
-0.639741609054311
0.587405537239611
0.500860475978665
-0.0524695886091095
0.400104264678953
-0.471333834531946
-0.560424562424321
0.048224683780293
0.434446613858453
0.118787923171628
0.066085485710986
-0.494510266848422
0.42680568106919
-0.756489876283541
-0.382439003135663
-0.0697810851015403
-0.672903468747656
0.354080959823663
-0.119784889879191
0.610447323849103
-0.791388774283885
0.553642196346109
0.941607359150637
0.618042900784495
0.244796630424335
-0.71045730819336
0.588793688415464
0.446794463668926
-0.72086026691105
-0.101278154434635
0.584783363189565
-0.0770561137559737
0.591563303158063
-0.744694411869303
0.458994823418946
0.557007507128355
0.641592050946742
-0.172786871896235
-0.795008739908529
0.172407564012204
-0.523546706845574
0.102005570878732
-0.337017605250404
0.961946450820444
-0.620871338809163
-0.99418695588447
0.225947809272808
0.58994948756924
0.028166107666613
0.474243094451101
0.218833597259646
-0.267244113178785
-0.0376750102250969
-0.0235585612997348
0.346726204664559
0.366118860132529
-0.765645199392931
0.696102889127966
-0.154936103823432
-0.462824313575292
-0.294577600494316
-0.9920248325087
-0.920892482448294
0.128494900667914
-0.932862110406583
