-0.91083381903501
0.273562547940029
0.818750651317238
-0.477168154177289
-0.956543524453266
0.437529983165043
-0.734712316156584
0.287129353245776
0.106456093123203
0.463206464697927
0.468070523281238
-0.769490804165104
-0.50437344103807
0.319919783523123
-0.811106550833673
0.296668235826394
0.139348721306487
-0.906991403892117
0.454539055344709
-0.83237966714269
0.39196589180403
0.48544083714131
0.51083279714509
-0.156290254569207
0.654609056185025
0.360307069965669
0.399541062064298
0.80141943495271
-0.440575927622971
-0.670465670570485
0.48958203837341
-0.375099413054594
-0.930708036369897
0.514214316999137
0.0646567559076223
0.433878975809879
0.406831785531025
-0.222230763574712
-0.178431455743752
0.843831939929332
-0.27084316188272
-0.510964158059622
0.615262051440548
0.105232899925226
-0.853396168648253
-0.59273726062881
-0.613328432574981
0.0748015615603113
-0.178858551888695
-0.111764275963243
0.736957696584355
-0.420941841332832
0.732873317227229
0.0632423698359826
0.271003087729076
-0.667282871037866
-0.860147598758366
-0.480142269579883
0.996556623539765
0.893896163386964
0.839805154599771
-0.841883313691887
-0.126939706348147
-0.504881868841987
-0.243382307370289
-0.152431913513797
0.188461834496202
-0.869848249498671
0.413870501948147
-0.416533412763377
-0.323492213292677
-0.753037294014907
0.132101342431427
-0.711069928822924
-0.426867557363408
0.0960008593127957
-0.467171027702935
-0.72239024770227
0.768098102611706
-0.673552991488704
0.255337917212693
0.0221822707221731
0.0224954236069812
0.273070600098872
-0.510776711152224
-0.803198410421892
-0.915542528054814
-0.73013942906023
0.895223473106688
-0.546912216024094
-0.645849206072303
-0.0426500273655057
-0.595473477830953
-0.638333288269935
0.25224710716989
0.164516785955914
-0.347006958129569
-0.410764165649656
-0.504718688540912
-0.718833758122055
-0.0681741924718135
-0.298830222372879
0.59222770501884
-0.292906747204509
0.414459485774529
0.888184935204646
-0.113140924314655
0.347403851314155
-0.535378365683048
-0.528812838949497
-0.0638818779313801
-0.436592230306071
0.977731175574806
0.705589638304651
-0.627917830423174
-0.269052304852964
0.702487219971849
0.796053937305612
0.745471446366456
-0.780866247547389
0.478494752755139
-0.892477976093833
0.864212931985036
-0.354860044038349
0.607764628320027
-0.955082357192084
0.908555360836075
0.848546843793729
0.665872606183025
-0.856492082872476
0.51971564352436
-0.477671744943097
-0.431503725028796
-0.221854180946824
0.943681323470613
0.487994069337721
-0.202807166341334
0.831660229840422
0.376110136618275
-0.498750095154885
-0.524547174064556
0.133188985438221
0.00612578192423696
-0.788152291036295
-0.748586163989168
-0.33163638936853
-0.974880069608824
0.37712044424112
0.495899861602514
-0.33452999202385
-0.267885833358605
0.0860791409403371
0.278620444555758
-0.987966288082908
-0.308273727459913
-0.457459317713227
0.981038669550794
0.11813843112729
-0.611656822746489
0.848188841092058
0.548448655975918
-0.997880779021449
0.787593702434003
-0.845941049659083
-0.391235418137224
0.921068924680128
-0.245211606664853
-0.17107656627966
-0.836192741404478
-0.769733179310363
0.640846824442302
-0.95142761291523
0.256635903029948
-0.54524845536187
-0.652710297111989
-0.688205213552931
0.244470882505773
-0.579671773728807
0.759404912571563
-0.235196454923775
-0.51750847969076
0.74365742225814
0.154260278849047
0.542638849404886
0.764849659876379
0.0926287480237079
-0.303277740652367
-0.162333622187776
0.337672038557864
-0.148576536209059
-0.58234518418078
0.528046289689623
-0.649907076082591
0.556597067738392
-0.16153346306251
-0.0602174683702594
0.782829885171198
0.611288488912376
0.176937312540424
0.244737698142003
0.178501959956074
-0.0244149450020898
-0.640715020811476
0.78232727666888
-1.00635258308658
-0.858826449661704
0.662074179640992
0.881767846293771
0.180598673431515
0.91041483652335
0.814003773157476
-0.753738646213583
0.753584517087944
-0.667051914801364
0.498146348629372
-0.77430626190927
-0.220155790222205
-0.62378134875389
0.352505993305167
0.357194345000974
0.852305438338773
-0.287704550151749
0.0372503960380864
0.214697536708001
-0.933051304067065
-0.589589583163103
0.560873754402384
-0.347731810357338
0.492596558943093
0.142761661529672
-0.426115053846273
0.782885200603223
-0.399659066653249
0.0783199229771088
-0.176184684097429
0.695894858042876
0.130206256881083
-0.0786456158843087
0.579646243825483
-0.0396000534217894
-0.0438612874152545
0.810180986104414
-0.0549747626330785
-0.41881133789501
-0.361646097288359
-0.436127580661301
0.746883535252987
-0.40894882908878
0.958198064463391
0.754463924244531
0.435602841475465
-0.324107449494373
-0.764029366566726
0.287565530432526
0.963419753432134
-0.972275813222071
