-0.652715517622476
-0.402957528654981
0.0867106212485262
-0.122000557026901
-0.76720724527799
-0.440535620923957
0.985251348182027
0.360260324274978
-0.521952016983642
0.419354166531131
-0.979780355355231
0.276559324077594
-0.574343311280789
0.828925481089123
0.580200609598875
-0.30584797138791
0.922210956055574
0.685322562760098
0.00921854859399379
-0.187489679206438
0.898146663478846
-0.151244206725619
0.321217581890188
0.518342976791679
-0.460657129379878
0.217863371502674
0.466596506559488
-0.977659672843873
-0.844531656728946
-0.387493654899446
-0.944118458133962
-0.279936700829572
-0.0825686623714501
0.919776646448885
0.0434820264186046
0.851421237846164
-0.939726979291955
-0.967943512415906
-0.995431647766588
-0.170983509094198
0.993077094715692
-0.685986483922592
0.961839498305322
-0.391606106500844
0.86524464381147
0.23336290085804
0.224730452531303
0.201745510583661
0.0994755370832414
-0.129057178762004
-1.01433647275297
-0.0430562891712056
-0.322613986388442
-0.342392480929867
-0.851614022706577
-0.957795972594691
-0.819866100527774
-0.758482670215094
0.592830833303423
-0.4477784339485
-0.236072764231089
-0.210593726783339
0.843735301142178
-0.389594197908074
-0.172725293007786
0.0175809725926759
-0.0941467109878249
0.226934685381414
0.891194344945512
0.00727995531345714
0.928682814712738
-0.198503193782319
0.245679735053284
0.176641170589876
-0.898027689394262
0.230976795000821
0.295921634690076
0.187985456111881
0.649380988286553
0.411520882258048
0.292165495957056
-0.690689202840957
-0.753464983129703
-0.282586479718897
-0.428603350767592
-0.623979926894269
-0.0157477520550151
-0.50409445783236
0.509118167736591
0.447386125483352
-0.804392005477682
0.0511733680406747
-0.419547212838541
0.174665443876845
-0.151654915603197
0.620247884526498
0.817020717810319
-0.552526096869676
-0.512762057639732
-0.992482574388455
-0.963161978668373
-0.975891776828658
0.426301914479236
-0.816873231704871
-0.963704856017905
0.421104289704662
-0.00358006732410945
0.410935142846934
-0.978924743198039
-0.492291190394733
-0.29673001282609
-0.90460119053336
-0.158330848939079
-0.0901564080387277
-0.349810275847812
0.227319740219435
-0.731420081528477
0.654668529973271
-0.46939319749693
0.994966147501285
-0.414863881649415
0.772880356026038
-0.0148608393896585
0.118200839832672
0.575795111773812
-0.44615225339803
-0.806731794559933
0.0413375694268171
0.260589244953196
0.860928376551441
-0.991317592498074
0.0539624273237759
0.432018709728503
0.629337424341305
-0.477503063268681
-0.650116319516381
-0.786499258351797
0.299238899979023
0.348523969672218
-0.539508543697348
0.669431326044438
0.42667165081447
-0.0136593402680073
-0.682930824368476
0.888437762224051
0.616408791838737
-0.652438243373315
-0.34003831470305
-0.775213139301691
0.826972997490053
-0.916919726244446
0.774909546998525
0.956916439389446
0.509819272542592
-0.987264036107633
-0.23992176834478
-0.729866028691115
-0.270086463769803
0.376808698392816
0.812020077538233
0.380489192886965
0.169419846482952
0.579522764086927
-0.767389442930905
0.120454549624095
-0.0107436570729713
0.428313850874661
0.723412546797479
-0.0514044525395433
0.688210972725183
0.67698393129286
0.384106764043494
-0.7814476888022
0.615929196250365
-0.0261788654158364
0.989278114264423
0.843314181459235
0.137533459782513
-0.971161448314711
-0.960929924860564
0.412087425063616
0.802221797439387
-0.845079082695776
0.0742087366995667
0.899264929675464
0.706838692243701
-0.505765705093333
0.780697788941633
-0.240709352246924
0.885987881581877
0.849337291075124
0.486311294044687
0.134734576845878
-0.404021597251247
-0.950492890296173
0.348676328640211
-0.921779871019652
-0.830321961727575
0.206089717641028
0.199987234856634
0.534787572702025
0.830779666683414
0.521777685547033
0.82197217243327
0.817357023447655
-0.0825313087753601
0.882896096414136
-0.349894049994246
0.135825996174362
0.794129294525558
-0.916483583102391
0.936687882751932
-0.812013499538068
0.52756533308283
-0.889252486089586
-0.763756509018924
-0.99127855931755
-0.238453706267886
0.726685412092189
0.0248635856422378
-0.346188394842066
-0.0417806112331884
-0.227376355715709
-0.464748337324486
0.880454226470898
0.844260066692159
0.442241443078547
0.612464127021983
0.302077908722221
0.930165923044165
-0.430500360480511
-0.659038250969083
0.176177210212449
0.0775785154028951
0.327262596025212
-0.615299714925938
0.164762111984435
-0.817905345720523
-0.929593076713346
0.482322574670082
0.147894929973532
0.443939519738019
-0.940874521868703
0.621904680722748
-0.833906661993444
-0.812988452631141
0.687277831160934
0.7634995109722
-0.138998757451733
0.821981604607665
-0.229869625012805
-0.230640158731433
-0.231256994714057
-0.551054564274289
-0.35794543181232
-0.854439464116978
