0.709424601738027
0.295102656056456
-0.792622116831055
-0.0502509402297634
0.389814409602241
-0.218942102090796
-0.927094154336088
0.246536071694567
-0.202183458348235
0.48701932294162
-0.577956283682165
-0.121758019587338
0.635193218468528
-0.818484145892703
-0.139319398782482
-0.327855034501851
-0.31566123552152
0.252779589971492
0.120375071218453
0.733391803339749
-0.444491230931935
0.22025377481904
0.166195181008007
-0.425198028696109
-0.552056737864747
-0.864698829953049
-0.514864396371367
0.982818097635216
-0.674082930024334
0.140036862797734
-0.541755326504898
-0.581460876967062
0.710097663957062
-0.782546605567699
-0.350142098132593
-0.0561861089716285
-0.0670237268311637
0.68642110997438
0.115265851216608
0.528792608833789
0.305451531664473
-0.810330236461435
0.858326373244483
0.345000351499216
0.0923669508554271
-0.325686380228887
-0.497726857851856
0.516081263694818
-0.451386328817066
-0.178967426399677
0.0734309874234317
0.580029197627638
0.00305921183335494
-0.348617830763477
-0.46976994820378
0.115491115274566
-0.387644790520437
-0.0630313374011943
-0.263705521889341
-0.194435636229988
-0.459450029521834
0.31195544682837
-0.250385238849367
0.706202679644097
0.427151979750403
-0.213638497340607
-0.734678219601251
-0.801333968989355
-0.14112350859478
-0.719132816020646
-0.179123304313259
-0.996094816826877
0.310672332608438
-0.100699542965384
-0.528650189851475
0.300867164340204
-0.641997712011203
0.736621468007056
0.0602341852353544
-0.0715912308311781
-0.123129869697742
0.447477526012702
0.560305303594873
0.729536189045259
-0.122116342027909
-0.353028049219988
0.934554878454191
0.482063488464871
-0.40262847775864
-0.168636896017663
-0.328649979151179
-0.0708072781863255
0.373515067903891
-0.0740463028678759
0.235424299111933
-0.526992616738076
0.477884093531502
0.692358675195389
0.51140362185497
0.109010841793248
0.822652760005853
-0.750958537969055
-0.659597326700065
-0.108990210674334
0.675563109933374
0.0720463021057128
0.35889089685874
-0.652027948603196
0.536589717301286
0.186104216437857
-0.511051680994537
-0.643517625748975
-0.58716277389648
-0.390636221832398
-0.411675382090777
-0.163145135937302
0.868301701162764
-0.136704363416952
-0.149240315938628
-0.198649292062615
0.684667145856867
-0.593578358141497
0.509308187270891
-0.606601519952383
0.232214481995201
-0.982782545321012
0.6105487475747
-0.48641939180525
