0.869401698100204
-0.092041704605664
0.927949127928994
-0.457764880506629
-0.79425303830941
-0.851365776814451
0.0746046817951549
-0.930801987912267
-0.812740841607584
0.838069068728745
-0.178257497826135
-0.794401566429464
0.440869174735455
-0.963398550670477
0.670556329402824
0.35813742775977
-0.727038842380823
-0.710998558588067
0.952217896145996
-0.876709384642607
-0.0622691508764648
-0.554278134232774
0.909875089528053
-0.0427977500784348
0.619911701396279
0.948004782232743
0.858251046532116
-0.931698859196054
-0.0200175830883002
0.46545113768968
-0.84642639502526
-0.476381437837952
0.518901630240399
0.656320030926475
0.91921448744518
-0.229844705945904
0.254506167933154
-0.68781776548983
0.770013974027915
0.920941678560818
-0.680888054874093
0.567284924963646
0.102651650323133
0.253298131161681
-0.471856088495288
-0.3368848930297
0.67790837665779
0.366048004735426
0.0915525395782798
0.252984035865306
-0.935385116648684
0.668289111084036
0.698738780312452
0.420203746227535
0.206796857646054
0.345463432955864
-0.667744057478817
0.669269830114866
0.350797161706914
-0.990142913457118
-0.0521483930561546
-0.354999226691971
-0.807752838234527
-0.767197308634956
0.555904288051287
0.423939164471383
0.567094047993098
-0.543163157180649
0.0810050322643638
0.538835192151584
0.901417853658206
0.334742055159225
-0.815262873124233
0.595222927266349
-0.868118894123718
0.0109971478985334
-0.543246070687451
0.180229073286073
-0.749929930807435
0.831237190131573
-0.229509499690921
-0.427243285477303
-0.871011626469748
0.39883815516388
-0.126304368450054
0.209104152187761
0.903606764322025
0.138294040222969
-0.15353808462
0.118872891635175
0.161944526174834
0.105603729177257
0.981672809677529
0.492400175279793
0.894424473209739
-0.726848993238257
-0.151376224601404
0.23464628415314
-0.894838405738031
-1.03097761463551
-0.370978729982421
0.509484704891693
-0.619140848990096
0.387881085997861
0.484632736069921
0.785472168048571
-0.798718388449065
0.564711056468893
0.637645829871683
-0.62740744797503
-0.325621952208936
0.211104397177503
-0.747120143782295
-0.98844362942035
0.400527728738051
-0.712497321191808
0.578874983436594
-0.347206985724166
-0.477967835870838
-0.663892540588616
-0.0888968708633809
-0.0312717639906108
-0.902261596643961
-0.488109563569541
-0.794625323705801
-0.100403984335631
0.378501877404349
-0.146872303027812
0.261542333316496
0.0463588392749631
0.108202435746688
0.903838892411421
0.590900624864864
-0.266698512084396
-0.285544930670072
-0.263883628390823
-0.823991619568843
-0.32424947530626
0.77433802738316
-0.270344759869759
-0.0437245593525382
-0.415468980843421
-0.683062448875383
-0.516294528623723
0.817816693808849
-0.85769264950671
-0.316474254079135
0.816538389096844
0.235716039867065
-0.572162149787546
-0.180508708200725
-0.942400988509282
-0.544609296162585
0.214264585722533
-0.122374112598611
-0.78758828886846
-0.979015381716032
-0.08210308095863
0.0608803204014869
0.366670498919024
0.820704879176078
0.476598594576149
-0.255999129755003
-0.811856828483796
-0.09030409858144
0.596263270907279
-0.290192537203423
-0.890390324251141
-0.743792995340558
0.702826101107121
0.049286921488358
-0.429153576214433
-0.615894013641209
0.16405850936429
0.177501807789883
0.723180130439439
0.390182349150063
0.265846291699385
0.357286812189017
-0.0144038688986315
0.737149649915921
-0.566593608496573
0.877054824024697
-0.246908678116889
-0.827761816151327
0.609381924394584
0.381342436334755
-0.574539958648803
0.790694110617109
0.984487200432687
0.191676358197823
-0.9039625148334
0.488756950406899
-0.0212463090848811
-0.138887276219526
0.424804095714534
0.467533587308503
0.198305901365083
-0.560706512736929
-0.95333623076598
-0.261070218251705
0.065875851338341
-0.807341084120485
0.235463410300134
-0.826692833748576
-0.352948953922798
0.945533912277729
0.135511771134889
-0.952519483628872
0.728279587861457
0.845071647711672
0.903859127472947
0.901162702718397
0.306184099974136
-0.987769714863413
0.385118532954344
0.129597789475422
0.42586458381929
0.426519185765445
-0.385669701002387
-0.578604524732126
-0.6648261333867
0.411950009048643
-0.711535802339264
0.230878371241325
-0.918808745878615
-0.894817816164554
-0.410480922818739
0.855061427684318
0.897270043769422
0.379547802560361
0.764189786332566
0.672273999086145
0.674343270411198
-0.515493277404729
-0.701475705959647
-0.800587884045261
-0.0165937820605357
0.476648094232147
0.73008998649851
0.947503799272848
0.221248494159062
0.361117693505688
0.537519432944564
0.887350018852115
0.85300155384978
-0.186917125735148
0.0126160963726417
0.172488975719165
-0.188566545630722
0.334237388378726
0.349336133987868
-0.406858576477367
-0.663786808449778
0.828379487802432
0.84004173403642
