0.39238529272098
-0.744927759963905
0.669795752524997
0.0224390720551313
0.41651112161374
0.273776516707231
0.14226532702224
-0.576669194408505
0.550415513272313
-0.958925234977014
0.246362241455904
0.30226676025259
0.549695782716453
0.929103875999501
0.445482214942623
0.309584784046327
-0.589091373526258
-0.502412238309123
-0.724942897816441
-0.351564629905349
0.399788800800494
-0.00408400898860806
0.382652566629141
-0.199264612755221
0.267794604173314
-0.972455829755849
-0.15392775368077
0.757788144481886
-0.65408741227943
-0.572201452799534
-0.692752704756809
0.740409562802464
-0.827381576658622
0.941466313283801
-0.12942400610085
-0.616781727956034
0.484106687555994
0.173541899898799
-0.177807519773113
0.775522536078059
0.857692425232945
-0.000256915818605208
-0.68050080963486
0.597382264034322
0.381546051398725
0.878831895004937
-0.352732308238512
0.727354990013047
-0.241674332348072
0.114430889266974
0.470396625243144
-0.117203998243613
0.212468624889177
-0.613528918950959
0.157302491901412
0.805873705515552
-0.908949451546393
0.149223661026668
-0.652310298055244
0.221403528263868
-0.915663651973167
0.584390807817285
0.670653829245929
0.0322420557143887
-0.278489206293856
0.604694827830057
0.738344997513355
0.112369422565123
0.751916617279136
0.040056830366747
0.0854492294559823
-0.21579074096654
0.893350522929971
-0.825013207911656
-0.581436827293645
0.463689010252775
-0.348924404199031
-0.916512982295693
-0.497673768183341
-0.522991870769358
0.954988404756925
0.681748640023117
-0.675720726830035
0.877062986435247
-0.868277807277251
0.877518891453616
-0.079032005941067
0.82271808196999
0.640460130930348
-0.248693384898031
-0.112543776177806
-0.186717888203487
0.978014729354837
0.963539398471996
-0.32183490365226
-0.247606351777507
-0.738561109892887
-0.654894225216141
0.724924610238207
-0.572939575237814
0.1467438974828
0.970963234696342
-0.196731716803303
0.180318151539793
0.435191180106893
0.827415476197755
0.245283565074197
-0.766392115170625
-0.943368531100919
0.423830541838949
0.621657681234892
-0.805673231709811
0.362991744903971
-0.598132447887268
0.369716919253481
-0.659204429257254
-0.976758780253737
0.0108787550414921
0.299754411350986
0.165036216477137
-0.780549577039663
-0.751928556779492
-0.187108989650142
-0.0497711540771009
-0.165775765136722
0.315945567950244
0.738634668300746
-0.17677660297339
-0.498340906760454
0.327763297725415
0.343718053743421
-0.163368441614015
-0.447430440595032
-0.857823252300668
-0.706693167718671
0.672754582776737
-0.322642996318832
-0.283889296287549
-0.7586189764451
-0.607968566915695
0.388686180446816
0.521655618020416
0.146326849829339
-0.242739766761893
0.0661307233028503
-0.525629088827443
-0.643190890941299
-0.179141471716245
-0.400812164916336
0.15095542589871
0.251572722088469
-0.319431014555206
-0.938557958437442
0.98178495875761
0.713483273994417
-0.356989774927847
-0.0906661253788323
0.635906417223171
-0.743552470416385
-0.655780512691837
-0.870589363820853
0.341647870337025
-0.145695328338453
-0.215143971113332
-0.820269036566435
-0.246473662783843
-0.633355534845671
0.0311832042274667
-0.993441993983437
-0.63946408412395
0.0878966526253251
0.08258239088222
-0.839795614782901
0.616629851272964
-0.617016514757055
-0.453819615455822
0.657944929156488
-0.598905528018705
-0.6555301366796
0.620144446247644
-0.126362277076434
-0.295385129652743
-0.245076544177931
-0.478950152747206
-0.780480661191937
0.0349812202477575
-0.684379650800878
0.404159745030052
0.0293674416135915
-0.145128750574003
-0.396747484002684
0.331620197716451
0.322894584138502
-0.722215085371365
-0.347206305753084
-0.831737356351917
0.171463580216349
-0.428851680851812
0.765286911237072
-0.536916342395034
-0.943866710812338
0.829029777027436
-0.906512917801022
0.862435394176374
-0.0128875698416286
-0.530165523268443
-0.4059038243458
-0.380561923851699
-0.923153538942172
0.129509671706114
0.184868007634946
0.668271146306508
0.91513921312849
-0.316703227152741
-0.289382149792567
-0.465222323627066
0.835878050310592
-0.665715278981509
-0.201576672186342
0.0421372126530676
0.927195735717228
-0.285790460213756
0.150857649496415
0.819176950999029
-0.889890275553839
0.634371391116331
-0.553958350651821
-0.960700132676362
-0.475496968682205
0.786134230729574
0.206731708007278
-0.00998734779519728
0.842641182519788
0.187022459841181
-0.793923706386761
0.300745703763266
0.0249943870393767
-0.823731876512208
-0.8593269302769
0.880700400021324
0.892360943110161
0.905687945342304
-0.227024232567854
0.500874795327781
0.92988778664447
-0.75129483440511
0.185068605697425
-0.274465014108698
0.761613532694109
-0.642304261792612
-0.258660612953624
0.889275308634519
0.127026467797127
0.0461614068359482
0.857631007553878
-0.522907313093642
