-0.0992161860398918
-0.511262303977785
-0.312601698497929
0.996211956228881
-0.722821153194623
0.21940316320853
0.0162687546627781
-0.119861989064695
-0.213403389242414
0.239898114784504
0.395942590034618
-0.0773939662698262
-0.724169136056732
-0.296959948942095
0.57900170115977
-0.134793378454319
0.777129724130219
0.552467836627728
-0.487871852061927
-0.220220304865512
-0.684518182915581
0.811489131264749
0.56876916596858
-0.198277097508578
0.651007532883481
0.136170329419613
0.757320793384746
0.769191609875656
-0.459052566001592
0.000376206594768916
-0.0405889513234667
0.946140625193088
0.948352965874403
-0.126263490209808
-0.679447444464036
0.0120296826147999
-0.926913476253031
0.606138956723641
-0.912078505003552
0.173387262180265
0.0255815542050613
-0.294161597993953
-0.749407705572524
-0.215062490299806
-0.18359373088268
-0.675447946149235
0.41514289574842
0.145425195344802
-0.780085714146215
-0.517700241180755
0.302060050490806
0.0740194118618154
0.580506084877538
-0.342042270560706
0.264288997945685
0.589347193545847
0.303671276859729
0.173141446634814
0.767864524287121
-0.413028244976509
0.434534844338689
0.0290271758418832
0.790262436055677
-0.788188804228204
-0.346942245669072
0.046544320883473
0.466278115769832
-0.378456282877581
0.0201470903197775
-0.571354966778836
0.205836771140921
-0.0503261326420184
0.46979402677068
0.19650216451106
0.795292021741675
-0.0177969755453758
-0.625624088133153
0.247975614460067
0.284372011983106
-0.513554375627856
0.550499074241949
-0.456143154391038
0.844794066486216
-0.598402135104916
-0.14084006656427
0.363121435775461
-0.760409290404618
0.27643854168756
-0.50072740783443
-0.28353144474262
-0.0730410382229007
-0.173691527061224
-0.0852512552194029
0.816236575649481
-0.260547723893253
-0.773574190732787
-0.6390907909626
-0.429334905410529
0.314536322056305
-0.591582684308876
-0.315813974506371
-0.100252250807911
-0.241399223589181
-0.792867150915505
0.428908130254891
-0.128100113055737
0.0253838690765905
0.207556911067213
0.221122940450601
0.341485150792957
-0.448235329976063
-0.175080354362614
0.55940694344992
-0.566361003156897
-0.96196022333673
0.588060871034109
0.751096851072828
-0.731684726830047
-0.71145824436718
-0.424230912663428
0.630398071744109
-0.402744042819509
-0.359414418786279
-0.880706578757176
-0.046543660677826
-0.841618928752512
-0.21709084260141
-0.897138817364888
