0.31767638398479
-0.705986042421986
-0.942254471457023
0.926718297985604
0.374960735782244
-0.690657807551489
-0.354391353836898
0.127194874563581
-0.111068232490215
-0.485806515309957
-0.182597427094828
0.159144901480142
0.517056932176892
0.334700161904574
0.582025394799316
-0.66281503667586
0.85669129639453
-0.562363866242048
-0.824959813240311
-0.501715970937567
0.22414994105967
-0.157033789642052
0.724010535703794
-0.710075117075036
-0.0313282804772466
-0.808637828618625
-0.503377846924954
-0.467790791582848
-0.864152214727242
-0.223158435518168
-0.803516097894565
-0.899568997661848
0.92263309752777
0.780601545274888
0.921175101284341
-0.171936896099885
-0.872317400748022
0.229024669170268
0.636679311452982
-0.680688427027889
0.55261473339254
0.497490509834286
0.703189361882415
0.206528782554049
0.665914674314182
0.224608531922573
0.326551916943558
-0.234410090634508
0.938949753435485
-0.321900924520724
0.665846886530738
0.603149204713149
0.142699436972712
0.371829354714872
0.11552702692585
-0.417051280199696
-0.643722593952303
0.0902976425392331
0.948876191274033
0.121781369906459
-0.42924942587876
-1.01819030756369
0.201500453335995
0.504002757382815
-0.865519040688062
-0.345137740745383
-0.276068374564918
-0.682982955175223
0.756129779084739
0.597018018601061
-0.841736868263639
-0.0455536262189299
-0.31172301201387
0.222794516637461
0.767326535652709
0.00282560707603556
-0.91275623452748
0.300238540757212
0.375226800533628
-0.922337367933966
-0.229355751162633
-0.117967352865692
-0.450819678633516
0.397574173714464
0.600119657061959
-0.792596997655907
0.236221631172594
0.757523890596582
-0.122224325891618
0.827205345101363
-0.282910630806157
0.652304297644902
0.48329922882374
0.609363446646111
0.871836789087248
-0.286091610107253
-0.218815038979741
0.178691920024251
-0.828266582834181
-0.0832002893706904
0.53629346834355
-0.950371222433038
-0.886393469391852
0.442416951245367
-0.181713456811223
0.215340465018321
-0.640202861989821
0.0616117304954875
-0.336268781734852
-0.265028041480755
0.0200923735618868
-0.483436106543723
0.811096178699397
0.536182210706507
-0.522395180895879
-0.889052862595317
-0.0617219811363071
0.568349578566403
-0.755130741330624
0.0437244061464476
-0.751712880804702
-0.351944475372485
0.222329518185094
0.0787862735649162
-0.0289713130959502
-0.111955216087026
-0.449215000762162
0.259067072762066
0.61520563935547
0.0696922422744644
0.330301981549189
-0.41970903711026
0.351391349139747
0.831070495021296
-0.883668419716926
-0.734172373280519
0.267828840946544
-0.803034000082659
0.233547671020179
0.574263943518536
0.152960995462075
-0.833964519331761
-0.943710761486882
-0.114855972276782
-0.711616737855917
0.447421688265406
0.0173860538485503
-0.634273423957915
-0.602788994299369
0.858124145466024
0.444726991972001
0.00822945810885044
0.0773429582748985
0.261145773851102
0.0455145440550827
0.331800237116206
-0.570790091996163
-0.972672505859336
0.932341338149854
-0.889748802748589
-0.304823035575117
-0.868422197844259
-0.147141274529766
-0.200047943915797
-0.800428489215312
0.375832446536372
0.029061407001717
0.821871124081451
-0.137986481362555
-0.76849057848196
0.302630024062891
-0.709515476125243
0.267820820624218
0.0654752781316959
-0.0260349833961644
-0.716854330756175
0.535246916904669
-0.289049384554716
0.605816861330325
-0.155472140994015
0.474282284886708
0.345158733455231
-0.757537782373853
-0.721697045727883
-0.908258827616596
-0.786958546486318
0.393516009901289
-0.244947755757942
0.168289992603521
-0.59970974978764
-0.0770007176554179
0.839936614181065
0.0610888747334499
0.524681180653223
0.399300603877645
-0.664785947527693
0.525809833235503
0.93580396337259
0.475696386579667
-0.676166876456103
0.415976179055469
0.248749940787006
-0.965892793859702
0.445263239225397
0.249162286274904
0.786592648318682
-0.75109657391624
0.498747729339522
-0.0902972726511135
-0.931084360382321
0.114484225556736
0.544774554532756
0.00160069161572341
0.973181569988031
-0.882720779909272
0.579295823799518
0.612003613436907
0.356172375832003
0.937928041523942
0.138860626117254
-0.258826987956036
-0.718025580181554
-0.416136690898422
0.724641916288484
-0.438039260947593
-0.515143081441544
-0.726030810897631
0.883726124407983
0.981146087590219
0.771639563456346
0.47499545038641
-0.800207750045348
0.566769548608445
0.945043026006261
0.755262221556888
0.551715763598822
-0.568575351198299
-0.110439215129182
-0.426533242139791
-0.378474618843957
-0.294884220966638
0.660174200302095
0.473540993446694
0.910625183678032
0.732497008679549
-0.298116454069092
0.521625273853121
-0.372716447720255
0.935725888175701
0.962258410357614
0.916135610036252
0.456918012629448
0.45272409914566
0.131883068689392
-0.828327498605367
-0.591378748289499
