0.0748048146698025
0.923086571496137
0.507008458858575
-0.936409089980018
-0.453878962264004
-0.524352389606228
-0.165344051489315
0.386859206632349
-0.296763617341157
0.252374628300952
0.538251985875868
-0.489641206977378
-0.000345183406734755
0.791493055003143
0.217656696173264
-0.90273616084416
-0.843632650489122
-0.258754180551649
1.03693704086072
0.69708428751692
-0.754837647868475
-0.375874716736594
-0.617965021128257
0.515559366202654
0.439813492223439
0.0626585449148802
-0.702926868839676
0.479210398405193
0.974476254934058
0.257533000495691
-0.721946151911734
0.49357753147719
-0.77613581344653
-0.420846710975379
0.165777497235956
-0.526128393409563
-0.983473374168529
0.599809123546672
-0.467556085715551
0.613713634806358
0.130174484498699
0.450580180040931
-0.665347936176768
-0.258242589524511
0.704264287975369
0.192843538348795
0.282988229669614
-0.906918897854192
-0.025417996009141
-0.984256938895971
0.0767746261357374
0.798810944792632
0.716732582116762
0.299244439902202
-0.938280974262018
0.925427953964392
-0.736764594589756
0.799641822597536
0.212355593717272
-0.0905525729146868
-0.637958382461719
0.529230073979603
0.235046533234289
-0.483537598164451
0.603493344013552
-0.402393763806019
0.84067706799765
-0.0935885250164739
0.424873439851735
0.370374862459883
-0.0382381699137248
-0.572844113864073
0.0520096203534545
0.957914575821581
0.0627634125832254
0.270939442696713
-0.148873401067815
-0.522582694744982
-0.00763028835025244
0.518807316620318
-0.312846254687299
0.404813686905206
-0.0671076126004748
0.942920589975363
-0.979648865433141
0.174531103880349
0.412613320441355
0.649079646728906
-0.695286213522129
0.791153185433856
-0.68081191109242
0.0717880718792286
-0.0188172289300602
0.31521377505024
0.250952923653852
-0.0401743534717068
0.255798771421667
0.504233480251312
0.671539224775232
0.911843548203946
0.63540277812664
-0.318998201801719
-0.492331015925981
-0.238590791300593
-0.703845516792869
-0.0182711871150553
-0.443260344554
0.222632945749475
-0.0333569143928354
-0.393919195478188
-0.656739095855517
0.388628201122343
-0.405520618497878
-0.718309402263809
0.620813350299957
-0.639131676238669
0.590276552331632
-0.709521385214943
-0.685274144599851
-0.902685587872181
0.3563361929911
-0.638110083591267
0.102575288361736
-0.874628587646541
0.571283291726256
0.458599319032042
0.707149310857513
0.525374741693783
