-0.381791614453581
0.794929955233008
-0.484332988706218
-0.73197181267081
-0.412621695398055
0.998085092096074
-0.823979025006003
0.522420375635265
0.7993249854132
0.211950608075284
-0.653631557975477
-0.866962164443245
-0.446491058392311
-0.539894434031115
-0.191181476989386
-0.576362275440318
-1.04747307910633
0.925232814407165
0.839833778048038
0.797190461318948
-0.207868429406486
-0.121295200392568
-0.460127548237938
0.126028511840633
0.933700155983788
-0.217831028614855
0.392840881934497
-0.0326096706007829
-0.261887170782628
-1.0576028391674
0.931810341679134
-0.477246196144044
0.773629311867722
0.558942503150055
0.827433992857094
-0.954570997484353
0.032614880337307
-0.446198128207205
0.191340038863997
0.618872920956138
-0.743510308520259
0.497969867231639
0.802870434940099
0.566571660879484
-0.0720122493446582
-0.208013910038492
0.132732638490349
-0.323643812554191
0.191939732607741
0.987635823926039
0.0802201372851173
0.910858359827033
-0.988392505476143
0.214480526409932
-0.123000492656088
-0.255673560888602
-0.349367239632423
-0.893218508308579
0.0861474084877814
0.400052094555617
-0.607504381285864
-0.575219951681607
-0.562442768477537
-0.394930369484727
0.363908625664595
0.764665414489572
0.316225774896537
0.950664174683956
-0.412576928215999
0.170345351142734
-0.324286822100849
-0.248398467792253
0.274648435143823
0.571216293403127
-0.908329105226809
0.136908053383
0.756696688489563
0.548940719979976
-0.0575425662951892
-0.204736396007021
0.030235839400471
0.0750815569688446
-0.613827164680259
0.826076166495757
-0.638747796612884
0.446062019458093
-0.763415288657024
0.185035427442383
-0.22285293497291
-0.179852252660438
-1.00377578708893
-0.247622511550617
-0.0694102245417944
-0.838728760037757
0.781712107135621
0.981413260435108
-0.812847808177029
-0.875756244626054
-0.0073605344731973
-0.823862197907456
0.131449535913321
0.611129668732083
-0.991168996855507
0.639285952813421
0.936708538181262
-0.17321599616964
-0.707855519388558
-0.75479316163451
0.410586487298117
-0.366331960732102
0.136267419557947
0.279033327752781
0.101867359866196
0.528765253470533
-0.998662057007877
0.0654994808307942
-0.575729676993832
0.380312462004314
0.0364648987795232
-0.481807398214131
-0.597756031319823
0.265024721461098
0.655459109502991
-0.619595979656828
0.0912930754993268
0.305157600813852
0.540647299553261
-0.379511628442936
-0.533893028605825
0.69505304628801
-0.922763024405045
0.0818121798898979
0.613224020018332
-0.0640246539639769
-0.988400672003513
-1.00804340692146
-0.899025121687496
0.862753208229044
-0.611341846608169
-0.277259836566176
0.106391856552413
0.715481253291154
-0.846041598240588
-0.167301259458748
0.567172871202496
-0.0902748082476462
0.0102279036125006
0.177373091634355
-0.651060250271572
-0.00834291196610059
0.177758678566471
-0.178147232828136
0.563961581765285
0.484654555099354
0.205886322851607
0.942919217297623
0.639984480926141
0.310639253184356
-0.300917696688738
0.356698222192285
0.823338714775613
0.412401491197315
-0.965279774886034
0.744909583737518
-0.622653972401473
0.821497614841909
-0.543722708063986
0.515871578753206
0.687234885718048
0.617893506469427
-0.0702859589765009
0.335269388863038
0.732280281815861
-0.56944283030191
0.715207244792673
-0.472807814255247
-0.98206383707712
0.774225065311075
-0.750623811861277
0.451079946415602
-0.390327023199026
-0.635010662478402
0.0171386060060273
-0.569076912016116
-0.824373814213601
0.881881134728063
0.781187475425695
-0.260495167410748
0.700147362945147
0.518183030865778
-0.447459824009285
0.376629018281659
0.879321409188044
-0.43989809472856
-0.966127543909964
-1.02022714482966
0.761642194025898
0.818186092051256
-0.941045108589576
0.689019197848584
-0.354189662976009
0.115157780403391
-0.107227067042126
0.0367602060997515
-0.931715038021371
0.595443620961301
0.517692109416787
-0.657156891077073
-0.189629886983587
0.461518104375412
-0.893657007442648
-0.406270450151831
-0.0782539755700534
-0.797830805341885
0.966003713711494
-0.129365869097058
0.449809352229081
0.858835464997298
-0.27250285185217
-0.613176632568999
0.407275249816234
-0.300822067675214
0.705473660658751
-0.704843991592288
-0.630332266982514
0.952280270007931
0.332114377522734
0.644748242353891
0.944195849220726
-0.555322169310637
0.483345621613152
0.638770547405916
-0.723389403108281
0.991708524848922
0.604745200794729
0.847466155106002
-0.88584146165877
-0.634046217893981
-0.0204087365685379
0.17290349846448
0.0974623941619407
0.917092580770348
-0.328745688669377
-0.132480094634585
-1.01067107777024
0.446218717765408
-0.592452225334009
0.0443855341243667
0.145796770608557
-0.0546389964978681
-0.227141071183579
-0.696739708485946
-0.151118857355798
-0.409315161724647
-0.163987022281244
0.143394444177443
