-0.205394905586894
0.448814921862801
0.0698304007566192
0.138439262247682
-0.0481428572869159
-0.603304476903778
0.0230777476230844
-0.930169131850389
0.695542053328418
-0.200615589811539
-0.185901359026907
0.69460046125119
0.0893426142936231
0.718288122260923
0.682316483765651
-0.838278519196211
-0.701838622855931
0.140997573837056
0.893166721268204
0.768742122511278
-0.93336723017853
0.590920771062036
-0.955897533336445
0.923370731018545
0.721943406677011
0.741779938923043
-0.827476785804096
0.481257069401485
-0.213471733480662
-0.373289861978933
-0.27704050144811
-0.0230277052208356
-0.0218318544774993
0.0129426168499481
0.547728261711223
-0.293052258842922
-0.835486364514142
0.607567929016689
-0.110527508037634
0.949508934613608
0.30015868885086
0.587966711704856
-0.236459750786817
0.97935805441169
0.613544079559729
-0.104941273123896
0.568773685404844
-0.825934597676278
0.811262013796568
-0.756949871956211
-0.553633514800074
0.82066383823239
0.148639727613729
0.0307228149644212
-0.0320683116183807
0.205764824064803
-0.517294970936201
-0.437114553836327
0.45789715227557
-0.974477993494118
-0.76313919788582
-0.238265054512666
-0.936559532125113
0.330391753491802
0.405226315529968
-0.275945159604033
-0.626206279347188
-0.636200944309119
-0.803898891413502
-0.262496455509547
0.220888772356618
0.123340029763265
-0.961703903183941
0.722041692562491
-0.651627761303259
0.961954221018666
-0.580175741025663
-0.300012473882955
-0.399780183411587
-0.309629789471301
-0.0454269592475217
0.330712832114126
-0.0540058384344594
-0.208679745951842
0.0819638043372217
-0.0887607016865414
-0.138735368851428
0.546980498877208
-0.310973854825977
0.00608374579415485
-0.291411966430138
-0.433158884981175
0.579624248179931
-0.17908733800233
0.562488363635538
0.639195650688185
0.0653371356377088
0.620342828390513
0.107183056767958
0.0883716123026244
0.325280819045838
0.736519436122514
0.865266664263123
0.42424100803727
-0.879415296147102
-0.446845908310847
-0.768331823507797
-0.660746660072231
-0.751630570244529
0.272258206353608
-0.397942192757446
-0.0870899345486254
-0.933228370465874
-0.889222657935807
0.557441021491997
0.668334155226905
0.452367733523463
0.401865269687916
0.883724155121178
-0.28484681496642
0.802841731642664
0.87125013758811
0.110447445028417
-0.974418206716805
0.671325312637234
-0.326556757922794
0.881612518294689
0.531099064097804
