-0.590310077548951
-0.464004612633872
-0.443012166795797
0.655901015110334
-0.58459680691059
-0.413125718073824
-0.686832077032568
-0.773655124141777
0.935439064218232
0.258773862835684
0.733124778772906
0.62097519438816
-0.92686391276151
0.94584526688609
0.831093169554651
-0.826896118121078
0.177801374836418
-0.262901826746207
-0.665701015382369
-0.265271511537045
0.970965905803132
0.777971966172397
-0.524835478418596
-0.82403888236165
-0.0724912792021377
0.0813323135081183
-0.13484837620537
0.41103927401908
-0.69310642429586
-0.490802285891763
-0.471770476441961
0.813021559213918
0.391262255917917
0.693801931682358
0.663930774551217
-0.206247502835036
0.315102354811689
0.0650995644815656
-0.451685968469135
0.470043459526841
-0.0345052105499839
-0.010092541316207
-0.896988497217146
0.471672874965069
0.306087335841865
-0.356706856345279
0.395067818339218
-0.256820111945864
0.46144645133509
-0.15908270248764
0.272631624825618
0.0183926952497286
-0.740522689581275
-0.31673193194883
0.242470483779346
-0.273557206920185
0.644614297392516
-0.178241841196475
0.581951889123481
0.250380329623616
-0.931316200734995
-0.692221056924377
-0.552178000548462
-0.484368508249491
0.844983184268431
0.723306443154485
-0.903715236643893
0.457197049993176
0.100351093254931
0.660202921189186
0.335730835069318
-0.058267657959751
-0.0208910752895619
-0.844482742742209
-0.041108108567812
0.262312686197892
0.52333643518233
0.463153310512649
-0.000602842090932337
0.846201656390713
-0.397800628092777
0.500492238932875
0.979452373167694
-0.370986804688213
-0.765533863880525
-0.767522425239493
-0.833694424603307
-0.235206135429505
-0.968395555913846
-0.871524610190462
0.133570453190654
0.953440625035255
-0.324838453052998
-0.665853625620773
0.288180620193515
-0.686887265251689
-0.672121221367997
-0.230241749249205
-0.881541056197704
-0.178790801505635
0.463176828775809
0.526645061689547
-0.450192247761292
-0.203811832490998
-0.843911653920782
-0.46547022950988
-0.407767270889412
1.00722461077548
0.536944019632459
0.169108570759953
0.251378621047482
0.386552357276004
0.340676172688337
0.735379896433653
0.664589881421171
0.782002434659802
0.170437915137102
0.401019153220524
-0.2044284821802
0.74961843221852
0.262757421459505
-0.797032590920677
-0.907575845984426
0.317282859425654
-0.732189921048214
-0.645348249249571
-0.0248866881533316
-0.670555147421408
-0.844769901375864
0.60909102861206
0.727588797011224
0.699098515857645
0.721986964496674
-0.23917438562547
-0.529321873594096
0.371909239822732
0.569324551532442
-0.779828388065051
-0.838348277792886
-0.0408401301859958
-0.342753650583783
-0.0479004244697067
-0.645227091895048
-0.853121171868725
-0.890817426775085
-0.5792699368384
0.440260821544264
0.507496339810355
0.598516440443375
-0.319980427942158
-0.738067660344389
0.677440197960735
0.204424496812098
0.423005509365823
0.0117807156013401
-0.937618344744973
0.925717177408896
0.568469385161392
-0.125253088176887
0.095258612224048
-0.754678151706611
-0.636785411506016
-0.305332229767737
-0.100164632462013
0.0826418479528656
0.611214801127271
-0.372445332258983
0.384160578549898
-0.743217453459042
-0.287368615026972
0.221302493557255
0.446382098010124
-0.719407084780559
0.0896266707823781
0.155739382839473
0.950186490343407
0.354105209561404
0.1680711122733
0.73147512452755
0.522862114422231
0.234070144743714
-0.879498236861359
0.830588475737831
0.618284314897737
0.816503682406049
0.621004862434223
0.208786057993273
0.306307884756625
-0.866535530337011
0.296175402195468
-0.903943533832435
-0.632966157469632
-0.922121030524058
-0.80270421337043
0.946539857937459
-0.00567361626169599
0.38143947652965
-0.658240759613229
0.819751959960255
0.327647315075515
0.414567939719014
0.159691741793287
0.301098047048848
0.0834982380807594
-0.984522580102881
0.65750670734471
0.416300552480182
0.865763126030132
0.486848487344488
-0.0685987303102041
-0.969344065891483
0.488948529196116
-0.869636999709654
0.101210194817196
-0.016612655930012
-0.403701245682889
0.127324009035383
0.119667393577639
-0.0164543596845953
0.188400006446237
-0.677161345515748
0.125815239058884
-0.767550005132947
0.751076564910163
0.936156304925054
0.0984047647823964
0.350822435876958
-0.393660570224214
0.113887022012303
0.726011245469735
-0.626898844785118
-0.143542582246568
0.118808195524586
0.57249026059417
0.894221079220088
0.80358491809884
0.133506108047021
-0.374156872173742
-0.661252420884841
-0.0584729186774178
0.106738803576979
0.888030152678044
-0.903865360066508
-0.167403051845299
-0.667888872590163
-0.70792452338152
-0.586691271306996
0.331301413666249
0.346844543927909
-0.425772574373881
0.70028464262816
-0.743204443540905
0.617014645150702
-0.740838074422831
0.475504569081513
-0.0361978519021478
