0.561491351126785
0.519769862147667
0.290318544150596
0.809439104660826
0.810900451550229
-0.689412571157084
-0.970818350297829
-0.697260880757367
0.396701949671284
0.393040333784864
-0.186958827642532
0.769031717292348
0.26128761985781
-0.612897991476261
0.973399897083658
-0.408803633645661
0.281195699644699
0.764598376338629
0.540523657145128
-0.941854494085205
0.837771697770012
0.00831473494234245
-0.497559447641353
0.846297140520772
0.797877018136121
-0.713929939744623
-0.389662623030576
0.313880548126676
-0.31127356774534
-0.394100296057883
0.564780030351352
0.532026108520921
-0.511473555360801
-0.467421512120188
-0.110472574919025
-0.00666883449513731
0.960654759657076
0.116802339224279
-0.354820049879379
0.0108574586196634
-0.0211672914118006
0.776333617459869
-0.0923532675807273
0.11428624292275
0.108396115025084
0.104497779119436
-0.516274927528124
0.452566757302092
0.940781657729416
-0.599788595017718
0.627048559607001
0.446106988026042
-0.407127859112825
0.531128424504086
-0.343606749763379
0.740801572004206
-0.81139945502654
-0.375509956447911
0.837158428019102
-0.0526182021686526
0.674253067406429
-0.301727735337937
-0.0914635400380339
0.869682725215258
0.953221080402105
0.0491604945830365
0.363927114584078
0.330372220487122
0.808487136795736
0.208610048017418
0.969063586654856
0.989770425191759
-0.241175332407286
0.468390128282762
-0.282788946481126
0.693346135263692
0.374935736324786
-0.502661876748347
0.403436296388157
0.858057793208298
0.450802823915981
-0.0172224945909992
-0.814625698801131
-0.389682918371868
-0.222885035811827
0.890625352254821
0.711205160518569
0.709250230418894
-0.425504399653954
-0.236458195192923
0.913615567947201
0.57040696778778
0.333666095596115
0.0211916373938814
-0.40041184379234
0.118462296510128
-0.656561869855928
-0.486384402452953
-0.392708574013369
-0.504462518519632
0.835688372530999
0.495752956412387
-0.361635477784647
-0.198280168744464
-0.611822917328114
-0.301070784048343
0.131952682951376
0.151070060010001
0.354514493679417
0.423716494536423
0.709578382584628
0.993652635980214
0.62803924990984
0.0698844699605452
-0.762803347091862
-0.741468050817519
0.916328653646459
0.149100195285426
0.552312029022022
-0.393373222516392
0.143443697952421
0.178535776986766
0.901916265415071
0.790566833734764
0.915891495164889
0.0421625411448485
0.575752156772641
-0.538601712670629
0.116120817819384
-0.45379626606173
0.138572491964414
0.825589749751565
-0.533990870376696
-0.311714389898934
0.033619519350022
-0.187791893875989
-0.74353096088731
-0.0607479863306578
-0.511849846799685
0.295190585029368
-0.406815255498231
-0.589003986659194
-0.457313823665869
-0.535168618941935
-0.570409734060548
-0.132342837092322
0.816125235235499
0.855415296821955
0.0582774796329057
-0.482713306415125
-0.840820778023435
-0.360013460999656
-0.694218130133118
-0.565527818723679
0.69904309910078
0.18915024442359
0.984770073041746
0.816831578480482
-0.413589092031153
-0.914706116512085
-0.357872101549899
-0.972068649279345
0.51199515357606
-0.393392048480308
-0.0148377642195766
-0.668879852996678
0.845724375083774
-0.176954565781152
0.131068220197808
0.129433585857793
-0.371476582445862
-0.33781875716326
-0.853722964770592
-0.232976352050813
-0.568328137868506
0.470573242752379
-0.0121361948875672
-0.0774047167261498
0.153869837873015
-0.512844173377138
-0.00187209502737857
-0.740132414013642
0.0790883673110601
0.571068108229158
-0.479967385470531
0.0724079883228064
0.6884423824749
-0.370638513075559
-0.262415052193251
0.961027383534142
0.845740115592897
-0.249714423516868
0.132026222202558
0.813220506890607
-0.981782474518478
-0.508360643800297
0.345877454265506
-0.420480923670155
-0.0179679162003611
-0.183716158924135
-0.131160516807279
0.778156099496732
0.317948097905044
-0.985119076226463
-0.156054970695986
0.880662945187044
-0.300418279141451
-0.486466520461734
-0.259341506772148
-0.808422869676872
-0.870309708243638
-0.311914631966255
-0.907882793526909
-0.860121729862058
0.347086518818558
0.0815611127780548
-0.700070990488291
-0.649751581448003
-0.0104633887741307
0.818891928077944
0.694196227186851
-0.128180814578065
0.16461667341737
-0.499929845566738
-0.908833574768932
-0.221424154903905
0.000482904409525843
-0.886972423091874
-0.0578404756912854
0.471655212855979
0.46862172361438
-0.732702117970929
-0.789713638564179
0.458626397149474
0.49778057598042
-0.648299386099806
-0.631019840058659
0.854929671034257
-0.732673900182211
0.555897386711721
-0.132499203439533
0.940579676312788
-0.244738977031036
-0.0910063102280403
-0.68955162697549
0.434575917623982
-0.296675717399255
-0.517323029761334
0.23701231146483
-0.832639591208531
-0.995245567161161
-0.5873823275103
-0.043104536069793
0.564557088509269
0.269820942260025
0.0847778541228046
