0.892285432776705
-0.37276768441861
-0.1002878544027
-0.879765584704762
0.379989440407485
-0.542773701898821
-0.864207708664531
0.731986380946989
0.253145051629814
0.699924644216096
0.924246444641177
-0.00896982947384654
0.772108720439295
0.660972456783291
0.0304939967477441
-0.554412404863274
-0.13680014817313
0.729142110716211
0.810697300233606
0.893613298869951
0.271655608135799
-0.360615945695937
0.396056811813761
0.0185932208574372
-0.552297039392032
-0.741114424973259
0.809142631838634
0.223015006590413
-0.589870541070687
-0.302649916285984
0.463004305880363
0.106458028830413
-0.514125309806245
-0.454150361088805
-0.568361809078533
-0.509137059944613
0.912778727723639
-0.528789274555509
0.190438777975465
0.880947346733056
-0.473342480954378
-0.6316073612641
-0.234716872319123
-0.539121689006007
-0.958356122467046
-0.109969599406046
-0.866154923975427
-0.0214263341477245
-0.255445095736018
-0.201801570897077
-0.774673435695404
0.476728141997349
-0.279221935599706
-0.481339823736281
-0.455239850424515
-0.463907624408804
-0.246917072345109
-0.58037364866786
0.818436930640093
0.089690455850938
0.400782997916139
0.813373666701473
0.476517385220953
-0.286430531141175
-0.726206287852354
-0.525475394321149
0.191764237286445
-0.266047045528366
0.873792987600767
0.753265018376066
-0.431838378897425
-0.16219555070236
0.695361176833693
0.411041662931459
-0.608859586700549
-0.947020274903732
-0.993347032403127
-0.424077008365466
-0.0687225463897583
0.920450247336509
0.230363979604296
-0.293740989661926
0.664225660604014
-0.299044000535507
-0.0315509085486916
-0.249479279185009
0.10225818348073
-0.886213037100481
-0.602962712040958
-0.0318924553117589
0.49640946083155
0.745615123964261
0.0550219064109768
-0.240873572711168
0.597698357387061
-0.860292867927135
-0.757179866351915
-0.726563284613767
0.664889277666834
-0.582757740630939
-0.86642397607228
-0.239789587371378
-0.37094494622755
-0.658226745011086
-0.532947959890687
-0.412574180990385
-0.351977277536804
-0.665726638913399
0.90409300315826
0.265680614812396
0.088641710944759
-0.0241294850257838
0.658287785364158
-0.145825031316661
0.733843406203876
-0.660067509540194
0.299867617454544
0.421688556065672
-0.831435536205676
0.673081537205395
-0.835579866013528
-0.489951903571503
0.0522569178911275
-0.842741231384051
-0.155757113358074
0.413493677217141
0.88999944545902
-0.0166194621851377
0.273662603027822
0.95906004133581
0.670288415840209
-0.361169555862978
0.23641441953097
0.551253019557537
-0.782058159415447
0.266369542505809
-0.994150314856138
-0.802119720315618
-0.433196431903322
-0.0695369433040633
-0.760061945570254
0.833194489555433
0.659642513098843
-0.101523295258842
-0.770807936175562
-0.388643558339793
-0.885233028472706
-0.762932508617067
0.0293440175750404
-0.487043267163556
-0.183286290916354
-0.872978743747485
0.212044655912063
-0.0950678462176572
0.972211620686875
0.946520268958417
0.270141740689973
0.0620330615167774
0.748227672121832
0.693158888992616
0.493316431792032
-0.484686571576343
0.0676991272019827
-0.244009707590061
-0.782840656902348
0.18693458981163
-0.890738987876286
0.677091656922102
0.164776540949193
0.636432201016684
0.622847070738148
-0.0234115744816676
0.153693731448529
0.0663079314491162
0.305727827553311
-0.254049649383818
-0.544348570664419
0.794940643018484
0.987714181084245
0.878996958946132
0.568845359165714
-0.205917552620808
-0.696690773908916
-0.81394683328965
0.838824052277442
0.790163567471916
-0.638344859763932
-0.658512527045702
0.232597628416435
0.543318812248888
0.170972751344642
0.235433204018897
0.679739294219494
0.949149935854879
-0.0724606117313017
-0.204437275049527
-0.33294174034857
0.312583335319948
-0.393197908722535
0.329659241473446
-0.694705518880311
-0.426889473552287
0.426556921732137
-0.456762159012379
0.495649043457191
-0.446610677244681
0.670732671905248
0.644267212980672
0.300806220831522
-0.596221009450169
0.502127614827477
0.281578250903487
0.95187799222825
-0.834122951287905
0.119496614557303
-0.792553269588749
-0.583826979631326
-0.0640586501129329
-0.972223546638164
0.0525158059260992
-0.619399945568493
0.368562224930037
-0.330665682689497
0.191899370569501
-0.767261875473811
-0.135177772483692
-0.0730291179201423
0.810365991639229
0.825846012682225
-0.471316091475011
-0.779918915075803
0.603943200718867
0.247765816278364
0.917323724157854
0.27201970377017
0.572369618707793
-0.943824586299352
0.553430371322719
-0.94316678504281
-0.552840084522596
-0.486629790765009
-0.565973588792888
0.248160085459165
-0.893095179443528
-0.312829050610126
0.65867576292142
0.585234353206555
-0.851250510486814
-0.00692637298113927
-0.506467240374105
-0.209534631376442
0.728019612685666
-0.858629394049365
-0.876115047187349
-0.117877079529044
-0.0545987689531531
