0.216768728568991
-0.917982572409595
-0.943421657927645
-0.730641217725614
0.235311442673645
0.6000445339165
-0.175323025617491
0.466658722659076
-0.318916306776786
-0.977278569543069
0.187666872025258
0.1558527014398
-0.0778584014914193
-0.970773334911158
0.77678672733311
-0.161154292358384
0.27798330709273
0.423878002564939
-0.159448790625173
0.072705890241167
-0.3428103898116
-0.776893433736159
0.48708318449703
0.836361080526135
0.286878766247257
-0.192733603813002
-0.431307781224404
-0.673067082035247
0.579080266958316
0.786283796107726
0.231497266665152
-0.257041259294814
-0.772687666551346
-0.563143357985498
-0.532199593486734
0.903713775947877
-0.0547346234859033
-0.936400355460438
0.544144659693103
-0.115929853667212
-0.690862830673554
-0.567355730895063
0.679818902412518
0.753782436814323
-0.104669743387584
0.947879115482191
0.674539650380786
-0.1648679030956
0.183758346550005
0.805756654661507
-0.616570271954922
0.555010688286214
0.929789987798664
-0.879233705124232
-0.659082487619529
0.944050578106056
-0.111394168293784
0.742799632104919
-0.325802155395708
0.481145161159044
0.606967943478922
-0.410163528388168
-0.613259359615153
0.532612820999299
0.234833029002916
0.502331917828747
-0.216917949594843
0.324280452087228
-0.648699252789196
-0.42375853469884
-0.174005889991327
0.384813963307038
-0.505330996173255
0.572577580217224
-0.770487118833135
0.0243068850574075
-0.289194629113532
0.593659927371163
-0.168571247148798
-0.469510237797783
0.695981100149506
0.22952231436873
-0.766835173714834
0.607916768175129
-0.132277528989271
0.409370766599136
0.0711336149333721
0.89125411285811
-0.25810399104309
0.8690292263258
0.133581890353474
0.0847352347120962
0.868220924933907
0.719257065416177
0.298793233502842
-0.90069961295975
-0.475200384567103
-0.903212984356529
-0.906650851239203
-0.970941330675186
-0.0239761102005676
0.875467266448315
-0.88079968658684
0.498244560292307
0.240997635432719
-0.637829037256497
-0.770647289039945
-0.577469531856137
-0.350018354456533
-0.133056288355524
0.75918600779862
0.67712350121718
0.871733628626699
0.581486795774275
-0.614594204364013
0.417946115058905
-0.837820199766826
-0.518834387942405
-0.56489576729019
0.975708981732297
0.914392026814823
-0.867403219404054
0.0470255168980188
0.173847788115369
-0.375336194855458
-0.841190908071127
0.651192339949298
0.0973413793086526
