-0.225732311981504
-0.166824483197656
-0.317317917374061
0.98809815367651
0.719603972988679
-0.10966363605685
0.129304712895845
-0.920440065478661
0.793137993320088
-0.483768100896486
0.90937219835609
-0.690696510483789
0.715660799930834
-0.00327201627930332
-0.993821982600355
-0.0493025949537111
-0.58386148231044
-0.0874042107424311
-0.0443734514143249
0.807729858696072
-0.463607014083244
0.162554067904643
-0.12231571741771
0.550081053072941
-0.128951455958516
0.24642370701525
-0.42611738907907
-0.514307042110288
-0.233013331873684
0.626454784010009
-0.115740221411481
-0.968895098850648
-0.639350666418633
-0.457295880737784
-0.326889302874059
0.773452840119841
0.187420644686836
-0.91093928075912
-0.755505937645795
-0.231163267452132
0.325525119835717
0.448708017679196
0.615131585947422
-0.476280660740395
-0.854635132503269
-0.0964161210944786
-0.297754602283017
-0.749966013696881
0.0642595606512994
-0.604819433937655
0.77029995278237
-0.435367013967611
0.484903224288588
-0.0375598276370382
0.763507326451556
0.0949452613566318
0.0825397271610922
-0.993227254952643
0.153541175169319
-0.642515243078277
-0.110351791399518
0.771061003626665
-0.566062806093032
0.411135493500081
0.309533334064044
-0.116555571586416
0.477130171097403
0.552927507149516
0.519265225175123
-0.931045666273645
0.705188021793386
-0.514018653957727
0.0966049724565527
0.636662798457176
-0.155503314291899
0.687374933496594
-0.0288305523225932
0.477184131881117
0.271664991464886
0.365404097014084
0.528425254879214
0.482460140743037
-0.731754828738846
-0.239573057386116
0.761049583124773
-0.922243977016337
0.366374725055502
-0.688536257809822
0.317170217526223
-0.634832935035921
-0.524993584936694
-0.204868901584753
0.462464300641776
-0.481587834243448
-0.883717075429626
-0.8371226614529
-0.610440581100148
-0.51972096169999
0.166448183504758
0.962862889548619
-0.506745461709248
0.307401016746227
0.868560919107278
-0.33706843079119
-0.406868119148746
-0.942679927390478
0.567907751702489
0.639173307101547
-0.699279035575305
-0.394488506696983
0.31537327401158
-0.2476013705036
-0.776320259122347
0.527236067149035
-0.147341294159416
0.877602204753883
-0.592340604110205
0.304045491061677
0.905609109513993
0.193957448258439
-0.373709111336669
-0.258379129447058
0.867649994273233
0.856025135849404
0.475493603182289
-0.216810404825846
-0.553135814714191
-0.878026012019079
0.376601509213925
0.281973249814194
0.288604955875557
0.203210792893088
-0.0746603062218605
0.443436155485142
0.234183829072373
-0.930193727580687
0.965890687736663
-0.886868256997333
-0.275586074627643
-0.8016587667976
0.742158115226533
-0.654929874697782
0.245192444169691
-0.100534938276589
0.623121638497816
0.781772145987761
0.558148968683777
0.663040659079107
-0.951069087234652
-0.0857085866901976
-0.539990331984107
0.0130269649103195
-0.138748667299778
0.358702462599429
0.296032793100645
-0.424701486641454
0.547844238074031
-0.241442480895726
0.608048993693545
0.390344472280283
-0.406050374324625
-0.691470502978555
-0.151123499205169
0.0581985427795638
0.544266391803484
0.453575476722702
0.316929308658096
0.332967161103473
0.153397757874132
-0.605693892579425
-0.89988268899951
-0.452118901675783
-0.966744456525295
-0.775979552919711
-0.886508433967492
-0.694787613722427
0.846896275319061
0.265245883649545
0.615733349048938
0.267418852891572
0.283105282598969
0.334780393496748
0.955086802057315
-0.415628894090895
0.438191292584685
0.500696813490612
0.863878472941328
-0.172883977228628
0.306272458817989
-0.956866635646224
0.712146914887929
0.918980505479674
-0.592051629185645
-0.30839330481519
-0.128348935320104
0.443156787557835
0.331511499429397
-0.64760621325003
-0.994235281188122
0.563436414789967
0.342269575400273
0.725746205044306
0.0163741246359628
0.940800420248487
0.639680322621639
-0.675042570381078
-0.240646279334107
0.936390710341603
-0.75223179048947
0.344704545554989
-0.692307857509839
0.559221803485103
-0.293245196394119
0.732420385747617
0.174194471653825
-0.299722901062632
-0.115769373457762
-0.443987554169821
-0.153432691487195
-0.627052714507818
0.33897199508623
0.634258118472276
-0.908265191325158
0.652867994373274
-0.702390880132528
0.275871858441619
0.0631523916908688
0.598031003602492
0.86558103737697
0.370652368707735
-0.613098440058946
-0.241605418129152
-0.842737182355515
-0.304233872006871
0.864636807331695
-0.538258896783636
0.0151431588927236
0.0642705578555728
-0.605178462597075
0.540255042629181
0.0795866460594563
0.332655378291045
0.638889852117534
0.322399668675405
-0.421396436028147
0.823593375594598
0.846312738563623
0.294505470692677
0.816408802228559
0.835839888124961
-0.629532557071679
0.210593607338062
0.778034026165922
-0.394144030205939
-0.948755365400886
-0.795686481823277
