0.772639186981178
-0.632924253696663
0.753484327550264
-0.245628788922629
0.250353431478865
-0.59208179201935
-0.233903445897544
-0.487495934683529
0.310047097031835
0.21721799009056
0.206332195713581
-0.955066014484478
0.242840764270964
0.385520063856436
-0.517691990840171
0.620887949849856
0.432496000851106
0.113280363420494
-0.00271151057861083
0.483373102115364
-0.588688549334826
-0.768251440485935
0.79503140080955
-0.771759558804573
-0.391294254759192
0.466154634492723
0.800058277757167
0.188439018463668
0.604296304535475
0.0371659171197219
0.89952771484788
0.479079797187575
-0.931097360322931
-0.919888052059734
0.22432927038721
0.55390331983974
-0.487417425515629
-0.571353821363058
0.799040951394853
0.797645443613187
-0.423669706504107
0.201085187793206
-0.0576640694007658
-0.125536404959265
-0.859774617066142
0.167983975375519
0.880642038663032
-0.923397852895899
0.659547466570038
0.620445766148913
0.732056789467697
-0.863591202155236
0.120717727563926
0.625349404048957
-0.834024055073778
-0.816374087866803
-0.910002617624225
0.122174964667216
-0.825567355908448
-0.154034238363452
0.156854239767486
0.305144545743537
0.0915416952282594
-0.407072340850826
0.214543707859593
0.83698257834714
-0.840192962193952
0.610747700150278
-0.829804746014739
0.425713013326047
0.153189208388602
0.401776539013313
0.912218890748636
-0.198345125215132
0.411212470457753
0.64689633724102
-0.243034926322892
0.30815990182053
0.744247381141795
-0.264941152781283
0.0771558515617812
-0.507612973288361
-0.494925658393081
-0.56911852969697
0.771879270946237
-0.228402865166092
-0.884744962402644
-0.259379933288433
0.607142673779372
0.557883127467905
-0.929479830941102
-0.433415772697672
-0.328133805127076
0.764280538345819
-0.200220490906537
-0.679764086127766
0.700942972126003
-0.0904234638180495
-0.514778930282685
0.871439383369502
0.222062157186396
0.0605234872488882
0.327182750143024
-0.724897371761068
0.886096873972088
-0.874187491690178
-0.239134226993478
0.433659614711064
-0.304666232909798
-0.432724382880775
0.379453091173177
0.890401832860292
0.0223047950619958
0.758964970561548
0.372961946147352
-0.344822528668726
-0.943220470373021
0.876260252945039
-0.311251646078674
-0.733130888055776
0.980469259706776
0.724129172119559
-0.767324830109537
0.837033574008917
-0.733568562082236
-0.561471309901517
-0.198482322206738
0.551033852564783
-0.88479326189245
-0.961524002954901
0.387622899911436
0.135302494154769
0.609811122630637
0.975214120457746
0.181766345195115
-0.183090065315159
-0.756255107873945
-0.790223789391083
0.46453255392807
0.872279450500653
0.695954954405432
-0.23261307952992
-0.545875217931386
0.145480968112143
0.476800685330739
0.205920299974329
-0.210764732878052
-0.454543558435704
0.836065981062466
-0.565918518883085
0.359968175744659
0.0461715823518527
0.976953733130779
0.0219474974003161
0.940867618496508
0.518535004541327
0.161553709828492
-0.964108741281651
-0.880827649319271
0.520980541572056
0.281511972579936
0.831534052938148
-0.734944969004404
-0.885177983606342
0.527832510714118
-0.990957749614384
0.171001082381703
-0.81073398431138
-0.957628329879304
0.910889917611671
-0.342965354574005
0.714283951816945
0.662277916057913
0.00271882380289606
0.456542293183788
-0.795810302034465
0.957375715899146
-0.0496627895090841
-0.23408684760052
-0.179150880609807
0.397014233843499
-0.792549875986732
-0.379808783967351
0.677709102656717
0.93743620022518
0.439850016913774
0.173196816552028
0.0799289617257065
-0.414724617648276
0.915748362264694
0.812107969018469
-0.954335606827474
0.926266785227542
0.309826543539745
-0.606772671182629
0.723817958637974
-0.836748618588172
0.929456148090463
0.23997723715972
0.505604903041571
-0.822111495211249
-0.745387513402927
0.384981312342596
0.746959065942906
-0.952636969005395
0.373657517506445
-0.646272026913848
0.815941709513507
0.450223827432935
-0.509860010844799
0.55257755564242
-0.00420986778918153
0.279779774219683
0.549155003556073
0.920475510703
-0.593070397940465
-0.448633598696211
-0.245462881158676
-0.83636667526767
-0.0384557909093732
-0.0506405650290191
-0.0254829786377029
-0.302379325659711
-0.867423150408549
0.771086352080724
0.961159120543438
-0.514035002794225
-0.767435660360207
-0.243689163369435
-0.508559776642652
0.498418561435772
-0.994848892237215
-0.782927235568098
-0.0336004512580034
0.772114601853362
0.23079091269305
0.512969909456056
-0.4885104882808
-0.96238514797148
0.98676090265527
0.933911280169487
0.565501936187025
0.564041427741021
0.514244310207001
-0.286726771987996
0.705734399850459
0.974288937365869
0.728811905804452
0.588543004315249
-0.991376836177456
0.140344943289672
-0.250103250423284
0.25761664984092
0.191052823920262
0.314366583113186
0.099120088880783
