0.634749193687942
-0.498062061418119
0.195881486116182
-0.0429080830707821
0.0588056621091682
-0.243110058715418
-0.332817995040509
0.988221158468583
-0.0707467657699647
-0.943324728856911
-0.128438585451075
-0.213024789094935
0.317137473184274
0.679159061497643
0.928931726996981
-0.105175196332332
0.187187171842757
-0.295692387258901
0.368968970527144
0.29975450827157
-0.843604207714129
-0.481384884479986
0.849603756576016
0.509081492274238
0.695398454068243
0.666511095159322
0.644387666834806
-0.151712843809766
-0.835744507292694
0.970816267259988
0.108330409817535
-0.481227695712275
-0.27709553918384
-0.726047333362803
0.889128951888086
-0.371532297908101
0.0710993084263129
-0.663327480337093
-0.194942546839171
-0.723377365956773
0.527187925595429
0.258828623308699
0.830141213262737
-0.523549651396379
0.438503909040168
-0.322292231047953
0.72383429724724
-0.363174054385609
0.468537664196365
-0.596158538429333
0.256329559551454
0.6027246376376
0.966427296713431
-0.549747586629091
0.0532652604286743
0.712937533219876
-0.59180940047795
-0.0896062365093419
0.298233038630243
-0.70992695673435
-0.676797204252687
0.450488621647233
0.253858966093717
0.762124124364666
-0.862889983148135
-0.417374766676957
-0.675827732080283
-0.4288073727298
-0.679730972660342
0.791762000685099
0.411955162774425
-0.941610875706343
-0.199140451004361
0.423474516894071
-0.414119908696155
-0.67746690550998
0.329505936621344
0.944173969709042
0.574559675831315
0.51857727641772
-0.989128899970359
-0.7454906287355
-0.973172000269756
0.127638215653647
0.0711227076118621
-0.413651607129563
0.533247892047913
0.362675117796454
-0.929782622359792
0.75724330695326
-0.992751566907747
0.343521188578818
0.252728639084042
-0.183181956528859
-0.723354695377269
-0.504464450977684
0.619772271251479
-0.937358120405998
-0.974869407151373
0.438188293843615
0.890567350235176
0.372286520873728
-0.0335832601239975
0.773311367572811
-0.181691320500943
-0.423669779524538
0.236779205057401
-0.211146881231099
0.483617752950345
-0.267255440144663
0.489736331738651
0.0490919317802401
0.320934178080566
0.688471390872112
0.436744374653958
-0.492850801698898
-0.102593368012795
0.165258912737311
0.0619836983119144
0.804208345812909
0.39886645218699
0.30507669379172
-0.725080688772523
-0.989437053174737
-0.616107349089913
0.909520650352036
-0.373981309188193
-0.285158873012853
