0.686660493284439
-0.813405276570328
0.115970349522676
0.682270086647922
0.840853849947145
-0.255157360380477
0.779172106182902
-0.302039133663485
-0.391256513806125
-0.953963610781811
-0.987456455558757
0.617105820357997
-0.440181621224803
-0.110332124435635
-0.761217403909275
-0.945076215776926
0.247364017292882
-0.53054245357165
-0.654318782246007
-0.53974471875773
-0.494232017597446
0.92639696030545
-0.860104974897282
-0.13166411172102
-0.915248606444795
0.457227274547269
-0.599110306460586
-0.471591889722553
0.196576506034365
0.407589437178162
-0.453995524494716
0.265210820351459
-0.140278057527707
0.18701780028091
0.534330094556801
-0.718713672797739
0.662388084020907
-0.948487076369926
0.969731528367116
0.794365396596652
-0.490199576075272
0.00510399770074022
-0.109207136582294
-0.258309413785507
-0.797657778725549
-0.369453716622639
0.5591500012712
-0.264757428020612
0.40250873589222
-0.117716858565623
0.248056737687447
0.131074496070546
0.982814008820097
0.550032573732451
-0.793018505650746
0.588879092306828
0.185142319125312
-0.0944715085517384
0.622804472106771
-0.41126491098683
-0.94687104711236
0.647395614615395
0.0192905553516434
0.0291019716547302
-0.592424118019127
-0.941878200117515
0.792447289512603
0.945478392364555
0.079736946483905
-0.296554980432812
-0.465012233729869
0.646051862927683
0.80814817590797
0.754268572921018
0.886099707797058
0.715819313909362
-0.992174218535404
0.402348304362505
0.123262929098591
0.103243771576355
0.613692493763616
-0.436455757118532
-0.415576566661951
-0.484261063645492
0.0133043567495055
-0.665046345690904
-0.00541379425590418
0.148760934338042
-0.135460278828207
0.179343013131654
0.0995636246614962
-0.00492511005014336
-0.934466164786075
-0.407049853063155
-0.665871276783037
0.847598415238496
-0.230504538550036
0.904962962068609
0.519143687566022
-0.67080480649639
0.518502315348186
-0.584613484270346
0.532476029200696
0.696583330730899
0.10431643776589
-0.583092825343405
-0.306772236474614
-0.498634327028777
-0.156474682742803
-0.527656822621185
0.695413897285127
-0.372003724113502
-0.0843228346355802
-0.869512534219381
0.697653913633294
0.455187460927542
0.667567032623409
-0.839558006464805
0.0923337336438975
-0.808089868793987
0.802131872836952
-0.683798113233015
-0.689832920228239
-0.820992209370928
-0.361828286700333
0.658308235672559
0.96397183681823
-0.932021810249024
-0.878802236234648
-0.998484729009552
-0.117391948920162
-0.298843643191306
0.850548572533218
-0.0727356758166727
0.200384615171304
0.700150438780813
0.68533461963309
0.0893194078430133
0.532594131255596
0.900901495760297
0.771972288309506
-0.240372795627619
0.74472588301006
-0.55618980258449
-0.403886679940331
-0.834929576894748
-0.349241097377775
0.169060442419123
0.684594862260586
-0.276154179541375
0.050647721275324
-0.482890125964743
-0.530176121923029
-0.881628230674106
0.95121542812013
-0.208204686762629
-0.516563925600113
-0.690500114158793
0.753820789543383
-0.742963559304665
-0.273411230201743
-0.546444684102802
0.275501095889372
-0.0957040854655943
0.28661632653164
0.824902687432452
-0.81949864833821
0.0254182878373455
-0.537385225603793
0.424455364564576
0.341877245870985
-0.0974063048718678
-0.136315044189906
-0.72953715928434
0.429717139726923
0.985508195831605
0.835602977456486
-0.598397661433166
-0.991369857917288
-0.690363120043015
-0.098138752603741
0.203515949719299
-0.0138338069648705
-0.454200584977061
0.641699766088545
-0.162772185704651
0.484075773159634
0.0769061367909381
0.825073281423578
-0.0998878217538637
-0.0231681176359033
0.594698736748835
0.150165907451301
-0.959892481220069
0.556597941398982
0.445983170598413
-0.173477527162966
0.887998760104584
-0.0554486293292463
-0.312041038904094
-0.131961326334797
-0.979943421148168
-0.603292993327105
-0.843315512282129
-0.584435850352458
-0.506803944653332
0.561941041281455
0.312728201851004
0.491758806368827
-0.292557078762458
-0.464013690000635
-0.571876402537198
0.266029463479831
0.344173601524603
-0.813921832986848
-0.0538856755643965
-0.000691704292411906
-0.40088796315968
0.145719228704666
-0.177413326083368
0.884930725308402
0.388081669197916
-0.75543340329488
-0.737510728718243
0.639353774934572
0.755063522706349
-0.360586548380148
0.0344330509286591
-0.928755415722147
0.774351403658448
-0.515812913130457
0.623143591548105
-0.728092845205934
0.0526154277627658
0.0604962614813102
0.0992484879517831
-0.31890036320963
0.402047836007358
-0.596315900288965
-0.504582294680073
-0.717547108153016
-0.49853101110317
-0.0655117199937152
0.0706188034087012
0.75167480430898
0.776870715330913
-0.915901204887696
-0.873922557401823
-0.163270645395131
0.439937683638494
0.405503828625362
-0.182847529110337
0.269252049446992
-0.145557719218162
0.823919520658346
-0.715328055169776
