-0.819417396979164
0.382015969940565
0.476575637936783
-0.0762723425690928
-0.0389451108777097
0.782261610115367
0.645282930725692
-0.351754417285037
-0.0817098940790011
0.73324922242204
-0.965026738839639
0.245972431206647
0.121038381109641
0.857561359441571
0.373727415917822
-0.422666366796154
0.108539419838984
-0.864498131998349
0.70873981831156
-0.87067464793729
0.657006582807454
-0.782657344626489
-0.729086210271779
-0.594038876920445
-0.23210497424859
-0.629248464769564
0.0414110730788444
0.0797204167791334
0.385962443945146
-0.689017715814957
0.918700100551492
-0.389972058732901
-0.219624334747582
-0.550653813145569
0.886793221632861
0.0464342657946315
-0.482025006268453
-0.474375037875789
0.845324900374358
-0.679721136884979
0.0285187445324353
-0.623670064787585
-0.903660491486459
0.816469254698009
-0.470964838253228
-0.973314901663132
-0.267995708906784
-0.275836559220777
-0.86865915131312
-0.226059131441151
-0.488474937592143
-0.341425943130975
0.418008295388643
-0.256381581971348
-0.948882616592994
0.813078005399932
0.155759544141784
-0.816915930189552
-0.957800417493953
-0.770338980010291
-0.98157548273163
-0.741494147615827
-0.0412814127616983
-0.833620881933418
-0.844302741729186
-0.858389793117126
0.527201037560374
-0.671283986052434
-0.418628784475469
-0.373299842947521
0.699134978589934
0.222866347301585
-0.240793244201297
0.137339020627347
0.336579831178577
0.600441276441102
-0.000517923480502613
-0.879032853435406
0.307745425045563
-0.390069384383766
-0.535696044157628
-0.347292792772231
0.60287881800439
0.941741559159783
-0.105685042860725
-0.44271051168348
0.360656030523424
0.706335341067786
0.748733947837946
-0.143487781956714
0.666447609303748
-0.883804075633588
0.686977022437446
-0.353111583348962
0.60783172396652
0.515158272646541
-0.897666051151815
-0.307749023929079
-0.663662733210773
0.359635406622505
0.965211395342505
0.818141558790898
-0.0262455474905441
-0.31093593113563
-0.251512797990018
-0.645826586030452
0.958852028096138
-0.515390229748275
0.440516136604115
0.801036035037451
0.889967080868675
-0.901543748768374
-0.808477017284579
0.148630893300836
0.623385082737408
0.035570242216042
-0.87299264809346
-0.726443951608787
0.0821011780511787
-0.447875610065651
0.179068889939591
0.565938253950052
0.531035500158474
-0.831604869211805
0.304173396735177
-0.213995681600868
0.877593224322668
0.760979598724626
0.31811298222784
0.582664712628761
0.559902985426211
-0.947433087499575
-0.675275983368545
-0.18744244880328
0.789491550967662
0.0649757065653194
0.285704251361697
-0.36100501552612
-0.281197701251477
0.583338251960045
-0.518245588050395
-0.934208395069781
-0.456681861639493
0.635916109867413
-0.00188265290250667
-0.456775344019153
0.996209616947313
-0.642241832116124
-0.0122771764728145
0.586395635486326
0.23971435895305
0.0352674406173092
0.963743148385374
-0.408657202830188
0.819806775102961
-0.928568799925974
-0.606539759620242
0.0670154056770587
0.147403387366981
0.416608724179029
-0.0546984680894929
-0.0936479630338953
-0.832059839501238
0.658640604353734
-0.234898595834292
-0.737944699745259
0.0951628469968784
-0.246335035801129
0.280393739787813
-0.373986410670763
-0.422984358286479
-0.71884413660044
0.447655114665999
0.865840965333772
-0.443755277149611
-0.272904064817013
-0.196242581135927
0.923320829624591
0.199769265951222
0.899241557574457
-0.793908863773001
0.750383683377754
0.628413114794539
0.317754843603866
-0.974496831025613
-0.431103385613236
-0.295229309621189
-0.672391355293253
-0.528082906623073
-0.378253179452942
0.581387067673888
-0.786000331257176
-0.588225407223773
-0.31623060621309
-0.501705101719862
-0.596806231587443
0.402338977262713
0.88384544185121
0.662016960269434
-0.164610006990089
0.399724743277019
-0.87730045839119
-0.261094200498047
-0.978893426808081
-0.568857642336295
0.172041444765761
-0.407339370128238
-0.921354600721466
-0.381389279516102
0.147296050020483
0.281908452324373
-0.141638586974887
0.349800779026552
-0.703147954352408
-0.241173961137615
0.870856781173783
0.75037933005172
-0.686833737424105
-0.245581268256766
-0.937233913069268
-0.366301150364459
-0.651442483856538
0.769204498163725
-0.838228553599851
-0.112215766045297
-0.780667701548601
-0.990030795972479
-0.124705903781408
0.0479620156830518
0.270684546723353
0.658957434784683
0.071389628650576
-0.175066226683867
0.132825646781576
0.652895936236419
-0.683873101245751
0.427017587904001
-0.877260252639701
0.232940347053996
0.576770830006561
-0.111613835178394
-0.08541976850334
-0.365100031789798
-0.546462515213656
-0.641751598367926
0.0059925633716591
0.378503976025206
-0.395834708557222
-0.326621575198265
-0.736754987475673
0.194788371719908
-0.460935869724137
-0.914783572557662
0.915666858969159
0.438244608962148
0.00050675527277888
