-0.343134247540905
-0.498022212859101
-0.49234442743183
0.100632806781893
-0.674941569168017
0.48052886584304
0.148861872178073
0.295130048958974
-0.64776184440163
0.611276888600763
0.122021889961498
0.533230575906132
0.377995518783498
-0.287800091171914
-0.792059886230144
-0.928634951481908
0.971025977474608
-0.394743828817524
0.488646592644171
0.892528960715837
-0.831155693093931
0.0265855008154144
0.941864037574493
0.38687729280644
0.563197158869604
-0.561381299119406
0.475626669661749
0.304237555958186
0.138671615581177
0.71018005490679
-0.620384764412702
0.168131403129259
0.487132987644196
0.0544329254314712
-0.934670550116565
0.112420778135465
-0.302269491783268
0.338401795841341
-0.40467285430216
0.330353671629772
-0.853130635217088
-0.761285713211557
-0.401973714979849
0.193520788471711
0.0907118184577912
-0.100054005308313
-0.0789879622030714
0.516299391284576
-0.239928726247689
-0.668205640665878
-0.500293989779094
0.722957384053751
-0.00830007474875343
-0.87232897120391
-0.778072058017489
-0.601644701499427
0.813598774461611
-0.0787541826605016
-0.368096314041235
-0.00804204443503538
0.468248691839159
0.401541647339799
0.668076634730121
-0.519183704926771
-0.927143277603298
0.960311025141399
-0.907491980469342
-0.420977863597403
-0.57986239111187
-0.451666820161
0.636732677793564
0.845959106978925
-0.770171801592805
-0.341398532019104
-0.662254819913344
0.413408551936748
0.336498578136178
-0.623171204614305
0.7097794428727
0.765893466851431
-0.893670733930671
0.663526610100419
-0.0972764885556673
0.224003377288789
-0.942841634168342
-0.523582424900443
-0.407180129281867
-0.0335057882639892
-0.2002043456512
-0.499211383010265
-0.284899156015781
0.844858923236483
-0.0984963020294149
0.529243438229641
-0.00995877516964095
0.772537757924409
-0.841559516476698
0.176102868637576
0.555525315321805
0.898261707424773
-0.990317035309084
0.947380781892792
0.42536784456768
-0.479267746413925
0.345691972304689
-0.256570770877979
-0.45909306843546
0.60406866336831
-0.336314095038255
0.535641503061093
0.543990975559574
0.215283767586838
0.977895033008663
-0.466485959601267
-0.973709155511873
-0.503558683615515
-0.230802898334228
0.391545347497023
-0.132330767804173
-0.82587930549102
-0.271789394000491
0.206975906451426
-0.556810779700333
-0.932448663468182
0.304751070086006
-0.917998303300571
0.870587729428174
-0.667711613614385
