-0.971070647503018
0.602441032358799
0.805758923574655
0.898333543610668
-0.449884549336782
0.119611111193957
0.366934560563451
0.221689433537956
0.870708916024291
0.709434042064743
-0.279466521324424
0.695971065909068
0.154281832737321
-0.642253773952963
-0.836545867906873
0.24677032625288
-0.160691662380327
0.602622402455945
-0.478311306705657
-0.758087937719183
-0.487652430474452
0.321416281964639
0.29311331398136
0.94217036658308
0.78961726003018
-0.750302949661862
0.411945349743268
-0.144681150690198
-0.208540047661589
-0.723009597008743
0.134826499255094
-0.397413821982529
0.694542221023889
0.211699664601362
-0.714151411427978
0.0425203837656492
-0.633354450269638
0.0401683877391498
0.424835262644769
0.167381288398623
0.380273915320509
0.518719369571713
0.642632464236083
-0.599310556314997
-0.157360122291931
0.353716774257731
-0.205058835253364
-0.796752243219991
0.480697462083875
-0.51891504601934
0.508813073056878
0.103626827906928
0.261142221596779
-0.591454166147931
0.534702240805897
-0.638425061846014
0.616353962015928
0.288064967814777
-0.264930965598376
0.737242213292186
0.345917221029075
-0.815697635495427
0.761272457389849
0.205256582595331
-0.922892113497433
0.61044842230649
0.144272528868836
-0.693570732361115
0.631628603115031
-0.0454585371356588
0.54151803610745
0.879240174688822
0.645559678038226
0.0356064689864112
0.433256145540929
-0.0635113516966756
-0.0849246550459649
-0.831884057406413
-0.705274531955695
0.59907855991159
0.787489659090125
0.453114729789168
-0.542239162124379
0.228579862894449
-0.784318031049994
-0.803855650740959
0.169161962294539
-0.513642898746741
0.286590880100799
0.689201022833594
-0.324368445490347
0.731730308060725
-0.592191603639792
0.968981622451106
-0.564515033107063
0.0168970793628111
0.225403514116052
0.611678103193798
0.506216701348328
0.369288733432772
-0.49478025734611
-0.343585034644376
-0.438552953284251
-0.545233248557641
-0.10932039219383
0.7631915500148
0.501708800860198
-0.360330382169226
0.740187498115971
0.0683268696675024
0.835152291762962
0.132837936848524
0.567631312200746
-0.0148376931670356
-0.731341695226162
-0.526703700693645
0.792368454197875
-0.643083417758831
-0.694161812596566
0.592074469990579
-0.766523954176795
0.205585617763443
-0.570224630474333
0.595780038923513
-0.493768947718268
-0.164934093181622
1.0111107954271
0.268445441729812
