-0.668684577445522
-0.514191811712108
0.21561746679154
0.719105765948538
-0.124224351873102
-0.946412901369935
0.177230098097831
0.614859797449531
0.78362807512837
-0.192017241055101
0.780399831025705
-0.447096336090981
-0.179525590665308
-0.931289958512759
-0.108628183776974
-0.0944996883874667
-0.702452281396174
-0.374795381963312
0.360537814448099
-0.409619084738111
0.514586542301071
0.378845400807882
-0.180360426758197
0.926146563222234
-0.866433886922611
-0.770317595344672
0.584218144535778
-0.392147591366144
-0.708617069171564
-0.452752316291062
-0.240731286899979
0.397514179189954
0.465616876881005
0.353842016711242
-0.83943795023749
0.749595548859942
-0.999597709155005
-0.895678373976123
-0.625433369469038
0.940123367700389
-0.411356580353929
-0.896216063075273
-0.91003616288504
0.185394077617269
0.424834742784417
-0.46905989477109
0.398181923715296
0.911392467850373
0.981550934496022
0.754175948446819
-0.713881916133014
-0.982873879017366
0.128607805968076
-0.236009233102892
-0.771862093259821
-0.524480798430317
0.418232215558465
0.563035240839383
0.782445273993092
-0.930521627004887
0.00858606599079864
-0.999120045031811
-0.987720528827892
-0.0860823658499348
-0.126150106685961
-0.200286538644803
-0.475361605874915
-0.560719789285881
0.402178745051616
-0.574065877709894
-0.303091546511887
-0.449680065771591
-0.334398569348105
0.519289762665953
-0.142324609747117
-0.875839414612366
0.390871717360469
-0.981607915623215
0.412709991342044
0.520319467992483
-0.752933848938927
0.152726537897307
0.184239626952504
-0.702976501001638
0.946369857176911
0.651543227714184
-0.846225389950385
0.0523902908647355
-0.819223342503633
0.104966613604694
-0.940884997958512
-0.800894145376971
-0.953849478496565
0.296696240630633
-0.993941719078423
0.606059941839838
-0.410141541831958
0.477144144820328
-0.330316060355178
-0.359773107486979
-0.665594007915943
0.930626716602409
-0.0675088013162728
-0.167085866062376
-0.693332092383351
0.373799724629672
-0.734609346492779
0.112841634521225
-0.61428506315535
-0.790543041250756
-0.345919541404367
-0.89974021614259
0.18411832664467
-0.811031749459
-0.00480348137624831
0.797035073199838
-0.8093784837941
-0.458886101952003
0.667925772209542
-0.498724258819286
0.730003888494259
0.45136755306811
-0.661165969575096
-0.720767300504168
-0.594194965461047
-0.692048807223031
0.835814101528756
0.00626783367497788
-0.893037322404223
0.328110708135139
-0.868283893065282
0.967581511967356
0.00320640046910833
-0.955794454566778
0.564156353116892
0.292174117335397
-0.430200124541497
-0.341282123860703
-0.233988679107911
-0.0633068108791528
0.156208996447405
-0.66635658862721
0.976975204178384
-0.671985340423953
-0.933847587133102
-0.588706807628745
0.198270616517768
0.591256114660934
-0.958790014774212
-0.789159579396354
0.527665491312573
-0.279118673769124
-0.778564400710261
-0.0849888368044027
-0.0176663270775083
-0.116670841316604
0.978779813740965
-0.225691975633058
0.615891880181672
0.0575105928133024
0.0616932729455002
0.478761569135633
-0.975611692709924
-0.648505977873257
-0.891998158925547
0.0358120643006221
0.267176264591051
-0.489232403341715
0.863777084970117
-0.610655872571479
-0.817066917183073
-0.970509065617402
0.41877203792701
0.727028338822379
-0.473825132157524
0.758578539171917
0.545614271817996
-0.779336134776487
0.523452826006152
-0.0100738461891294
0.318364793337964
0.00145793893137854
0.776103806654085
-0.365285489346459
0.924214050128778
0.327673002939918
0.797061957358383
-0.429531447444615
-0.689372478369898
-0.946307749570537
0.843202423989186
0.338486003787108
-0.670681868079509
0.282653405793281
0.782826462681336
0.869331678833414
-0.767927780700976
0.476550787054228
0.978622917444878
-0.00070370193113862
-0.65843584063699
-0.23078540637726
0.959153263932492
0.369221455868412
0.964197019014678
-0.768734947941064
-0.563429910287046
-0.56958828518765
-0.12579375381247
-0.150059544792868
0.125904103023557
0.503391258016392
0.262658057990791
0.351518404845142
0.586463083274012
-0.894885510440585
-0.122425326082905
0.397358973496511
-0.0775999708377635
0.161511975732136
0.396947390442807
0.821396793585005
0.88891653889033
-0.646284848751099
0.973362683490777
0.119524658379293
0.246182316578251
-0.701564289905298
0.713401658162811
0.108801880013948
-0.66092231371773
-0.640152463162589
0.802750115150719
0.190008600950375
0.855727162185887
-0.127433959367169
0.609243309571885
-0.348956154062968
-0.894422090958782
0.195989010273465
-0.9689111753105
0.812809861024781
0.885537011446957
-0.0960933895991301
-0.867216680475463
0.688570251572572
0.820833546531757
0.399447919206735
-0.308050543365526
0.789728102418292
-0.506399751577911
-0.325006411178238
-0.79444105604972
0.744389821176091
-0.213255459986101
-0.606693868221166
