-0.627308117128806
-0.148569118800545
0.544932569800977
0.00379470332260793
-0.383733587211242
-0.63210602797382
0.425482233284825
-0.180800404409987
0.241954295738785
-0.545099142513163
0.427144343730523
0.809013112126376
0.24880413620949
0.368770163878236
-0.0779758860015574
0.460659033321888
-0.513675840301451
0.487861659617138
0.584081560413943
-0.214144143947464
-0.0347899543938427
-0.110574789586644
0.00121433301522941
-0.0156422368258861
0.305107834602914
0.255949797236381
-0.50096158148198
0.748226625603213
-0.569653947300429
0.871084563349775
-0.604507291398325
-0.0461749461044832
0.0463878740498843
0.243018475678247
-0.405379317275402
-0.9938307066192
-0.431383809941501
0.638282717397542
0.563023119520026
0.789068604635302
0.318840820427997
0.478335469484916
-0.0124336489826046
0.254349955092748
-0.317373225171754
-0.826180019480241
0.673688066922988
0.0616193584323415
0.572403227293585
0.177822880511063
-0.460731928965897
0.194054434324998
0.502140183442414
0.445015555922451
-0.274344350528693
0.405658392975952
0.309792041712605
-0.803011692453358
0.550909061062544
0.801562864651529
-0.402042290584464
0.488235213267271
-0.665692128446147
-1.0144135927649
0.547551641261209
0.828033296407371
0.545852316614949
-0.716079471217279
-0.728195939725435
0.967679512313943
-0.913603257348335
-0.729631316540292
0.500748372643424
-0.353633746389325
0.0181896233128151
0.193487038611454
-0.96167302471093
-0.162107423784058
0.426499054877708
0.390436642289928
-0.733206059751771
-0.0239104594533768
-0.409600180346954
-0.289974462560465
-0.808755471391866
-0.951448738545189
-0.616644879350154
-0.751625025820653
0.0679051746590745
0.0209392063217471
-0.718482141797123
0.497062244609048
0.381127356638439
0.963563895392912
-0.922277987522011
0.237115252612088
-0.310896746824378
-0.462794435063071
-0.55677083695481
-0.641422898974641
0.951606447875772
-0.528380856038817
-0.722068374120116
0.182134700159943
0.15232985707095
0.531909877045824
0.73980935660912
-0.832856911179167
-0.0187580460628726
0.783956300861661
-0.743196419294416
0.432269132987973
-0.452389188514365
0.611618393874078
0.500083898287442
0.718694675967119
0.315225057531396
-0.649745232569697
0.917245022203679
0.183806635427131
0.0145582868390587
0.254914006695013
-0.115084527135813
-0.541373023735444
0.469750703277537
-0.676474243297631
0.532631980166986
-0.455086587707107
