-0.711228984380221
0.172491134535017
-0.994798930831575
0.946027584976333
-0.0661545679485584
0.117660656671893
-0.0353377647210411
0.642561495559267
0.0195107075931953
0.503851977732191
-0.139100428943752
-0.646823200020434
0.383368971999994
-0.00987281467261123
-0.0264353444741262
0.575614929530876
0.583382588182481
0.871842870696853
-0.547415807108659
-0.792008349356916
-0.704852714546189
-0.64967067270163
-0.586436720115566
0.148173315038698
-0.351655006844937
0.763876716916621
-0.198624165004416
0.850084269796995
0.895506284622628
0.601236351999837
-0.638740023884283
-0.869028367724682
0.167095342918138
0.974793275828242
0.841893956065199
0.265436060451605
0.876759770185714
0.918376329357412
-0.467205990244999
-0.985472652231295
-0.696216804185176
-0.753074476670997
0.316992344192835
-0.396968275780101
0.429276640094001
-0.77438789577627
0.356421133938146
0.338482072883168
-0.180228134035686
-0.772561301345446
-0.271952565252557
0.337003210050593
0.33621419355016
0.0897585618706839
0.0226691328640363
-0.410298615216285
-0.354463059552362
-0.327516547488628
-0.81125582127418
-0.71796898945662
0.174468917184521
-0.357304461823282
-0.90439979760558
0.0504527930220471
0.341448802892819
-0.157373946136828
-0.264450138291168
0.372893507601194
-0.594675379812284
0.485814398263831
-0.467104703324019
0.524130512969056
-0.904292521506178
-0.290053620079072
-0.0622262395057666
-0.977267549862184
-0.926423417165279
0.290330599355162
0.888410467704167
-0.432339689197915
0.412068263224992
0.318160288153006
-0.0502214093947829
-0.956499219290051
-0.1396287425718
0.285862985769394
-0.108863220120163
0.0380490643964343
-0.616949188964076
0.539277260653122
0.72514912627335
0.34059530525112
0.229158112424407
-0.175108293230729
0.143025543887183
-0.614972921669034
-0.541887286496731
0.47652060020437
0.100911864635406
-0.695158462477873
-0.427568375682488
-0.598649977355159
0.0998085143961915
-0.699404723674088
-0.895539002463321
0.769230627346334
-0.0526646475916844
0.551472138501832
0.218757520410104
-0.740555982439547
-0.752826587688461
-0.668204706837371
0.562926349432338
0.0676332521319452
-0.888301812581368
-0.670405086119608
-0.944859323785672
-0.26980477965621
0.951340068452558
-0.0960669417603375
0.700249231955899
0.415687965701698
0.077241944416826
-0.799939784164907
0.85053100562247
-0.311205139416359
0.533136908843225
0.265160038495615
0.0999878308376887
-0.21994718701631
0.884306156659818
0.0496485308225769
-0.484770807734791
0.892395279975758
0.0450237905798596
0.34592547353182
-0.303501177957103
0.355920708472021
-0.00676980839947146
-0.313027702628059
-0.16511816048293
0.121318657383838
-1.03620846942619
-0.318370382320944
0.647152721495699
-0.543864037440362
-0.695926945735137
-0.168267218927632
0.306503944890852
0.462346483179959
0.061551516080042
-0.655665455965456
0.448538393814742
0.142596851370764
-0.433980554618723
-0.405958066323938
-0.482206613791018
-0.744310380638999
-0.791415229752295
-0.668710529478396
0.867988725660956
0.9849031192548
0.135375219654841
-0.0321144145276365
-0.728085874742092
-0.279514010112568
-0.749648225202016
0.525008539720919
-0.219932933372003
-0.900222035348938
0.408497189266552
0.46126777920158
0.220011725640185
-0.757081284989401
0.477295423713451
-0.0586881996895812
-0.03071029489123
-0.191869603079791
-0.982128468300464
-0.720023770244987
-0.42096896117926
0.256448767558757
0.826265441528193
-0.56955291440903
0.733006065244748
-0.349747125486118
0.979562720634154
-0.233518350787691
0.404936095600984
-0.0259194209687856
0.105698626999009
0.0144191266412872
-0.0730686458938994
0.279342797156916
0.352159927460986
-0.71424448493437
-0.730932051419773
0.861949218665974
0.0812204424543956
-0.53010820368509
-0.814487185908359
-0.356909755927987
0.292726799254338
0.130931802183536
0.247898799367183
0.916280861594486
0.649240704976261
-0.839500979064135
0.617990753125713
-0.0600974160229854
0.295334490792035
-0.597504332235364
0.50065788611589
0.635121263680055
0.198431975995292
-0.343114631518444
-0.986187315373939
-0.944046780280748
0.9790470043074
0.0134956935278246
-0.873758976193819
-0.981295064304699
-0.149074743549734
-0.983763529521053
0.411615525775789
-0.787437575748013
-0.604685493753284
-0.936022994916501
0.285810888158697
-0.717453008307845
0.876854468324945
0.873558394365036
-0.343685663254588
0.535033880637973
0.289178775576392
-0.178421518781159
-0.237102726284048
-0.307234084348111
0.736059173531627
-0.535583061197765
0.206427744725927
-0.919346270274888
-0.725542539432866
0.755901080550554
0.775496353866638
-0.878352255911301
0.0908336912092438
0.8001136884095
-0.25915864505925
-0.0793260339213787
-0.437656003223114
0.323473660609661
-0.507616993275758
0.112448411141979
0.111149254732112
0.592762624649152
