-0.223065466455471
-0.680628385964914
-0.999593445890229
0.795080672724923
0.697364307299361
0.219449019589383
-0.495742657386753
-0.575964535641247
0.395421035506089
0.679703816259983
-0.55620815863883
-0.806482174415509
0.706701402071737
0.0836896915665905
0.361164906706091
-0.416398767591082
0.349067694013998
-0.581193534594611
-0.27246428405323
0.329408375862196
-0.6794276167714
-0.112787173124412
0.0586131733332537
0.121337847725929
-0.552794757326507
0.753644585068814
-0.301958980111761
-0.606309755153308
0.715400287562644
-0.615579911595402
-0.183250619121294
0.375751649465477
-0.726936914578863
-0.345780077128112
-0.377245422510866
-0.748150752097498
0.567395164918138
-0.0892234464936476
0.772844497632376
0.846865034735413
-0.351804728591352
-0.130683291875742
0.663096775774738
0.173773103286134
-0.150290008745201
0.328041680841032
-0.45377555421685
0.158936870533312
-0.424151632499329
0.265069995883978
-0.410633057970344
0.508413404661686
-0.567343388575003
-0.230933154219639
-0.909721629820242
0.57804814396991
-0.94722974182968
-0.971202367445761
0.363934691798631
-0.647455671182451
0.266626562043132
-0.204268881467249
0.464160944678072
0.775494671494086
-0.226204393253868
-0.38570687912422
-0.261213099248933
-0.83540083363217
-0.600707673116807
0.102679768143992
0.608130189390415
0.358605027739533
-0.0812928884563587
-0.795808918688557
-0.93166773281813
-0.288508265246497
0.92520180562688
-0.949398076928313
0.986173921810046
-0.564466920632069
0.608337820375162
-0.236316993363465
-0.932029465677261
0.685676042660394
-0.578667585272818
0.379650982906203
0.0930888096671705
0.555494929388079
0.557032243941513
-0.91715385026865
0.154235372893235
-0.258680335870204
-0.965989491386834
-0.140508206903308
-0.885283922260902
0.542922576874608
-0.687694859478247
0.27687172488221
-0.963900164228497
0.248044485314779
-0.0265561370332549
-0.958139614354406
-0.517931903190823
-0.669436646163335
0.460868675141568
-0.248211779965516
0.641654342396903
0.0592877032766276
0.674592305106229
0.292874866748172
0.883816509122015
-0.584239245388045
-0.264615097074139
-0.490402652223749
-0.881164366007991
0.40018986556145
-0.0715604596261027
0.983263674813501
0.258450644009728
-0.902733480624402
-0.905779174532213
-0.284242365029158
0.327522937348547
0.858313329817608
0.324355970606904
-0.17516379490317
-0.701254751861024
-0.157311819739096
