0.860926731500438
0.8552874091108
-0.279336972293494
-0.26032324654746
-0.629412593707298
-0.346291435054905
-0.500438238943494
0.596304839884933
-0.886993633454921
0.968390606403591
0.440236327197833
-0.511575945633854
-0.162452646569728
0.406767662485633
-0.57193566942673
-0.893899744595648
0.514145128894014
0.826466524661891
-0.401103490757781
-0.905250915080662
0.742643469099747
-0.554506404530052
-0.120736657378939
0.414997821425543
-0.0143501874600728
-0.949423383280269
0.763467284826396
0.975081729870602
-0.294484182060305
0.857146585646083
-0.733050152066692
-0.0828951761596993
-0.696758093510511
0.902302248231613
-0.653263323444713
-0.708280998228297
0.915963780692831
-0.898473093501482
0.521839629500389
0.541861624955627
-0.926787929283445
-0.335968621031215
0.59151013519753
0.712626478658319
-0.917148763522588
-0.0409197601695592
-0.640007249121191
-0.713109209732419
0.537101540094248
-0.522054240946556
0.18335559320162
0.307693825839428
-0.321730937444769
0.260863943586143
0.413727898743594
0.283163283309237
0.833789576835654
-0.0539648866333796
-0.0296667005605516
-0.385706292783186
0.832231523487879
0.916416105526131
-0.742510019401473
0.653699433352628
0.406801520037456
-0.460507406590641
0.45974105534724
-0.519048966530209
0.88346697174075
-0.74548912793732
0.58664470340764
-0.548675564190192
-0.266515237385829
-0.224696373267039
0.378700625297539
-0.299526171730226
0.438587996183019
0.294696650124394
-0.31215799182191
0.0870867743801898
0.473452227812829
-0.207412294055228
0.644089598656003
0.267557890118127
-0.171444993315147
-0.890024780209398
-0.334385975415146
0.722403313907442
-0.270216738333059
-0.848836912516129
0.585904323496191
-0.378583241415477
0.432644147992628
-0.831420391983136
-0.957746180113911
0.458394140233094
0.366368657135763
-0.387017384668255
-1.00243248657228
-0.822766542848529
-0.790194472018462
-0.623875166223169
-0.723231775552549
0.334751148019175
-0.401356434746897
0.693556881088478
-0.969784706937712
-0.48599279388001
-0.854684822706346
0.59241761154316
-0.22361884971768
0.0801696646042661
0.682176923182714
0.597362916029813
-0.549046702118641
0.376545803717402
0.380438884393981
0.42171575152456
-0.375853269032199
0.985725937782419
-0.379531772943075
0.999520178910305
-0.61315687878967
-0.0351367357128921
-0.558358946612237
0.0136824316923717
0.575678584878811
-0.617706476021332
