-0.197236031669725
-0.361850547517864
-0.44124772819974
0.193779721942633
0.767502585816862
0.725250375723015
-0.0488003840646909
0.555603537810346
0.704334492162328
-0.446110423680141
-0.475989324758772
-0.0408006362974752
-0.432887914759487
0.505279766935645
0.0986971592359061
-0.257936019117289
-0.981316024293465
0.753342930112607
0.0487334593960205
-0.648710818404291
0.481676034416386
-0.512031779777657
0.582897978417896
-0.695591162994745
-0.00127311821455905
-0.419789823376639
-0.338866214617127
0.232757302447465
-0.830176188350484
0.270269127948838
0.832555532397717
-0.428895132178328
1.03953067851136
-0.51203070413065
0.630053604296327
0.734123162706142
0.447205776724412
0.674811757759477
0.0570248237351087
-0.0638488482236459
0.52934324405306
0.492717620647153
0.428655312973936
0.955719209495889
-0.901389487216041
0.183104909707501
-0.493151832990593
0.992883997062979
-0.126043542461155
0.589420630804858
0.429270037390764
-0.960012878691425
0.0923903141909619
0.54063914519594
-0.71798082042874
-0.718419315116446
-0.386958170550882
0.592521047881253
-0.955472859029447
0.196617921477414
0.850570763447158
-0.219139826040063
-0.982755937550319
-0.518059168401065
0.595298582034452
-0.205280818462356
-0.159113464503225
0.387130986099203
0.380505083878489
0.314873606242415
0.822235090313725
0.280190221407227
-0.590536812700008
0.23317033488818
-0.214545845632114
-0.157313047283564
0.336897538011463
-0.285326239178766
0.113242108071156
0.461209028811957
-0.908180071757644
-0.00621431854335739
0.93853471952908
-0.0407658886645053
0.751991376494625
0.296115544532043
-0.327737410296246
0.247548658696096
-0.502813668046735
0.677986235897975
-0.662256729663469
0.5680167619507
0.2465611503714
0.870080418054677
-0.28612889706242
0.0606725778222007
0.995362275609718
0.686169302898253
0.306602361593378
0.78640061335515
-0.606801754149573
0.566862581061307
-0.483723653344174
0.466537569173601
0.293592606931023
-0.193447624183434
-0.764247872859873
-0.543218380366259
-0.690177324432861
-0.375224160086389
-0.497918375246717
0.958809322796372
0.825515863011525
-0.283457936944319
0.172438057637847
-0.0200804118486192
-0.864141359237827
0.324032746592172
0.039343989031148
-0.647572995279155
-0.265222383356562
-0.181794416807694
0.429292915529228
0.438085529259124
-0.0977941519562897
0.128279665897386
0.797583365451102
-0.405338712425493
0.292471484266285
-0.0904574209601489
0.201122031057832
-0.14778645159886
-0.194070094538474
0.539381642823936
0.94237002137177
0.96548704871737
-0.562220144625003
-0.849076294164374
-0.783903274997106
-0.168051193977277
0.632429689392443
-0.362022586551919
-0.479849754473857
0.567209822477087
-0.0525673561662007
-0.639900884886016
0.0339035210572891
-0.125177645958818
-0.970375789047258
0.984809000998684
0.658598065294951
0.544687964267842
-0.606879828685102
-0.51513385061657
0.573323158572266
0.985364298009528
-0.670911847474004
-0.212307114990516
0.434531459824309
0.616849293710884
0.151294943267421
-0.622898178373797
-0.201293590379035
-0.604727870278772
0.945910875790232
-0.460352350324201
-0.962002280675465
-0.449899398451022
-0.0596521764763234
0.57563852876989
0.100854988066257
0.152558745691283
-0.746466143013853
0.298843041813266
-0.935889750623385
-0.50083018814514
-0.382463774408192
-0.947851020564874
-0.176516668075306
-0.674104349140054
0.58346592690414
0.785576220004655
0.743463361043297
0.420033088406701
0.0341409271667062
-0.843866194889606
-0.817274718263933
-0.870551573719859
0.511131939289696
0.700260726600631
-0.436582052652179
0.681311991722074
0.250726896365438
-0.343943371987381
0.841359431425023
-0.912019074249859
-0.0368901272145931
0.400996290487936
-0.9804596125508
0.526353931604291
0.990970380809437
0.397550884321
-0.922891915836811
0.602882918777985
-0.310018358679779
-0.0480837304219167
-0.45245631192874
-0.4726254221924
-1.02879792560635
0.0561631921199297
0.696111915930629
0.235482291151589
-0.236680458727242
0.91145100482231
-0.0502621618775673
-0.104405715723502
0.834519671992221
0.48403371774421
0.487297616644236
-0.930897998216733
-0.380992740697308
0.333342516624983
-0.0488420564218708
-0.676608726967332
-0.0212361301526116
0.757998532360885
-0.533800329066176
0.163794987485182
0.326294120253937
0.161738893734824
0.179981595683633
0.726056223264372
0.412383958445044
-0.00131919281502829
-0.105695359029221
0.281609647692887
0.499411037029722
-0.724152400307056
0.246336761546258
0.106915582002406
0.0381630196878822
0.629614541432032
0.404491725489397
-0.545608027717709
-0.188621856439722
-0.711154594815515
0.437366856141463
0.369851013937782
-0.980180486915865
0.814547667614907
0.572880164661856
-0.686397714231115
-0.487454223444913
0.148582723980599
0.793682774315255
0.847728202799233
