0.690416064243963
-0.963273912871602
0.673551513681631
0.901938876135273
0.629064505994143
-0.661099733496709
-0.721092511559497
0.217555432296186
0.0398960926520364
-0.267743454018513
0.720987043404137
-0.62089186161656
-0.877604374651243
-0.585813034919345
-0.219209762448132
0.687290892464935
-0.443264416802088
0.770454743939443
0.69937146723931
-0.883407108621475
0.964742407532968
0.552849292694199
-0.451577098779961
-0.763775437846238
-0.795919572305853
0.240956700693833
0.910452564205441
0.0891950907185844
0.282002806567699
0.749538707118967
0.630174546247717
-0.687504939491817
-0.128973416925318
-0.628278262685208
0.877833214105848
0.664674469523683
-0.442178888348143
-0.0116511564329724
0.296107898013278
0.637574846853345
-0.64518566920906
-0.183445294506565
0.552976364471053
0.873529925820208
-0.051123455669648
0.940414728535055
0.868801854484298
-0.539618011903751
-0.47848596880999
0.497709443252045
-0.708071399159754
0.166099634901204
-0.0796214174466282
-0.684537452135158
-0.919449467414754
0.124222006012443
0.757195425179781
0.508535688064459
0.584382634295235
0.895346531252124
-0.00663012718231819
0.0470466337592621
-0.599767198194978
0.800661535544925
-0.465892159798072
-0.676819530865228
-0.365671648207772
-0.606489983936367
0.41548969713128
0.00222812026839905
0.00814723427039605
0.23690897917752
0.735351156643378
-0.387616619073669
-0.276122416306352
-0.717868345049203
-0.80688065106825
0.439604417015407
0.592534092590738
0.806555286347518
0.255450877649037
-0.0620786630581355
0.721149203634874
-0.201148487041522
-0.0174218511766909
-0.459930019388305
-0.622433536340122
-0.194591397560771
0.0458493464512375
-0.06753668699846
-0.942561681480296
0.710641080412693
-0.173575642680974
0.828609355518223
0.647135433703668
0.290793781927678
-0.948233616077609
-0.60423740132069
0.699212114684482
0.320749753019545
0.726129071245229
0.0166289621875093
0.553253462198126
0.198053571372584
0.237725292699217
0.196499910494243
-0.695232829126246
0.183137481863924
0.977817292588651
-0.743031530310975
-0.801414698267144
0.730484432527746
0.0905809114206179
0.320517189773486
-0.883826589068434
-0.580710838216789
-0.715832506238303
-0.0245886741644612
0.486787463516084
0.713107996511338
0.949206246611628
0.693634286483298
-0.0122100105925263
-0.1624568773028
0.219786094554809
-0.442767255785138
-0.286619008784893
0.786932681428241
0.839509799617307
0.324259804702777
0.709888820528932
0.223891270536547
0.939155675806333
-0.507838340375125
0.902096468849824
0.626556507051101
-0.420150894305328
-0.493026993893335
-0.14154571762527
-0.98169877351655
-0.374674199455571
-0.828027760188391
0.163861008100248
0.245265071543344
0.531754724019651
0.0315411815783508
-0.431981938980464
-0.737348441378562
0.61884844355007
-0.808391000912383
0.137951142400399
0.176781055374709
0.036051918478599
0.107153974355084
-0.383416192447785
-0.506062171853907
0.102032922071665
0.0140218539234448
0.173873807126114
-0.843650534110215
0.244894388417176
0.725640213784929
0.145595186309361
-0.151424975082846
-0.301252202740258
0.392217905007358
0.287917605625507
0.685336527382903
-0.821280480993054
0.466867482648454
-0.224020770320043
-0.454811530415829
-0.617110098920144
0.184573085121911
-0.0429159763589618
0.369166729112047
0.269968239937214
-0.0109287152557417
0.720665720351952
-0.763569664792163
0.286705369210902
0.287079324673882
-0.481164076438233
0.599148859606306
-0.884037354937876
-0.675144153191911
-0.303497580397444
0.758941955986679
0.71466130975374
-0.331693505913383
0.389989144085706
-0.324832816289201
-0.0182197698442277
0.924704518120149
0.324878276051477
0.242164473344848
0.0387810348326846
-0.879912452387126
0.0812161752278623
0.340525434561309
0.472286778986798
-0.539921125926981
0.243646112113455
0.773155356126682
-0.9185051277898
-0.76750581230308
-0.709380748555662
0.179747336087361
0.0684239792674391
-0.653256155600523
-0.921910182603225
-0.764784944159682
0.863976696427583
-0.0578706627541255
0.335771366134821
-0.541234323669236
0.549185124224915
0.664774004429202
-0.981780148936821
-0.193555137492438
-0.261238299700625
0.840847093126802
0.344086872725571
0.482787091121875
0.167942087064347
-0.122259090258423
0.844206180950511
-0.143314428731901
0.452240858736583
-0.0736920999316618
-0.697043132485362
0.310634382531754
-0.334564972846983
-0.638339618336229
0.648198539387727
0.241782675819669
0.866221839685369
-0.936899145067487
0.464266613916117
-0.486059749336368
-0.993856544684112
0.0241090868041139
0.74184312456693
0.549285990128334
0.67188329477298
-0.792766418043153
-0.545580017011241
0.943722260550945
-0.490377053344818
0.149854019991459
-0.919649943300426
-0.193210945035831
0.742462656181853
-0.315372244435915
0.489946355389651
-0.663710159766808
