-0.590586484150012
0.622493788121497
0.0564327637615155
0.852789144821926
0.417610326446352
0.666849073064932
0.145901151857887
0.214584746190564
-0.729414974743986
0.582074360821529
0.22261351006392
0.109342772019449
0.148924651606752
0.310630099275907
0.723834768392054
-0.120120073279042
-0.837493113191881
-0.986727285603438
0.78498945837019
0.616018520123483
0.685174660612055
-0.99648260974165
0.813755819861237
0.122681819624042
0.443302830466732
0.102588603171376
-0.320729328222752
-0.583236970148411
-0.84013392806923
0.147672665998158
0.636263229660304
-0.162429375024285
-0.595635188913868
0.038894119297899
-0.972677405603916
-0.129634476812771
0.506916241922853
0.247537654969746
-0.817720788431534
-0.246140727052469
-0.0836119630824479
-0.569311689994852
-0.462169349612519
0.760383317060836
0.726927882721168
-0.265029131111164
-0.173860500384119
0.201013968954486
0.510434196969604
-0.097729101409061
0.689154500702741
0.914371393137219
0.613779705818882
-0.365961284267409
0.918100386862063
-0.34196541360739
-0.485859633822359
-0.0693119242845257
-0.0204837113597215
0.37305417583621
0.183252041890919
-0.0635511057227805
0.981811446169326
0.441041668788691
-0.012482433430969
-0.319737804500893
0.675763777435906
0.702700812082767
0.222754013641189
0.734520268632613
0.51208960432842
-0.290240159584276
0.63985410159237
-0.433240243297804
0.556493533449655
0.877300385601919
0.364708647609007
0.681519376612154
-0.824091406118867
-0.143964935106094
-0.898517863580866
-0.156732530439271
-0.383956256957787
-0.779937542485672
-0.356007474920372
-0.962078566473255
-0.664773814241848
0.587017504864248
-0.466908279493863
0.846714731414931
-0.768544761212892
0.273906832093074
-0.493880910100321
0.811714529322393
-0.642903689803974
-0.942465304064084
0.119060900449537
-0.98960616400823
0.664408819732162
-0.322390641163104
-0.975190702104987
-0.808258190841387
0.877977541828533
-0.376309232042962
0.334663062464174
0.308051860947443
0.0498972886514774
0.505811094693364
-0.613676540514846
-0.89276704476814
-0.873290305470536
0.616731085294319
-0.473122208587843
0.0510416032405376
0.627437373308817
-0.959605626778581
-0.221381648254074
0.418379738798046
-0.288864195314831
-0.83742884894181
0.303304593428725
-0.145906333550186
-0.431415607125445
0.214647639987475
-0.49816068121463
-0.0133931367793485
0.0852962629569369
-0.528624648629745
