-0.564559018018007
-0.293717623044387
0.0898633085887295
0.487813176905334
0.176876502156132
-0.653852051974975
0.941518968312706
0.480173286386205
0.853898483819094
0.125104904058644
-0.469004047069037
0.630584074083359
0.137060973501378
0.124120701007165
-0.683456035400733
-0.0115119422226409
0.214380483685275
0.460449786490599
-0.890294635573205
0.766019664712104
-0.506114135463424
-0.528325583634219
0.803086706001689
-0.94516771741556
0.859125112063787
0.811951388567543
0.0680961751018048
0.773557479407325
-0.173240350757759
-0.366580511441222
0.544749760884435
0.0903929271264748
0.370222869711594
-0.538387757361058
-0.699765335977061
0.882180867028618
-0.926649880821532
0.636571717842651
0.289345129142478
0.462496011356818
-0.203537648390399
0.449815467850507
-0.973572786284306
-0.581209007868079
0.941677026125588
-0.0419118395268538
0.856835799990807
0.372406821112995
-0.979737172561201
-0.745473416212966
0.0209709068231392
-0.00260150462970619
0.348757249604635
-0.738697362595441
-0.625253438186972
-0.974377793250919
-0.37567864352262
-0.36358072478166
-0.451439900813772
-0.280013336105053
-0.206055569850743
-0.289864171294128
0.0552032086219366
0.494274833437536
-0.575412542773191
-0.893250919837276
-0.691641340094912
0.236709578673124
-0.338536087850405
0.592823303652717
-0.745166764065425
0.649686427043891
-0.148502294095638
0.784312072714037
-0.509754599964275
-0.852365748116794
-0.729788020453657
0.293744802875727
0.72620374235341
0.508734201776148
-0.637752988314153
-0.337228399086049
-0.0654976374547962
0.661147611768158
-0.388848135290394
-0.379703352020091
0.784050357012733
0.81755355492372
0.60130703341979
-0.556612338051013
-0.892733186264973
0.590510656895633
-0.745541416189979
-0.08165854735216
-0.389018975353161
0.883732374491907
0.995382051326792
-0.434548490443713
0.880952566830998
-0.432722427364731
0.0600017527183482
-0.800225172152007
-0.222045365116183
-0.121456001991112
0.514271882473124
0.31918974210123
0.484897044227688
-0.100679293323654
0.474408405646566
0.495363052588618
-0.424670585966426
0.108373417554284
0.608125229629871
-0.84058290919996
-0.849989625757133
0.631543430486053
0.447032095722108
0.0721132526624682
-0.563843531734076
0.703600357350954
-0.0808990170338762
0.923972193848197
-0.739614760387541
-0.108392939544712
-0.24649995903221
0.0454647297734246
-0.928239624351098
0.838429652966451
