0.621826776775558
-0.215258620346933
-0.890857700302414
0.397394026139556
-0.712680972678657
-0.976911192618749
0.896114390528594
0.969348955253943
-0.257145518425099
0.718351903364242
0.95914155043668
0.940346050575138
0.248488952247143
0.644112058766819
0.689577084587968
0.636336575119607
0.623238725270818
-0.797505960913502
0.302521090242394
-0.0309453155795918
-0.396791339026409
-0.715106633593915
-0.527298984169786
0.0973548214294037
-1.00128744741455
0.939707627836146
-0.976901674331107
-0.812716690277222
0.0157084564670231
0.512848087090907
-0.218180177501321
0.756593023757304
0.127764949408589
-0.095221829671455
-0.463183315323121
0.301029799194305
-0.266443173025968
-0.570447065565579
-0.331487299967814
-0.0385833677598961
-0.540348918094741
-0.240654321704415
-0.129184553350302
-0.0815167984201521
0.193041784189341
-0.508553255368809
-0.166898466222344
0.511766819972257
-0.252923067592755
-0.780501600866157
-0.392382660053212
-0.220568718829195
-0.279058737973302
-0.336209057500558
-0.0531272928227936
-0.694124573977147
-0.228622886413161
-0.308675046410399
0.448044993532955
0.599285345813597
0.764152533891474
0.519646732427069
0.0591847922106907
-0.0960350392964113
0.00474142582955164
0.190720643888369
0.397187127663769
0.789870123591299
0.87226504523172
-0.465176466469773
-0.685735022061008
-0.451138330257828
0.948904052528127
0.645181402797791
0.631718685867138
0.749650911968087
-0.598412090710669
0.619185725775105
-0.146240725206623
-0.733962197773941
0.749666496165119
0.0949243661707128
-0.013497664237832
0.692004134646237
-0.824330835330205
0.818375862876886
-0.748792213918455
-0.535682070927156
0.459989430043606
0.859035274853775
0.217673135247302
-0.770020876403386
0.605282525497415
-0.469495721898062
0.596675168672896
0.713570918210901
-0.458084114058153
0.471122099920162
-0.695896898871958
-0.308814262089566
0.591097933384628
-0.217283109864831
0.0143897707083871
-0.805717892696929
-0.0556122106636863
-0.224235552194082
-0.316403972926016
0.671740503814191
0.592323311035206
-0.711634167997583
-0.424928361750537
-0.151946313575655
0.853781180822023
-0.841094200041477
-0.729818809910374
0.675270824723526
-0.28888891835162
0.623602090099752
0.327075181145902
0.0311807390286018
0.43071143361816
-0.806483182598789
0.863422333137354
-0.733500174180467
0.0939927166629407
-0.903591209400478
-0.590941085989338
0.0620882382906939
