0.144363750821601
-0.750847265182366
0.534179966661651
-0.690314306257637
-0.289707142957121
0.216922391921446
0.471492016608681
0.658576231497764
-0.131862489971679
-0.161734569070197
-0.954234294893046
-0.910864867898722
-0.0795475639538552
0.686816217042547
-0.64609863586306
0.263688475643944
0.59093519791974
-0.281218514876419
0.199198388126347
0.649533526999815
0.89961936683756
0.836268022633685
0.436745933399739
-0.247606173002366
-0.419322256342937
0.156995749590594
-0.832384225549548
0.95752645174792
0.541999196931592
-0.830725673985627
0.44354632263307
-0.370714266740554
0.63746303448031
0.147791398081929
-0.731005100186205
0.158411874006477
-0.447467392326113
-0.184680892364157
0.343063900319566
-0.556017274617515
0.198936936670154
0.688374371910172
0.927157044424416
0.228647973343125
0.88303191344264
0.688696466511467
0.60607709503076
-0.941205669102171
0.458784153151226
-0.18158464001248
-0.498533164022847
-0.876088066966661
-0.298373734420034
0.166229623250861
-0.893749048939239
-0.683054180023245
-0.704194053985767
-0.614375961452591
-0.619565494978875
0.560761400062512
0.88620013288186
0.121112805777194
-0.144729447945709
0.303639652454995
0.911202611061123
0.780575434129382
-0.137140827617993
-0.690170483481948
0.90128015636708
-0.523813794022727
0.184715681059692
-0.240538212899197
0.609392322354805
0.0706554939442785
-0.650922964136706
0.793613424918256
-0.178818956057262
-0.263162566219435
-0.0973846538883592
0.730536301842288
-0.266531340073235
-0.688211250952173
-1.01188241966669
-0.90203040385175
0.83111055337533
0.381999250124273
-0.735823734866115
-0.995031112742078
-0.816550355055537
0.41989110194347
0.376696104086979
-0.172419055661869
-0.848798875247408
-0.0806262036489988
-0.807990474027914
-0.240438031571986
0.0292943994651729
0.63898022130581
-0.109309026199008
0.897327401612412
0.610321132756132
0.927932808305149
-0.110131125825885
0.0126280850119693
-0.504830010691186
-0.288662447471959
-0.632306886438407
-0.279668199711223
-0.89407454084413
-0.962809808484177
0.546658305893229
0.674689342214754
0.118383608016699
0.82638113453845
-0.699400363958511
0.117122305875025
-0.742273961375802
-0.138118582614747
0.61757090357649
-0.493047485268786
0.400980763971421
0.828094652561827
-0.110726675809879
-0.545789527815653
0.182371137198708
-0.751504866405686
-0.492572127889069
-0.654409600928532
