0.803746547422433
-0.785049045841911
-0.0617041353117617
-0.23858371058707
0.349071690806554
-0.282264921739035
0.42631693957585
0.0446421635443963
-0.928763523973211
0.715316510528661
-0.65976321001739
-0.446665803168074
0.240894786726185
-0.881893286426702
0.369868323644252
0.0129396893863001
-0.132504639560976
0.102686578557452
-0.917708892609682
0.808208789507675
-0.0888226025326389
-0.548193505209923
-0.608872115088378
-0.566832483597872
0.36807742937979
-0.445842227079338
0.244996728668589
-0.820236731330668
-0.136764915644811
-0.799770356404612
-0.646306862271885
-0.667494395591829
-0.966353524924973
-0.785528385952784
0.938987808147719
-0.651273468364822
0.462952086416511
0.587069519334538
-0.425582433909101
-0.590534182576855
-0.115651353166155
-0.354570246924466
0.555493801937671
-0.607892130064162
0.593498778073388
-0.321842307528119
0.64261590752931
-0.0594280278288156
0.339292999684734
-0.0272179512556663
-0.67933126302614
-0.269605050763954
-0.250994284510746
-0.621487438953526
-0.0840293750850374
0.529281053850868
-0.522575470977175
0.160618846665255
0.41922775044972
-0.677308421335727
-0.716536261662953
-0.719594000014816
0.199882712130857
0.230214111855036
0.267185944967095
-0.400207113881022
0.482613851497366
-0.320112468031799
-0.317165874323598
0.547187128144137
0.303895103908748
0.241023274919318
0.296925435466981
0.831829295676735
-0.337639643185796
-0.527267152598929
0.291583346737981
-0.168075294481998
-0.0822566281430719
0.450166085872373
0.708964246196571
0.760058904917146
0.207543897220753
0.338781658306799
-0.747701379989394
-0.92661743686916
-0.0520607211838706
0.251862246255908
0.794601676992935
0.703706684656121
0.369275582138159
0.23660242375443
0.59668535289235
-0.162586464804921
0.0038893878597389
-0.677525878380893
0.190667412407859
-0.547033736222098
-0.840083394340429
-0.37115370481965
0.496172014233779
-0.112039027401736
0.894211567811083
-0.154265975007362
-0.923222367165283
-0.136683842631994
0.0880984672912299
-0.939476163863092
-0.338136433198578
-0.409546607701566
0.243006274884844
0.202447507934018
0.37515985550442
0.636734746877559
-0.182064892942303
0.591605691997033
-0.324006772532675
-0.314026048020114
0.722843157013807
0.891317572947113
0.203277051923336
-0.219932135223378
0.47320163113265
0.77173228872827
-0.731964760134052
-0.309773788871605
-0.791221413794524
0.722052883489213
-0.577264847345331
0.450560592955682
-0.878345628958578
0.495244058476292
0.236312287827747
-0.939880835226281
-0.206969158935959
-0.0917737274771009
-0.804528844520463
0.513777643830397
0.602290975607057
-0.00633199254694744
-0.984532206721427
-0.0502113138579921
0.0793335582003643
0.386102141896317
-0.119908168095157
-0.638565740765835
0.841426468419037
-0.793757654956919
-0.719982660215436
0.82136374331217
-0.835050041953861
-0.355179694670806
0.620831037266325
-0.746569468731286
0.235747248676451
0.818101420051009
0.615309573834073
-0.196944315588801
-0.158303786414497
0.96870351598146
0.755980103346582
0.449131912752374
-0.195435317175013
-0.933004239803459
0.317261124663325
0.0401794692578465
0.301915855385479
0.768209737105189
0.0880177183862503
-0.164633343929603
0.87175335609225
-0.959494023471755
0.898175903415036
-0.941845736821404
0.134936007548823
-0.687683068106882
-0.96438209943063
0.172677940768078
0.7101243396055
0.17488470169482
-0.736928057217568
-0.0847435507697456
0.21467247984096
0.605578053163397
-0.574934195568344
0.893414806847578
0.609002496359401
0.615890747238498
-0.672283030195472
-0.133607641011388
-0.250199938809787
0.368578087385863
-0.141110175478702
-0.450932556614341
-0.147999216469533
0.477565412122878
0.519399155365239
0.598689180484675
0.166178646033652
0.420033486258069
-0.738112688899035
0.128709629446753
0.20495573353091
0.837549118691583
0.703061674117953
-0.83505159248172
0.228569196106825
-0.0994436339178145
-0.538634173952578
-0.871749279331808
0.612904967897759
0.100444158060009
0.075608023362967
-0.34659904044965
0.809093608180094
0.0509257988810217
0.257553601809676
0.422469175973524
0.856923926059911
0.359125857391529
-0.285068822780851
-0.337603108646944
-0.848665550218086
0.335584156561199
-0.693632960986663
-0.969937305331485
0.174560602303811
-0.474662877977001
-0.840313081483047
0.586155806733158
0.414903585155974
0.26774639786365
-0.0235622632345371
0.457606453318152
0.822257333420372
-0.286538703939321
-0.798086682567009
-0.51090360282248
-0.591904030350802
-0.531163417885654
-0.84498200118518
0.503268496339746
-0.195135790626557
-0.734007984559463
0.941481859450123
0.872588743127853
-0.338450268470168
-0.952397502615391
0.858071099648032
0.626173326924465
0.159588237627498
0.403374140502772
-0.735629114649536
0.579015344448596
0.122196946237408
-0.360872319222274
