-0.541621208831621
-0.144103844272514
-0.26155341257921
0.432084604018105
0.561465534100486
-0.592175612690064
0.774187672212344
0.41158848554181
0.283847269847459
-0.73463832943419
-0.822132289939615
-0.672037083552364
-0.0477676153240559
-0.331068645528275
-0.286223883976318
-0.520940965356154
0.769099820376446
0.923349642210388
0.408988691550084
0.0892353552789475
0.157911251795813
0.888262151348072
-0.487648781905353
-0.347430753816357
-0.356484214738614
-0.0548569623922555
0.438747047339566
-0.591285034116388
-0.566399505496328
-0.453968573367638
-0.404553817345289
0.112076126046243
0.94398411645035
0.625909265792643
-0.329435026403141
0.270103228038207
-0.864902237181937
-0.494451617257977
0.384867965891048
-0.857768395627664
-0.342513383838949
0.747625495123178
-0.703313438935797
-0.228715918136421
-0.610472010266777
-0.694337659224224
-0.20480851610511
0.409859867563553
0.177123688934324
0.563397981366196
0.293662557594115
0.840622818074922
0.841438935236977
-0.472292649357421
0.82195558745038
-0.508019220406609
0.563353583540097
-0.925482208032116
0.415820375524902
0.99134440126967
-0.612880936758019
0.0375793900974098
-0.783951678773897
-0.91097446850288
-0.0818134219499624
0.0572957144986281
0.020628174117762
-0.341402208381055
-0.220841337017521
0.512271000622373
-0.45072430900576
-0.169948563956802
-0.580114551695576
-0.414591564231486
0.146326540348973
0.418322792764073
0.956377402817751
0.776476038784737
0.797453052795105
0.962705660210389
0.121574929368286
0.585607724658489
-0.556376659078565
0.792619574515052
0.515994554303564
0.778087024115611
0.138974541553704
-0.290033359166684
-0.352806592693477
-0.373106256248893
0.772558031696036
0.109282858230909
-0.508126803009105
0.842386995056819
0.669895362679932
-0.719768529492258
0.111687141399445
0.858478455753091
-0.917940715530158
-0.605904024146085
0.0561369997205602
0.827970752244713
-0.733303458480162
0.516768080883193
-0.249660285654428
0.736645183396959
-0.685082195441844
-0.548192447221558
-0.865434346000617
0.160728344785414
0.686524892002016
-0.497926655601249
0.742206264629273
-0.43738067761681
-0.102747644737958
0.748039702775893
-0.956680120989189
0.438135033040711
0.973178242571864
-0.63064571701263
0.384554176785485
0.869682523499185
-0.230231436797405
0.555829440764451
0.862883385852103
-0.866241118869356
-0.952486796804318
-0.395832242685061
-0.413842190388877
-0.685128895725676
-0.708383687001497
0.498668471146956
-0.488423936101883
-0.236694910517651
-0.507826098046017
0.0334643002424747
-0.352086614518516
-0.849528678571111
0.18863942472661
-0.337136269035027
-0.160866209120222
-0.171752113679386
0.694041756660655
0.809172480404011
0.972207140586703
-0.563155714173205
-0.127351936475803
-0.941597849626454
0.168401930829128
-0.914433246237664
0.697758759728882
-0.859114650926982
-0.649263996822348
-0.874101979813361
0.320165918424257
0.161354680405212
-0.288060746262356
-0.854614964476314
-0.187393025383699
-0.355051981997596
0.557592910069384
-0.54793648630435
-0.632108893744598
-0.293620540787947
0.405520436792209
-0.545866633325815
0.573925415536392
-0.349422338017834
-0.250739659916169
0.697694466655203
-0.265914239910428
0.37996841635555
0.737545653277283
-0.160200283713007
0.452891618977156
-0.310100418811519
-0.304524915357578
0.260262652050071
-0.958705486162111
0.30172884450249
0.754652543648582
0.901750455761905
0.0130047486682751
-0.71099562270349
0.964593774775223
0.26110981821549
-0.960753038451238
-0.965553940969504
0.533976348333156
-0.807892142285194
0.984846078906476
-0.472802614787701
0.676845524271962
-0.714588343717334
-0.0560351527626643
-0.723907456645659
-0.745847627464631
-1.00623281450811
0.491092980311754
0.402926397807971
-0.175817048473707
-0.877147422875998
-0.305211612933111
0.817488373556551
-0.641506503189076
-0.735723067054104
0.238437019138587
-0.388948185711694
-0.62867208204058
-0.828299756286799
-0.653234866166068
-0.71235391965754
-0.348162317008863
0.61496032666081
0.858492892501772
-0.40875827024956
0.467945140154949
0.952381760249514
0.328203261334091
-0.89403692362912
0.733420206390826
0.703429947286993
0.434117440153692
0.0150869416570089
0.303500325146572
0.468765337933543
0.856488359567373
0.332219941286845
-0.863001924639509
0.32916721500473
-0.434402886604666
-0.343016181666985
-0.220244513849656
0.486936629026486
-0.425632878883166
0.000770791099192936
0.20525518182739
0.744028215141966
0.673151107909421
0.398600858536947
-0.920758942697606
0.240309177602968
0.36615776528395
0.773672810073068
0.451125123713354
-0.650167272349978
0.559687429112614
-0.00686052403165288
0.598925200419837
0.277897262926264
-0.686821679518398
0.786879773367306
-0.913476017796658
-0.251471585536153
-0.855585177814739
-0.221684041686253
