0.322700277451842
0.230187605247912
0.81128160726114
0.271451793756709
-0.228843089741508
-0.920105028691875
-0.679339609449195
0.508666252531571
0.0151473011169495
0.517329335152807
0.738312825572738
-0.752952767770975
-0.324889949582155
0.915848010044999
0.909967506395981
0.327487345042328
0.532262834835293
0.665097660050028
-0.957704401106322
-0.625793963530174
0.0951191265936515
-0.579809518683761
-0.899725078290919
0.674541169811056
0.832780010074952
0.32925639426157
-0.873542858293314
-0.661296962146288
-0.776287066166404
0.625667305136751
-0.689670354044293
-0.763503860243493
-0.699082354829047
0.0742645560633638
0.754147102654523
-0.767319356896821
0.65658368272893
0.219906326700056
-0.500373258546968
0.816807391723263
-0.327541117943761
-0.367973241629129
-0.797728183900479
0.651356220109687
-0.732679245166755
-0.0980945512442623
0.85279494355667
0.295106361309532
0.0559974995762918
0.753004902919143
0.410151621011232
0.374390046618661
0.12592813951554
0.75895559978858
-0.249645244567575
0.357000737994354
-0.000802594465267398
0.44449612772829
-0.984668512849051
0.600845277754746
0.108859080114734
-0.73709566722652
-0.404161289021789
-0.51111328431278
-0.210902369562438
0.550271473704301
0.255896651129881
-0.978700733389749
-0.0928895258706759
0.290563299239155
-0.546829088233973
-0.939026409087789
-0.371149069837196
0.010801374480534
-0.261119533052608
0.2274236445384
-0.649008428013718
-0.155501357572511
0.361469346847626
0.148609774087004
-0.258540157060581
0.382219033319968
-0.844750486480831
-0.259587597077805
0.603126376940711
0.253199835817412
0.540757902724378
-0.384470456742651
0.800557155595784
0.448335565882374
-0.593190791002731
-0.281879155030754
0.469288531935675
-0.518056014523217
0.54855735719682
-0.34759500563036
0.324770823305367
0.0837942937308453
0.538936004490471
-0.345718936913246
0.032523952543238
-0.229066368456085
0.0814312444854619
0.753634618504617
0.808847676686674
0.381456553328566
-0.617755865142306
0.346239777332759
0.291329817301815
0.0162405991597531
-0.720493989130328
-0.848790917021101
-0.597702160727591
0.0907881540805131
0.325969594289667
0.946101748630391
-0.987006560164102
0.849530843111663
0.0217819291562675
0.521739967235182
0.740121666380936
0.438390918538945
0.464601996894494
0.110461437500394
0.185022823043935
0.961869278882281
-0.406597343458464
0.916043334510453
0.891337548167255
-0.0563000669534897
0.520175748978594
-0.602450449689585
-0.563971579146489
0.751907545363817
0.922149086719287
0.12339746091342
0.163616728469048
0.870445776326208
-0.258627949169497
0.629480314690038
0.372398520322073
0.583935521952969
-0.00548753070765351
-0.0742369222574607
0.724971363640428
-0.363988123735298
-0.297114969331362
-0.499640936690168
0.730594861678582
-0.913170603461063
0.719262982906928
-0.550535367902766
0.664045592060638
-0.723951063877389
0.461469643212773
0.790314543644198
-0.267831622001919
0.350885616034887
0.768823840682482
0.841294153138005
0.0211107127466405
-0.882495704194353
-0.17041440033486
0.104542390357761
-0.829865604695889
-0.182841421558653
0.677630624242966
0.193670341534847
0.153765817681334
0.694988011469619
-0.0110797469968313
0.185018194653215
0.526555350112518
-0.393393821593847
0.795062145062188
0.873970811211391
-0.631431730902637
-0.669171346901446
-0.205815793950959
-0.234200842563421
0.18142616348432
-0.694295238391535
0.133773174559102
0.73201423209466
0.704681227859695
0.11539128228266
-0.659324017963576
0.28313299562655
-0.705638630314919
0.924337571339777
-0.278598987800559
0.651127996013863
-0.969188595449089
0.278615665833127
-0.794645861802008
-0.835789582405596
0.902780092673815
-0.448318204562647
0.555244066340981
-0.568573638722184
0.642456237687234
-0.32353239723366
0.336875939537782
-0.62386682003587
-0.239016421507654
-0.54051702445412
0.0794192545987694
-0.854207065144481
-0.00260824641818512
-0.875507329533776
-0.96028548826535
-0.331550962812438
-0.573402188202559
-0.853119440311228
0.994403628854684
0.724412983652726
0.339703961510427
-0.197361617837164
-0.323118034650503
0.801626725928079
-0.231201370090687
0.938560019355839
0.892768584919333
-0.192510319556708
-0.699060337342759
0.320987418893845
-0.029259835240145
0.325986069607565
-0.233289884599249
-0.469609834446386
-0.254640891712752
-0.786139054285543
-0.687102246748131
0.272682744341925
-0.708867500167282
0.758744470083365
0.927659078056474
-0.312219263593909
0.539804819702188
-0.661177900805256
-0.0766282161325913
0.763007953329409
0.757835020899714
0.248772495911193
-0.457632236496263
0.0896656003523928
-0.911531036651957
0.379997593105898
0.961349937136496
-0.52406542225215
-0.772600225772836
-0.764221039946944
0.43700372493399
0.292247686921906
-0.210438303406903
0.439974035190234
