-0.779734863478909
0.0516764374318749
0.616486413548444
-0.643068609188883
0.92649058630135
0.603033604009086
0.321305841132288
0.0402906094565104
-0.794905950967733
-0.812903271886123
-0.51468761738974
-0.906102739801222
0.320400718841867
-0.96045112588819
-0.412719256872674
-0.447602924913271
0.0862574829720332
-0.472448093300991
0.400835000888313
0.0961108516252392
0.168908407395062
-0.52656809160458
-0.559859523111815
-0.140856870868878
0.572712059620413
0.182216164296584
0.680556795940147
0.617175296788586
0.51912539995845
0.741942968700908
0.287818719904417
0.121083732196291
0.132073349060542
0.18282276927471
-0.362029560804969
-0.241282210500237
-0.271930047065442
-0.0607965612114782
0.314237648716372
-0.396345093830327
0.0538183096955626
0.48038463767768
0.374481597818678
-0.868741596905101
0.484046074797844
-0.478827414942127
-0.622802646283017
0.915317846153425
0.215768816316722
0.949565224152698
0.370098556732996
-0.334780205511798
-0.267250565940966
0.186943992831693
-0.460735029073048
0.833302516382886
0.495324655821473
-0.589271129209131
-0.554684446985726
-0.322087814055988
-0.90727269922602
0.0597118374536971
-0.882513131791239
0.624819517079257
0.553859784116617
0.976618144199091
-0.151767982315697
-0.161698390572621
-0.905533560739769
-0.499711679576032
0.397292125001276
0.659797748256949
-0.542167728926796
0.167110832367029
-0.888559578398542
-0.760989620183126
0.85210880390439
0.648650190349583
-0.887291373517837
-0.2558187595393
0.913112778556388
-0.172076270025823
0.0777438800381633
-0.78454334022532
0.904585057732558
0.985853999972223
0.736413098143572
-0.532031865296801
0.755412670392886
-0.49055428601459
0.494043012528945
-0.40925136903181
-0.469432328888768
-0.782314436473301
-0.421448072416579
-0.167560818355611
-0.428675764623315
0.775760044366982
-0.101517218300124
-0.109026706664484
-0.237237987385385
-0.218760207771605
0.354147698790539
-0.711751326253864
-0.713987603299609
-0.846039980107518
-0.288938508065969
0.368635263273389
0.477293371889609
0.222184342156684
0.794431607188284
0.735945154019193
0.760093949130135
0.089114789984132
-0.370600519882626
0.341919535592217
-0.682627929049586
-0.667105374485044
-0.501190922825994
-0.857231578117379
0.265177992422535
-0.447043377052119
-0.813716263801228
-0.0835843743232582
0.324721848802387
0.304239588272526
0.331061684968587
0.703073540794486
