-0.93960376022184
0.806616474809772
0.526489166287673
0.926692490513922
-0.980621434754755
0.748270612955202
-0.042630540001894
-0.807352982860276
-0.41867727178214
-0.2834448084833
-0.607169545920732
-0.849509674232053
-0.0196114491771863
-0.518679495657053
-0.726197306810917
0.548666567559606
-0.148490059929398
0.293447284022562
-0.200536695312134
0.720202866304233
-0.652283289765494
-0.854479474120522
-0.804886272529917
-0.0408311928322016
0.819393154380655
0.665830527827603
0.833896434536151
-0.584632303803333
-0.98191597802545
0.61385785448024
-0.204922291286666
-0.994235148366131
0.524643839477189
-0.476389375094433
-0.596496199757349
-0.945438037486423
-0.133509810915637
-0.483160974070434
-0.656878840425763
-0.697534092964001
-0.328420114940457
-0.293863272962588
0.450951627344699
-0.771616774818128
-0.878087770907792
0.992259211262701
-0.684003207059023
-0.957966124622061
0.566254308347179
-0.623706635078453
0.229982805307402
-0.857779611203139
-0.817683210233128
0.445304330189031
-0.957731971213234
-0.183606866798094
0.964981743957754
0.29129360115524
-0.586394322681666
0.384376051295515
0.235098024250569
0.893450958078461
-0.962775383646526
0.902695947903843
0.114487833633588
-0.556364687963622
-0.330761347457051
-0.310600529469046
-0.294399474279657
-0.601716419341911
-0.665602070322912
-0.410133764057063
0.500512545512497
0.0673577998062074
-0.0360226524776256
0.546999256528299
0.429528824051363
-0.425762358212012
0.0691385409891239
-0.47515620662659
0.057429868907599
0.900510645277451
0.963066631275285
0.528875310683412
-0.560222453502966
0.425089994024743
0.894315450482116
-0.678186920217711
0.857501809645562
-0.923211672080535
0.729781425421526
0.127384063953056
0.684919573533755
0.959008625323596
-0.213477754471365
-0.89347960395255
0.806313151837217
0.111857932367873
-0.552634895501685
0.45837930754982
0.955441500295759
-0.854656486118676
-0.609411306026362
-0.771670602796967
-0.237064389725836
0.26733039904505
0.133826765469166
-0.114508158808867
0.480330245225163
0.497110695430862
-0.837823447137938
0.881141503966738
-0.0251960180822016
-0.317193752359371
0.704885512222627
-0.0978739621867566
0.360324346308166
0.0588010316822878
-0.175208857878241
-0.289330582892523
-0.908818805015937
0.164379860593224
-0.778665299526708
-0.450301570768926
-0.0103580250125024
0.995432684090586
-0.0850984196912189
0.760287417645892
