-0.437160792843042
-0.10647374282768
0.482690368877162
0.0890980787003244
0.532691177441385
0.177146848937565
0.202431657358282
0.00107745052379223
-0.326711901693299
0.105104247811207
-0.896086997138639
-0.295588053960458
0.285011851848462
-0.503233186781105
-0.910496024493188
0.425314540931829
0.524566627273448
-0.705906385811735
0.925100982558513
-0.720769671284873
-1.05361156875035
-0.0452627198748007
0.880920534502023
-0.475258560534845
-0.458141299063167
0.722980782680751
-0.85281136483044
0.21886313704719
0.846256138626853
-0.309032931493494
0.246244886770034
0.691306460357926
0.871560857934216
0.00861354845558464
-0.833520826864647
-0.0330737977667581
-0.593623475775114
0.854211216537917
-0.0591711760741609
-0.404214087057847
-0.543697484591915
0.550896369282361
-0.315793098176888
-0.826349911198514
0.912483269184376
-0.0779675788230746
0.12864538812381
-0.172448769057887
-0.244057052846155
-0.437195303085816
0.874902789212171
0.133129516333623
-0.863792813129986
-0.782555326894241
0.211912716735376
0.303252638044366
-0.134372222032309
-0.16716863298914
0.908113334378304
0.395098169273104
-0.877615822864912
0.859147659635091
0.268279992452572
0.915215206278824
-0.937787383602526
0.354817926458911
0.486566392029517
0.113111032521609
-0.866107158415531
-0.0221658217089975
-0.693922406048336
0.46916225375426
0.766762878465513
-0.831003631681072
0.261263611852486
-0.211928153870777
-0.359200176473189
0.397382362423398
-0.492744950942874
0.161344939009528
0.435169604954326
0.934220141158322
-0.230811036329476
0.95879933868908
-0.920821916844987
0.0487255740877754
0.354238076172501
-0.505777509516316
-0.113110459120537
-0.369455742031439
-0.731357925072223
0.836240124267677
0.891087446696332
0.585507711837466
0.252832851271321
0.203840352990514
0.533565200738929
0.0436161923508417
0.812474902538473
0.828545599471977
-0.231921079128061
-0.411189106847032
0.209661870761036
0.354389265479456
-0.269455822455789
0.651248517687134
0.274413459784525
0.845783789789881
-0.544085258277987
0.835268634963634
0.597662288136368
0.555274372877811
-0.870651925886316
0.342488099915309
-0.789795940799656
0.27704631696849
-0.699017427239883
-0.579875389886497
0.208193550021619
-0.668589245349408
-0.133406342626012
0.796999075526619
-0.334438681607324
-0.677460332053729
-0.205290922388808
0.678921580395954
-0.644578480950237
0.0301865820169253
-0.0276713572279998
0.18578168024283
0.904677523924552
-0.428054961317856
-0.359613501708243
-0.116685746498452
-0.916668930320245
-0.634232031219002
0.0223557911590896
0.926227588172017
0.487214769241035
0.779765136891076
-0.0274919440276024
-0.69612333873744
-0.970396609839765
-0.961024065783214
-0.328394783153167
-0.784515169818434
-0.426866426186518
0.692917775613835
0.157631005627761
0.677803036628958
0.0217886604145187
0.936838544252584
0.0634643547679744
-0.933719630197372
0.202703301421933
0.734433435538877
0.903298093543845
-0.814633942721238
0.540624676687518
-0.196088700691248
0.773953167266491
-0.505975109855577
0.951128990848193
-0.122205801186553
0.765023158071416
0.207617551576452
0.11237981744019
0.488550074675341
-0.345317623868221
0.591127650717614
-0.160200076989689
0.720030633063125
-0.390801405151761
0.280039247548208
-0.572167286049006
0.461151384619211
0.30440888661483
-0.574116910303105
-0.645939528869716
0.373748649451586
0.105797823413911
0.586674397656246
0.108584865721529
-0.801394534169135
0.189803230329181
-0.164419325568643
-0.69654311200191
0.370882708438407
0.442131515400445
-0.779035830762953
0.757708951049262
0.719662935493519
0.57509392068822
-0.0681061321909628
0.631351590617401
-0.0749461868102638
-0.564087159249572
-0.584044700822809
0.0717036083384239
0.197623938056762
-0.396879154846885
0.475288701545188
0.352251763440665
0.805331490944675
0.668140969034112
0.210629492086388
-0.607018727639964
-0.101763203765175
0.557949953591409
-0.788612081891478
-0.392448069434332
-0.392576612148426
0.999459845530828
0.127206390501212
-0.876713771980757
0.452109326734876
-0.43657743843899
-0.801396224793292
0.547722134387844
-0.15752975236132
-0.0241995647642078
0.493027673769726
-0.752706925274645
0.188172627301356
0.61710654003747
-0.411530551227678
0.205744022054862
-0.743966651433379
-0.317949576179996
-0.448023373929828
-0.492866166454942
0.1990768965246
0.73003525672972
-0.310846970207855
0.974150480011413
0.880862537267427
0.566617834498795
-0.291662678770883
-0.533814599345496
-0.750811495160203
-0.94945022261548
0.877195598024319
0.0764806074251686
0.878577217705673
0.252745367246286
0.919511199078141
-0.385787720275263
0.352726375910874
0.749316378309966
0.697306191568374
0.435295495888487
-0.657703923239458
-0.597968778671583
0.557221045086258
-1.02619074032356
0.811812088696786
