-0.256947885502802
-0.56211023215795
-0.633566202920605
0.375231769730136
0.444081106365512
-0.267839282415858
0.228908901406081
0.793305304138843
0.972737697622978
0.394783685979181
0.0996723722530002
-0.0158628722656972
0.171487284269989
0.890162719807328
0.422912226833307
-0.174528903188066
-0.727243694063931
0.452822135852588
-0.772145611388154
0.00854729987479313
-0.34771065991368
0.435600011621084
-0.0793660523416124
-0.980709588620601
-0.196507464569903
-0.646724770939067
0.0614887275240524
-0.63154131248499
0.0673526644453233
-0.39388336906941
-0.165732046532813
-0.968318638859069
0.307576980667266
0.138154093965741
-0.478740673162389
-0.500930214555066
0.627702890602451
-0.916761504722188
0.198621525820566
0.0791083805269791
-0.414249742308317
0.137583905366941
-0.965187833127291
0.00925407367860586
0.601959326388379
0.851948501917714
0.85803459853288
-0.950952456132909
-0.843773458445923
0.164052971981931
-0.0599611455903198
-0.490833544725614
0.0495648652102668
0.792864576316713
0.147831044760056
0.742293098911
-0.840606097843889
0.934512865684595
0.08466493951243
-0.887384415682168
0.125373032844055
-0.535935392853711
-0.954312246279686
-0.155566040019782
-0.0454697607381941
0.48131981920125
-0.83196301867452
-0.979355711106696
0.121882502684369
-0.30689392727165
-0.436880968274005
-0.316011545631476
0.927295505311716
-0.565301978723249
-0.736849615677654
0.725292785122615
0.569810371129529
-0.700472256874157
0.441308194118726
0.643292671460173
0.99136565731473
-0.174321190266593
0.910405394618556
-0.539544242528272
-0.94845728555724
-1.00751858037468
-0.740718758057669
0.570968630044398
0.416487014165547
0.966291868179292
0.688613130224132
-0.920652325621863
0.813772053614873
-0.753302258022211
-0.137935199494051
-0.709435038238197
0.320617892065108
0.0469978058594084
0.367411351566563
-0.599486121037876
0.443961969453399
-0.615891441438927
0.213963581241744
0.170619047032127
-0.719378987946825
0.583977033441857
0.20468819367384
0.43509822204591
0.561381762249599
0.810409013681654
0.322511283296375
-0.0328356358380402
0.010469371360136
0.799567353242588
0.313887116661208
0.721810323522914
-0.00941639535179901
0.608891746578504
-0.771194833444442
-0.400606221252223
0.234724658560399
-0.774519496981885
-0.205154231938786
0.250099541797433
0.585794712624942
0.381153174521874
-0.0859836510400531
0.479921758068723
0.797481145968696
0.501949724594263
-0.549496090999882
-0.562482506024535
-0.572244534174764
-0.0140265593883565
0.778875970980629
0.996804195326759
0.0211768932345916
-0.0368324920246628
0.289876887070917
-0.550626248054421
-0.961437735400729
-0.394199292119774
-0.24395501497343
-0.358501359675688
-0.434217085072531
0.142901398318813
0.731029797988071
-0.261179204527876
0.792670770972366
-0.740358113377523
0.577872275558867
0.619375355144662
-0.63424967035511
0.941998482282345
-0.31507078568427
0.0264862714540219
-0.0926703419302256
0.563936529395923
-0.0900310016653934
-0.767914152807171
-0.95709720312764
-0.153400565312298
-0.898887913951966
0.652157501807716
-0.376288359810301
0.23908721692513
0.399472810429967
0.546319219297261
-0.307288353719584
0.480993155941727
-0.62157409859653
-0.949489779149629
-0.673033653246698
-0.26645786916728
-0.802559067758224
-0.305680169984816
-0.340773060833569
-0.460193319944434
0.422329288139292
0.321577418857114
0.933986219542381
0.579771689625802
0.955580746535738
-0.380165814241767
0.232871111720123
-0.730758603385912
-0.769339237308723
0.0857075042434216
-0.813043014800466
0.433653727116344
0.820372621350317
-0.568816813652233
0.425478655053374
0.821026230547918
0.643181013763074
-0.769259470603713
0.638366515328037
0.231527041882885
-0.1070169468557
0.829268732383085
-0.337163402802408
-0.153290191935799
-0.748596625553672
0.962028855990564
-0.755138902272702
0.382871804159944
-0.868997982709612
-0.0649260702756187
0.485173370354577
-0.100401932363822
0.780878862961547
0.280337679271117
0.290421450306966
-0.50941233521584
-0.683369600176598
0.504714713128177
0.509236493616816
0.276293854314839
0.656521873597123
-0.847123001143972
0.866509077673178
0.836800461618459
-0.837371330111845
-0.598161659733273
0.575117709546116
-0.12267014975733
0.184850957380105
0.0913841981590324
-0.0674813720813154
0.977339835237276
0.00474740785308757
0.420483364649552
0.290708356969033
-0.962076860092824
0.886530652915749
-0.24656543629322
-0.262339232787329
0.393600307220758
-0.867184510139396
0.337446601166588
-0.163649039854221
-0.411882899204577
-0.669442049372783
0.789860213379146
-0.762848952337003
-0.459459173493324
-0.27192089858562
-0.0540267776447187
0.530999313233582
0.704349938732137
0.255524262446159
0.612893186263825
-0.806612775438276
-0.89405694153501
-0.15158204317925
-0.0895995402118014
