-0.250301552054282
0.245484072329965
0.232057415287866
0.823175688727629
-0.330892976311963
0.427473406610237
-0.684982435264199
0.852394764823828
-0.291464547677516
-0.573871537801081
0.185582409597858
-0.671348481430246
0.260629275267672
0.395453418414002
-0.799213750837261
0.118019988902114
-0.843853607030204
0.761279297356197
-0.227819467604425
-0.604588968063646
-0.8235325481212
-0.65343088368047
-0.873220033524913
-0.505333815863871
0.318188045795446
0.660827693494798
0.441201935626344
-0.766834427772855
0.607931379768028
-0.281015999350216
-0.559688033771916
-0.394335329623798
0.078011400675157
-0.512413936233399
0.416013608349883
0.105333670670027
-0.824775433988682
0.765606108143423
0.867677443805929
0.0552585418228447
-0.271210126345699
0.024945047839029
-0.121844234161555
0.158329948894696
0.563024182551574
-0.0969351290110639
0.467017426988176
-0.543838286334487
-0.372819792748975
-0.197591195020695
0.721527166628378
-0.0228937124868859
0.800448636789135
0.0361675161628843
0.762594012896593
-0.218032140012694
-0.619161788678341
-0.819496940210667
0.464339469584718
0.267429736190271
-0.0121412464186823
0.989506443922462
0.909002437748443
0.767420847128814
0.439453025478991
-0.589738047767608
0.192045773475454
0.529873425327944
0.480806958063311
0.611458322128453
0.767943827685635
0.96753314951325
-0.634713466555336
0.916398750623717
0.469440520993664
0.596336671272545
0.216353404176894
-0.95285606326948
-0.0115865095815421
-0.249911731670881
0.0258331611517906
-0.170343287672638
-0.788649199240028
0.0497443057411454
0.94250870333341
0.423451335858799
-0.248867027231606
-0.782351027369287
-0.606276689253823
0.15167442322284
-0.779075306562436
0.111168281018023
0.970573837045973
0.638429817744931
0.404267279060048
0.0707071107593516
-0.672488668059973
0.0150803524749803
0.983315837001891
0.930178903164927
0.0327885837645221
0.515611804793214
0.130265095678861
0.781359164357978
-0.151933298256473
0.829267093642315
0.774022812293705
-0.515403808781698
-0.769191128488184
-0.291013118174174
0.976266113268241
-0.794759527998656
-0.099912602843678
0.984760989396555
0.459187151569952
-0.263026826197455
-0.55934063056437
0.309128052233402
-0.466965127290497
0.814904204662117
0.240945912259037
0.613288041473561
0.995536688617933
0.703860413277789
0.21309381011809
0.952518858609604
0.87207187278782
-0.242193375012657
