0.813462783541715
0.294133950356727
-0.264114411911248
-0.279117949925277
-0.624013793416455
-0.794819123196555
0.635280281422727
-0.634529934896462
-0.494949968302784
0.646707688710984
0.861760213921814
-0.565216534451824
0.328598235082543
-0.537765178749135
-0.12875823817717
-0.577807699428
0.342406831465245
0.0949632248160588
0.868804757256696
0.313468663041888
0.107724313335623
-0.648089421873499
0.341007136902941
-0.788005218033406
-0.232206361430261
0.20350206777168
0.102220192246815
-0.9008672153917
0.975884782927768
0.20844082018008
0.698871326101823
-0.249527320871068
-0.0826231533757675
-0.2738139554742
-0.94137024116064
0.0854509602852978
0.642138118214304
-0.183991771670657
0.645516434392159
0.903702169536899
0.321119087372911
-0.455896632739759
0.568233119581055
-0.515301168934878
0.106814390578326
-0.948185813166481
-0.768162647587505
0.0400012817650269
-0.0935595938452219
-0.548478968978631
0.434175709568441
0.925469747746225
0.232871497133883
-0.32070012585763
0.108887102113704
-0.315105959524216
0.174747787518511
-0.0924306812757013
0.0218454689665925
0.0589472529263854
-0.275920269818263
-0.862275322771457
0.29465598599772
-0.646359753731801
0.106428011168142
0.137132477488691
-0.652286143228742
-0.0238742737537537
-0.111505985901558
-0.779537106531039
0.544217464933815
-0.524407931006198
-0.141618677635198
0.310623335377386
0.318640757031529
0.131209271792483
0.441316615537551
-0.851614169031617
0.592279866763574
0.892285916577765
-0.558215059908087
0.374567970057851
0.439616044790332
-0.670705304061513
-0.0413775165091902
0.52949433891516
0.610817197673264
0.990576062567142
0.514564563276745
-0.553164259124396
0.390940743473916
0.559646337038656
0.698359836654165
0.0114503561340551
-0.182437712946622
0.255805052413272
-0.123251142148223
-0.569152360163595
-0.75020616654293
0.948605026588945
-0.0282524386074199
0.923290943247299
0.559529991525296
0.717855985953428
-0.0614131016507507
0.671982831316557
-0.211124972318512
0.366468996221119
-0.372235558648955
0.0545559990244222
-0.0889388765754396
0.942782390986993
0.0620717653051759
0.429496505987205
-0.504443300616276
0.454781199695219
-0.626826034211999
0.218616486871157
-0.772199694250263
0.673373458974527
0.226059420496569
0.949252871306331
0.359247308900237
0.548908093842036
0.497094980660805
-0.874006562913523
0.625581135862499
-0.765339847373557
-0.791127283028451
0.477736771103761
0.742282032820274
0.818139668719822
0.615300987882742
0.760542157491368
-0.062291686347421
-0.307441590172826
0.906677029953844
0.462111356782693
-0.0957020725872472
0.304661005080495
0.571299722116939
0.837786810745874
0.475276849637713
0.805549431982836
-0.874604535555316
-0.561067577712698
-0.571093792011232
-0.633458860447924
0.878682248031112
-0.536163276519883
0.697537840849427
-0.394486264592433
-0.465647730331497
0.331584261410531
0.406930788436773
0.822427340309828
-0.862270487286794
0.317764525196925
0.396336307708721
0.895264950013245
0.470327864478433
0.850518841462257
-0.159182195651243
-0.26708158707183
-0.925655913826305
-0.46221732711041
0.955367614781008
-0.500466508352559
-0.0329411920466341
-0.856922006017363
-0.883417509763315
0.250841872983556
0.269074185834026
-0.568843602080939
-0.377924645490593
0.808839813786248
-0.299139924129405
-0.26476930162747
0.630292087548571
0.41008413556134
-0.405458387985457
-0.106621783023063
-0.423479867226943
-0.587333280469577
0.363872078152013
0.309156397432697
0.415371179968546
0.754970896456245
-0.88223411333016
-0.811926265408633
0.38443043516897
0.522143089747051
0.0728583215982763
0.583836482919938
0.502252182807941
0.328727489507909
-0.225995600869531
-0.182806205395218
-0.0719990456711692
0.806983371796859
-0.43739493632652
0.0872713240400562
0.767756505072053
0.29755577374579
-0.260003736475411
-0.761922464542632
-0.379686430342947
0.617353522325948
0.838021946407759
-0.348872817039351
-0.450220017109885
-0.922943536594649
0.496176106566136
-0.456932601981868
0.655960461536693
-0.785052736688739
0.195431636279742
0.529132558277154
0.751174480563005
0.472027640042593
0.914155975920975
-0.198344197687454
0.837336351112869
0.759482472982541
0.901240961304252
0.441937035422124
0.785329424926295
0.0768180041383809
-0.410221418315606
0.522178686262041
0.110720356333242
-0.864803566858794
0.648330218438789
-0.689870535939787
0.143438389072545
-0.219081497431247
-0.748244266336885
0.560666463826932
-0.189304011596839
0.469741317102006
0.316581817389039
-0.874811895374603
0.0650066384950041
-0.272981566425797
-0.547073402139761
-0.138155826709452
0.560332565480154
-0.970844927590045
0.888769743496606
-0.940397138472777
-0.0444066773042662
-0.46699317743667
-0.635466806561062
-0.541256278444258
-0.423659176815543
0.339089924621426
