0.754497600211582
-0.317967669434008
-0.0664376580358466
-0.464193892396909
-0.879456828708479
-0.479914541072463
0.882177619165345
0.845441848933758
1.01402752630403
0.858056874295695
0.775720104007402
-0.205271646369876
0.267221988677288
-0.257480931652252
0.342795269339359
0.275619505992398
-0.337194557052502
0.652193803505356
0.829912017276789
0.106342399803905
0.537861086795545
-0.0829784279338389
-0.430991908809165
-0.708576103052914
-0.88706381440901
-0.0230429625097841
0.955422667025463
0.585809371906843
-0.196882943999848
0.876623120413881
-0.605610005858328
0.251861109227932
-0.274659004575674
-0.0994619810837657
-0.626590287304869
0.700670985388039
0.280776329847299
-0.0198388520787771
0.0905121144045682
0.4772039425724
0.965410868860408
0.653740834468919
0.143736887752535
-0.646517991240721
-0.252893198343059
-0.0274211422962572
0.281826543139716
-0.599558904318895
-0.232630522750502
0.910135890519907
0.094328115153666
-0.562837958998238
0.335163646064645
-0.151587268784841
0.937097186712663
0.231093505012461
-0.661167672175719
0.0576499159917017
-0.304873227353068
0.314301218608429
0.689709981891703
-0.0688301177869205
0.717389647473156
0.084650857563031
0.200354089978341
-0.156818579945263
-0.447750662109804
0.848661479209272
-0.867084162256907
0.0656901062480561
0.789011628237417
0.871206630090439
-0.0939926630285225
0.777265455144749
-0.0113444226460417
0.478277648758472
0.874837593107426
-0.136219744694922
-0.939756770667961
-0.960349974163695
0.987752591591649
-0.0406710779734136
-0.810142800715148
-0.370940917743495
-0.591436338392761
-0.341088215059808
-0.250980392110759
0.78103229048842
-0.279332876097808
0.929098880024478
-0.139313896695076
0.356513578996045
-0.476213401395521
-0.489458387709721
-0.0299737352825716
-0.534905702278867
-0.00151059494521484
-0.800775311635767
-0.70618610562844
0.0681835469987042
-0.509214448769044
-0.499062435729816
-0.898817510958767
-0.539068377900468
0.475435947945767
-0.0609077182270454
-0.647453401037641
-0.290152080141052
0.962141209535607
0.0317901135682322
-0.27483454746846
0.121300102688655
0.494764632905329
0.112434361223151
0.509792283459321
0.204206768323414
0.775515468043164
0.674526204370772
0.544437480821784
0.477546416220791
0.844409425351581
-0.353154077659771
1.04443062719686
0.212857870131311
-0.248143114367564
0.416955844606302
0.0748652718403519
-0.961946812780867
-0.504528675710894
-0.32121537133194
0.953808427508562
-0.864623864136898
-0.848168967839366
0.653531619302582
-0.231214581715497
0.329383897379175
-0.365458063873948
0.698512220415273
0.447686867481995
0.52513864587883
-0.262922234250592
-0.80330449459769
-0.753529509840605
-0.521094756315028
-0.548059830828623
-0.0202187170172088
-0.0950294766465215
-0.04155171125465
0.717461150519705
-0.955200096493801
-0.652791997296067
-0.918979466789237
0.544331722129286
0.102036039369244
-0.43592169509949
-0.824846892604379
-0.751504138290394
-0.963968319348823
-0.0699325193577598
0.390018238300395
0.787066537747831
-0.852321985329242
0.753662708233985
0.0884897510598423
0.574754551436881
0.631888155411276
0.0273720226324216
-0.199204266583562
0.199346243665445
-0.524647968160521
-0.97335221933935
-0.0329218929706499
-0.897245613808948
0.918096326315431
-0.117535508065004
0.0436179620293093
0.606576680350402
0.15712121868351
0.232945467744577
-0.10079702629041
0.0405420876731667
0.102752105188697
0.872984177911849
0.885164731702062
-0.75446006436647
0.500016565445836
-0.00292056373633476
0.174695349059835
0.294491712867156
-0.810470624324106
-0.265251868636772
-0.777518145235081
0.968438818188999
0.671427595836419
0.211699438338438
-0.158767077068412
-0.0748554633818223
0.978084825625006
0.167499839517514
0.936755009148809
-0.600906649348587
0.667893883537297
0.229761592311269
-0.195664011079069
-0.235478073293646
0.463272770982272
0.248345938621951
0.548155869200875
-0.121836955500478
-0.0520905990171936
-0.252609317670834
-0.39407585264556
-0.591395349562622
0.22350519605292
0.226449815606418
0.706815167194266
0.312397054755294
-0.532160445369264
-0.832636263116873
0.0337801640840475
-0.0636648235620496
-0.583602200862615
0.849309520724136
-0.323603043616991
0.695335188457761
-0.142429301813291
-0.50595831576323
-0.127880939075581
0.791093773803877
-0.699613402474403
-0.53625096636469
0.053749049397632
0.390895019655084
-0.52887408559218
-0.304686896966577
-0.33078766214001
-0.16525979898022
0.611778633402099
-0.0275453855542179
0.571561189842353
0.393886794905418
0.628606504388843
0.637216420468513
0.924563907360488
-0.0681349650227388
-0.633152242555669
-0.133384705071652
-0.168168509277717
0.545491510384274
-0.32357248990114
-0.0174123518456043
-0.371172336670822
0.00482340475615649
0.478132698252289
0.204223132090361
-0.82582287271634
