0.00948929718993953
-0.490596327134153
0.456263979179115
0.252798645148449
-0.0271556318501584
0.622818188869888
-0.03033698522376
0.64138029880915
0.933133797655181
-0.610645961174316
0.535583890490552
-0.620096957363146
-0.0783214464112701
0.290865440635775
-0.956342998465
-0.590449118640859
0.447874394166771
0.501123851607009
0.453445762705645
-0.149966306679992
0.545124859311371
0.0784023870775149
0.893426849047347
0.646501363785175
-0.601392117581885
-0.478680699687052
0.21826993838371
-0.378462484576379
0.303669660382324
0.326548674706083
-0.521547988726909
-0.857941631110096
0.259700682620283
0.158981928008549
-0.534783058319508
0.281684562104488
-0.135754630316983
0.623911343387604
0.313404967233708
0.121823638171078
-0.197435587384445
-0.576057140590783
-0.885164209965834
0.162383882194145
-0.621040501466783
-0.258051372308048
-0.0120722543976193
0.871882706665302
0.0141056143317939
-0.844247374288984
0.309891020032158
-1.02009154597597
0.624240386700666
-0.0378096906173105
-0.719151721821964
0.340472580701316
-0.705117522596442
0.32334005463459
0.736531874567859
0.00918124760590477
-0.841053292186173
-0.56781916221918
-0.442906549535389
-0.172122307311604
-0.80270726892822
-0.908378735172669
-0.463244867671839
0.827089172271612
-0.243056887538245
0.272256356281951
-0.65417903124159
0.279134408396579
-0.511759722018387
-0.161747294596248
-0.51886777664752
0.313817351037106
0.868220543593744
-0.719971231588063
0.549964664375278
0.368097148308509
-0.264836644323631
-0.840659215198772
0.430445803339421
-0.135762588052429
-0.814148584902898
-0.0592369208437344
0.0211687901680704
0.0962608857363054
-0.245233541258842
0.809475423512565
-0.615753604731212
0.617362544791263
0.989345620996656
-0.4478638568807
-0.036861943245609
0.766758888928178
-0.0133762352366402
-0.856036110617545
-0.78509225167236
0.908829828714215
0.624801605535313
0.0520249086216289
0.103965300512254
0.263399859895061
-0.786681453881886
-0.206342656766641
-0.139842105317879
0.0981158569451983
0.890269687508634
0.455869773151165
0.857490703909308
-0.883823686794772
-0.69444018690263
0.96157963938617
-0.910287830347716
-0.477291605724741
0.684210243685414
0.441069386011557
-0.92729752206919
0.690678706927404
0.0753310176638156
-0.439916015494207
-0.963757792929369
0.462259024588213
0.701152008262897
0.70649031096739
-0.240488443002762
0.0739099244831626
-0.181154219002781
0.623496136653511
0.992465901649917
0.583831592429016
-0.830472519127427
0.38695401068147
0.738311151456546
-0.279885624427475
-0.804254670818471
0.621255608821778
0.84529792664734
-0.0507467927129312
0.929238135585732
0.940335905672712
-0.0493910736998868
-0.351091040687911
-0.692204694069071
-0.443201048263988
0.311975484017185
-0.742038232156294
-0.446026225033693
0.444686578032346
-0.391554702572692
-0.446835233156007
0.5540943145503
-0.89545825791483
0.261304708436642
-0.131976610896005
-0.954328221284137
-0.730595347055323
0.0185580486461664
0.946352341128434
0.493829576435858
0.774760104692106
0.672203171898274
-0.155662577357096
0.128724376323949
0.273490876207348
-0.666353896816632
0.134483061861457
-0.764856589962483
-0.173384502555593
0.866223716078889
-0.0668332184887646
-0.810522533040513
0.48071215880888
-0.256631776220825
-0.783258833887865
-0.49604096560783
0.0759224929708228
-0.952526996270952
0.159080481996032
0.924177579493036
-0.578416353422651
0.213229003568427
-0.418740157719501
0.121148819768439
-0.33853722404636
-0.799814425079563
-0.910822002115357
-0.718019501009706
-0.884043957279018
-0.838754106188569
0.743023778190825
-0.0597756198683064
0.363955718676392
-0.843144202769983
-0.784786243574628
-0.477433415385108
-0.0585063180258782
-0.935771283887923
-0.734232869220709
0.879721534930657
0.454460055487488
-0.899133581476609
-0.483419786549416
-0.558879680637617
-0.193095242065388
0.79587042768713
-0.262988719505858
-0.0017515342644164
0.946506977469648
-0.176455480923876
0.547312366871059
0.565390152966503
0.932399241250312
-0.416586675172293
-0.87307064546665
-0.390097277370788
0.842709180578714
-0.239012992691529
0.0471187864307949
-0.722996170604655
-0.584627396203308
0.46656490198272
0.548960890930148
-0.330190271144044
0.774174955025674
0.185851093200604
-0.218957957728839
0.214406694077487
0.60912143524408
0.289175936177674
-0.385101588271852
-0.729113713943566
0.779611258801653
0.153275245344147
0.975118745096522
0.197671014702892
0.209570919033414
0.981805973155322
-0.851444096108026
-0.240754364330215
-0.0742803126453015
0.789348616234348
-0.714911611848202
-0.666664293654519
-0.128084711910166
0.83736065818797
-0.229803452906646
-0.612915732263151
-0.231805245366581
-0.416348960350549
-0.247578613168457
-0.158616265672507
-0.365620459854793
-0.876526915571412
0.600378284518344
