0.15308920918424
-0.137674192493689
-0.310119705611379
0.774956992674614
-0.767703516590998
-0.595802009684521
-0.29094679562236
-0.3225773469815
0.502528759473218
0.31998948993159
-0.443385634920739
0.139657158826632
-0.792772367684148
0.571526652236732
-0.350932432598203
0.760527126776768
-0.323962881028161
0.194395807564824
-0.924926199897081
0.683021643195773
-0.282850304030104
0.338457078658309
-0.79917463336336
-0.851043576748188
-0.871720177486614
-0.921995382702887
-0.876673565365185
0.918901914762435
0.752073795360516
0.273491514035053
0.477562209250043
-0.0170724656601719
-0.460052085709115
0.407405666767886
-0.763499604556055
-1.00376703988193
0.909498822215283
0.69922014971253
0.0966748710003053
0.769647844531154
0.531566340736996
-0.424090350571261
0.653017263907618
0.252900739360599
-0.858758316050955
0.530121903432785
-0.781539128968477
0.456543771497036
-0.159295192810827
0.422148528712097
-0.940353412168514
-0.721669038063319
0.315262092513443
0.552625883886425
-0.219231065483746
0.338993587573237
-0.0799583389063103
0.368582059370283
0.560710574803134
0.274272688653458
-0.690589708975159
0.72980858782963
0.789414535784084
0.354198124558942
0.43327743369992
0.000740798023223516
-0.582993583602647
0.474557152855633
-0.219723255662605
-0.0717258859832452
-0.52044453703954
-0.345297650772985
-0.0787322453993096
0.550299260900237
-0.31296983277478
0.69408199918968
-0.820416562518194
-0.33842307469725
-0.0705982925996722
0.145391656604272
0.757046005468437
-0.561291833096305
0.866581702452962
-0.0891343044572699
0.183970626302652
0.646285471864093
-0.190881466135478
-0.690979386779194
-0.845667807309874
-0.270971535771957
-0.526671026768093
-0.483005549552678
-0.077333590808982
-0.385009614137286
0.0717710644262416
0.575139517989422
0.4756308158279
0.0668611203065773
-0.757236364102202
0.892101450912985
0.675849242791666
-0.970795759144383
-0.517179920177407
0.0869152927890481
0.825411624301716
-0.119598863826131
0.230659072184282
-0.197248269801451
0.631687174626633
-0.540611976660971
-0.399742104567218
0.0865275552236986
0.814285543050187
-0.878679617119275
0.0816565482284318
-0.602426876185004
-0.354377624550905
0.394069834200933
0.183707090713203
-0.159328743193822
0.742685217733779
-0.110105756615249
0.324403561468804
0.244150116977113
-0.0204545528488109
-0.418698107563564
-0.184696611552115
-0.696177500814447
