0.489482768348007
-0.892921514094802
-0.657895583050478
-0.554508791401537
-0.0450637734204895
0.858053448565401
0.477604573882784
0.838848632741941
0.880973532762441
-0.0474881862960467
-0.287922289580699
-0.586573862332011
0.398064588440589
-0.103167212333336
-0.38385802375287
0.650886465493485
0.988034829968571
-0.593460151192206
0.249884185309376
0.0473697512538203
0.643126791858795
0.0160088462611174
0.852408573609751
-0.925996231091986
-0.15366794206103
0.563872018603862
-0.614601216205193
-0.085351892927913
0.737850340912198
-0.476244377882947
0.00562815182756895
-0.429978610617266
-0.413345016802143
0.54734849256728
0.33839863382533
-0.851867823391094
-0.518542341388366
0.374677047969496
-0.287061903978602
0.255872713198441
-0.533511921647436
0.906476208405935
-0.071002938232177
1.0006732239318
0.842051890503963
0.690778096661828
0.611381916115414
0.747166739174428
-0.975340187066105
0.159303240827412
0.283452494718595
-0.750760350855301
0.70770925521334
0.825697099364865
0.360371548555712
0.972415826133112
0.196238741686459
0.666170515358762
0.234731123068433
0.104695631509942
-0.184081827828788
-0.882126289832481
0.270025319331317
0.306977558249491
0.69882619241512
-0.694121805396507
0.0943183444738867
0.183423827477629
-0.0155984645771527
-0.198479101710151
-0.186421354631743
0.942490439825434
-0.962378945621653
0.377782786098724
-0.375308017599131
0.162138720360403
0.339400446559609
0.748360489552992
-0.154259115594774
0.229209306311726
-0.801324391046975
0.180846355104838
0.820974440832909
-0.133966684012279
0.87165823786645
0.57447872878849
-0.739078259812911
0.910058322678195
0.166523193355431
-0.867452129300048
0.932864969899232
-0.812572271865825
-0.705701905697624
0.586861562246243
0.0854769195584871
0.273741092902802
-0.211442720115907
-0.385193086184497
0.962093207352225
-0.690977111967098
0.135025178136696
0.0452183733687678
-0.886018948125256
-0.627901037620528
0.383826760908622
0.883901574682615
-0.736189866826056
-0.885409715879499
-0.245695967142009
0.477343057229515
0.774138224138441
-0.0859169459359398
-0.388294365594091
0.683698702820416
-0.326720085285891
-0.0893819753395383
-0.211406929452537
0.399107024383857
0.557397860330332
0.630192362991825
0.172060258220119
-0.366984898185739
-0.554647835120554
-0.0946983022052898
-0.126913783103301
0.653186366584745
-0.724992137041079
0.477675617100379
0.00744843603331237
-0.281616773998767
0.446243964284212
-0.462203745115113
0.557027542608046
0.348517712382214
-0.488328067414739
-0.875834527375189
0.0561019461935808
-0.436647310035046
0.272397454019839
-0.547814353035389
0.493296790539402
0.352887647974378
0.489838447865277
0.414846419429778
-0.760799435830928
-0.466470011533831
0.198617028494055
0.695714480144769
0.179348373183029
-0.24054637855584
-0.848060609187149
0.509641394690557
0.271792540137704
-0.80435444029188
-0.659132770621796
-0.556385925237436
0.376524531291877
0.0921742153371199
0.955625306867984
0.871108781078705
-0.668170457839889
-0.175670421986835
0.182871082039611
0.184166269380447
-0.379507630042934
0.459706310673421
-0.540863862016917
0.696383196218878
-0.687332632636962
0.366239834676207
-0.594142596758291
0.215253005994955
-0.377379919877277
-0.406622807654364
-0.378699000638021
0.148320916547414
0.191872529034205
0.975434608472969
0.15088077554044
-0.0403051536011481
0.899740273491648
-0.409668888552521
-0.169170885852
0.248025583322105
0.659680674067679
0.145765797863019
-0.496756067432594
0.805262252529237
0.280891585365973
0.605107146405453
-0.578100482758011
-0.695680381707516
0.321740690169237
0.49458687163478
-0.499985695394119
-0.615207110880666
0.649417064154964
0.089465799430987
-0.737382552356187
0.562837303110192
-0.643844199960315
0.548474024857565
-0.41651151443575
-0.836927057592721
0.557846889035182
-0.799812560486529
-0.0838856874710511
-0.772081844214356
0.149138509129152
0.617659750316943
-0.806448961222287
-0.178457381211295
-0.878902050717693
0.00206953639897132
0.686465913606927
0.385688590970448
-0.439693001170144
-0.890065771918709
-0.463269423837827
-0.271521280099586
-0.566276401407732
-0.770855111896107
0.535877368003332
0.374480176540105
0.268614016927198
0.642769758506677
0.0116652532677761
-0.029527591252513
0.916770681425137
0.274085316722334
0.277456847095828
-0.0562892894393453
0.255714801580379
0.354534645770416
-0.451844698613518
-0.191288024267134
0.297879813699951
0.151879757335188
0.172575001911498
0.124735122968392
-0.255844464327093
0.652998669202242
-0.72451244599739
-0.657160587577636
0.959567494802108
0.807815331177205
0.657565772525869
-0.866080234062769
0.877971120738093
0.806033792321595
0.770085276746746
0.146508895631219
0.577520476864209
-0.465820215245691
-0.189028894671931
-0.952299994520962
