-0.645125527534331
-0.957634187751419
0.620727077278466
-0.830711441663639
-0.326990644147648
-0.905442927673975
0.450193259602162
0.886081586614255
-0.475999079955259
-0.881278912634964
0.796287886302057
-0.0769724058633784
0.537988371990757
0.322502112198676
0.278451457861714
-0.138776077979534
-0.97960084152096
0.553781870161253
0.747200029159822
0.372397816088579
0.847240814402001
0.312393346458853
0.807939020235208
0.501363055567548
-0.000276440534786556
-0.727675005981742
0.489347861098659
0.889036685590559
0.939493033121528
-0.604865606943681
0.776295446121385
-0.0599690906154608
-0.899357245401018
0.394241379542074
-0.68384519498343
0.997879812097619
-0.940182842805872
-0.49546174155292
-0.0324230322457744
0.621077471996963
-0.127198863864155
-0.0930488001490208
0.153299462408597
0.368460740919675
-0.521020983406797
-0.385929882179089
0.573907378295558
-0.712897470244604
0.323509060542615
0.964542251396144
0.63770310267837
0.682552451551996
-0.588111812519806
0.439492905649407
-0.640856677080185
0.931977510948879
0.833935384522544
0.369746368028373
0.157645530570544
0.379296364983196
-0.352440058589969
-0.243722523658044
0.0950307100537349
-0.794824601700375
0.213127184563991
-0.755897570007868
0.668851900481535
0.672705975841471
0.99030740795815
0.53636548358277
0.290919372415699
0.579626055211694
-0.313487583642486
0.11762687379782
-0.129342887299564
0.881863768605105
0.219819424974928
0.735549178999602
0.507709338881865
0.757553737832219
-0.565057782727985
-0.814311917123674
0.143077959169788
0.536219886443432
-0.497929246360385
-0.645047946346779
0.142451458647686
0.828646042085631
-0.500989147072738
-0.410300026360558
0.0227566153267865
0.480031073047172
0.91561033103801
0.779623879457442
0.483887640042406
0.269256305144704
-0.479956717051445
-0.561962508222791
0.0565446055475873
0.149658535420992
0.537437175928982
-0.0737858842057295
-0.295875446551711
0.728003489167938
-0.528107028722918
0.897547776018234
0.852102198349258
-0.741340418125686
0.890557063420325
0.989526184109664
-0.767370384752973
0.17091236721096
0.131261337390413
-0.445015809115349
0.152554963145107
0.06680917088382
-0.964003628280387
-0.909758528483229
0.234445186690102
-0.452774771536625
-0.856388113927476
0.22152973110388
-0.43888769212024
0.0219754721325592
0.867338283025503
-0.939306399594733
-0.487268900214932
-0.881304703302301
0.330165665209732
0.330248342061205
0.380659533674139
0.202433721069644
0.863310469759008
0.77725727984149
0.39020233424824
0.109021024101353
0.462004224616926
-0.879394851150586
0.331089971888151
0.397399025804952
0.723445570240153
-0.842527789573283
0.607582705660514
-0.246852521766845
-0.804662581608217
-0.474153641449537
-0.18213380853425
-0.0166212588606629
-0.752428109513624
-0.0937312263480912
-0.524655806639931
0.841863558674116
0.917888807775622
0.994992526380861
-0.0437838050742676
-0.288682042770117
-0.776185747815198
-0.287700541717797
0.387638462223469
0.377025382135917
-0.841836303862433
-0.251562698572633
-0.8309078659637
-0.679348173122025
-0.815678041282441
-0.914347526823677
-0.667673870582948
-0.341669700060229
-0.895274292019092
0.873451345344999
-0.361775210821833
0.624189627281501
-0.336550534216534
0.891774607285786
-0.683941338010041
0.103542271761904
-0.73364129900631
0.198937381791272
-0.825432698114652
0.738635845056208
0.728173805803161
-0.719275505138501
0.47845643115169
0.132698736996151
-0.411934251018907
0.088633448880221
0.571844352680358
0.402708718874744
0.178381018845033
0.104408022949995
0.202094155126875
0.187213912123678
0.399964177152563
0.20933721358766
-0.959269691788808
0.604990987697989
-0.0200127827300174
-0.9472207138722
-0.956576320005396
-0.841826521551935
0.0591865786272409
-0.366826184823107
0.0715469871805889
-0.728849345776234
-0.27093956980627
-0.597883705835848
0.698511690672157
0.834282081743163
-0.00628559309637072
-0.821509327147937
0.737686820358526
-0.589395780489971
0.683416602836758
-0.963610646788441
-0.593678758761452
-0.544375728621643
-0.13332015877971
0.468678781001367
0.374113392523736
-0.384086713341206
0.916495965499624
-0.84164209246249
-0.368373356534086
-0.352110165756004
-0.0256569052396369
-0.788662579084378
0.42030259109642
-0.727846809099161
-0.69357805264071
-0.871560457092363
0.618237241211969
0.720578732509307
0.484821119232218
0.328874701444547
-0.271636771835103
-0.483372652905134
0.56115803368592
0.388986956694798
-0.755628004267761
-0.569274156237836
0.175967858279454
-0.460149672124346
0.469728069947175
0.426103579105968
0.263555794582296
-0.167370324439321
0.163657153376293
-0.981769269555343
0.0502006336627576
0.399090194085948
-0.667931997868082
0.57080403691625
0.60899912067577
0.164739419435872
-0.754382152008094
-0.749488610394138
