0.000884447743384516
-0.582072129845048
-0.10742125707024
-0.406780228227021
-0.425308851027082
-0.172700321102704
0.276205005266678
-0.87915833684096
0.465450381696179
0.230001737309258
0.179687389104154
-0.313230372799923
0.882720593239383
-0.909040383523529
0.551328166168016
0.359316348440086
0.963062893742509
0.203089657295488
-0.587851234991012
-0.739111724179207
-0.2792388070402
0.881208634113575
0.56919896129738
-0.336230083979369
0.249698302952004
0.802881901245062
0.680105523038648
-0.720826140073424
-0.126779144175287
-0.104673273812638
0.489296990933128
-0.880153733752296
0.810236227484361
-0.642533150081787
-0.821081316333343
-0.609835276666884
-0.549152318147943
-0.40131278986992
0.559097477867448
0.881118153916114
0.0670513269656402
-0.264528094585551
-0.926959376564667
0.531142953729209
-0.0510736831701314
-0.95393129456231
0.436789796826606
-0.835255342966562
0.345347251782709
0.181242928860192
0.404446137426586
0.380050219024421
-0.696924289788085
0.0233873603183854
0.439038654181089
-0.86942186876818
-0.190973315077175
-0.415635682374347
0.255774551353226
-0.776314577521707
0.564537034306759
0.244628715964347
-0.666982713081488
-0.0145799496457433
-0.278700430845265
0.0371319553821814
0.408026180665189
0.385438957785475
0.0643454062858266
-0.374626376087928
-0.950740126964097
-0.271595662081532
-0.862001407414388
0.739350539915354
0.357463159757895
0.911552544660097
-0.344778746315071
0.394291187059913
0.402992256779186
-0.882114270260796
0.52925687414724
0.634062961298171
0.955359698136379
-0.115822483811009
-0.377895644573229
0.974883842596069
0.955781017649468
-0.255529986559609
0.245901615130116
0.192966737867418
-0.973315841766503
-0.260443628800331
-0.992247869557322
0.347587215982192
-0.548751300036717
0.382321364197077
0.760772574906325
-0.383021764644198
0.487310465943917
-0.820043347939738
0.19260358596437
0.5967162247885
-0.982128063421744
-0.763946009987299
-0.791389715863057
0.0335056625449359
0.139286920436744
0.861781717492842
0.322638426527446
0.807660004481785
0.454802152136591
-0.794130333378226
0.667578883206483
-0.0926597336350261
0.0943284825276687
0.404135953822316
-0.598332084416141
0.868573802761829
0.312153392532603
0.906789814551548
0.351483082715999
-0.825609452021871
0.0797700309080444
-0.857778882613481
-0.727198710236157
0.323794421393462
-0.990762581379794
-0.86406835200931
0.394384385013658
0.974525191521585
-0.0896352350826479
-0.411457397838563
0.662291571676163
1.01279310467824
-0.0173779490415138
-0.677163652189397
0.852891010691031
0.555730531559176
-0.71829411890855
-0.125751721247997
-0.481691689473787
0.458838535120452
0.539624262344104
-0.714552737224315
-0.755185730116732
-0.605521050982042
0.7410879183508
-0.32850387069026
-0.581986470196317
0.986800427406784
-0.339270827956137
-0.587140593032326
0.46951794757939
-0.9508829571095
0.207584340285843
-0.209480651904826
0.149054936760763
0.614565883075845
-0.670394385209453
0.434962124901833
0.00137924348527462
-0.542300213650599
0.717499172937233
-0.257767973467197
-0.233037667047835
0.459879927996123
-0.599711095227276
-0.885301809971361
-0.182571618133183
0.257979248767934
0.316555468662913
-0.456045061530043
-0.751513156808063
0.261666403215891
0.00359403921556844
0.441765308150379
0.351874007023034
-0.658102534984166
0.804000785249034
0.756167663278392
0.875891220394191
-0.780295388442624
0.497683994419338
0.460337310989253
0.916771710608404
0.891644350045612
0.403505888065428
0.116422451460362
-0.331510660218531
0.0602967509337025
-0.426896960922825
0.408142602231945
0.0305291067382573
-0.194225116383996
0.87966296483919
0.179797865420384
0.451695502876507
0.143347321532805
-0.653434809867551
0.0449665856956566
-0.100116424430304
-0.271663061240422
0.567655202309966
0.946711185578535
0.46039940641999
0.898322388955636
0.577473352399943
-0.679754858036568
0.418892799529468
0.343984324979423
-0.688901964682499
-0.896826733402233
0.332228446356389
-0.781006724118065
0.0615433792883436
0.955232775867433
0.903913986309941
0.237757066604145
0.19777178902828
-0.992095133440174
0.357564303135839
-0.695109757146227
-0.391861714100966
0.40573441436627
-0.577150214680719
0.00632559338073123
-0.448397676008228
-0.442445900620048
-0.0734863986555692
0.596156572192041
0.3581195988516
-0.498696974328112
-0.407012285836184
-0.0797549779455335
-0.699245184394084
-0.582466602897429
0.181015542059414
0.122922744815803
-0.408564789186407
0.515490611763618
-0.425878134934133
0.37862650170612
0.99399740459658
-0.443032246361042
0.344393261060268
-0.464125225751405
0.540632320347323
-0.80905985604688
0.0576896453845641
0.147944991262237
0.943920214061759
-0.523171580270079
0.879564738275811
-0.258133433262605
-0.238999411904142
-0.409471553462439
