-0.946088000288758
-0.81591798709796
0.0612708246705357
0.226628565412796
0.0697900867496072
-0.0689091931862544
-0.269316492899017
0.0907449949513318
0.504625879495272
-0.999060206972899
-0.489324596952565
0.803832752928514
0.0328796457136204
-0.366400627559013
-0.209713708579511
0.012140613270418
-0.572473599987146
-0.426078166219901
0.516126590324169
-0.752639308453501
0.0514050370769058
0.674355896171134
0.834104680343017
0.160215745314759
0.0789999698797291
0.104816749636787
0.776409970236679
-0.0714876056148569
-0.816677603109799
0.310414845000694
0.103498765439064
-0.286636515201205
-0.111592441200194
-0.67455215304678
-0.912776193983916
-0.0987974427705566
-0.290434680982387
-0.405851834569437
-0.109281981604872
-0.919729103313371
0.105670185115027
-0.76405348804875
-0.952803777196379
-0.817937964724949
-0.380394854118129
0.652993478554629
-0.232599409178948
0.649622385686323
0.759703041945634
-0.536848729201265
0.511272088419771
-0.49172511529418
-0.421626992463139
-0.391872224757496
-0.872487595919544
-0.734275783223276
-0.750772058929432
-0.0109314515605022
0.686973945081092
0.20493467743577
0.196314962610402
-1.09645580253003
0.738066687729844
-1.00101214302618
-0.462168243080245
0.699385877260599
0.68967086420461
-0.280748235904638
-0.368471160561721
-0.662058258763797
-0.59692993952167
0.936833791996185
0.933558709058651
0.359030842950239
-0.547059733061994
0.757120248627084
0.909839189337559
0.0711099430977087
0.350697228739051
-0.944579938266375
0.631014139716625
-0.876706913147618
0.262024714320583
0.525991996409922
-0.752529931384462
0.55056237902178
-0.735299229788795
-0.157304783220063
-0.967199491052752
-0.452433513346423
0.436277336741652
-0.851286213626766
0.340387880039192
0.315460171214117
0.44193297462825
-0.668617264795681
-0.278600868823124
0.00736444874261857
0.822039172098703
0.782397501563579
0.662123971532052
0.171487656825543
-0.853790225187943
-1.00727801093423
-0.578338070737685
0.434015138253649
0.667518886992925
0.0220079129001043
-0.429561268904769
-0.758076012433666
0.223860511210434
-0.740799733551627
0.0387913446522903
-0.532272871727181
0.0599096034450728
-0.651100376594816
-0.782258901204113
0.180984647925905
-0.819996591029292
0.589396992418134
-0.150201809813244
0.625862761144324
-0.980092561179336
0.103387989350111
0.466859990239163
-0.4591187211471
-0.268740979906629
0.229214067904029
-0.169937092842416
0.119355528449718
-0.199017934639663
0.250472912629165
-0.23170642456108
-0.615682864825585
-0.610965546396046
-0.553750700955436
-0.800150340677228
0.504697506482799
-0.108159818871411
-0.381028622374012
-0.915675877055619
-0.0202461699020089
0.310687064628101
0.712584518382129
0.637836842101132
-0.427513896977788
0.630472607877385
0.0807452307867521
0.149667802136352
-0.699550342406279
-0.271372694288138
0.314249208312197
0.583338187738174
0.0284319278376421
-0.663606834298517
0.580047381404401
0.463063603192357
-0.540325182362
-0.392342314980951
0.696420434239507
0.53650307530353
-0.74060363869946
0.377398339924795
-0.660343940386806
0.328511643061663
0.0859225069464762
-0.068082464265095
-0.38954113510759
-0.0834863729326265
0.841362145034893
0.155629572018921
0.863446304096792
-0.687107572683932
0.521494060359182
-0.671220327244312
0.852558919605033
-0.973342603901211
-0.175163828359809
0.410916072883039
-0.514093636270011
-0.538687139799027
-0.806448959535504
-0.285930364345216
-0.59120095894799
0.196076929278629
0.462238114441095
0.202511825005389
-0.493732800684935
-0.114206449019832
0.169030820367039
0.208089137214469
0.713669494516352
-0.155752638625313
-0.26190221817348
-0.209294356147734
-0.0686384032250868
0.708287417608144
0.528580574889424
-0.929820357688437
-0.122249952807437
-0.722805504639202
0.133118653553288
0.633307747590163
0.909780471910123
-0.70054665067256
-0.625650282998349
0.575717075587688
-0.510660121406142
-0.623668693565548
0.442139966220459
0.473225947561912
-0.0937433739932523
0.343621177440591
0.504386628020091
-0.711797939134063
0.118684079184041
0.919674249710956
-0.853213707301723
-0.461745978955563
0.856836053396742
0.593049648289452
0.0673279456434366
0.399283623652902
0.527209098770615
-1.08616451659948
-0.289935022629971
0.420380028168753
-0.286016397940309
0.883749325198106
0.652249618951906
0.502986752577721
-0.747416068243905
-0.815525723204905
0.233836416242176
0.333913248769028
0.704935804890478
-0.870710905004053
-0.9652779048809
-0.708487461277435
0.477704787423809
0.84947211547019
-0.189537991134075
-0.73133154443005
0.292227836897964
-0.852827421741932
-0.637965986409491
0.471944262880346
0.405650375947064
0.0561019172460961
0.819036821227671
-0.684317511745409
0.158767470339509
-0.901882480524459
-0.706123617114037
-0.499397739349912
-0.0959100055939085
