0.036786068117165
-0.83033136254146
0.611116327434945
-0.345724639203511
0.605447301780207
-0.625533699669246
-0.00364405253216186
-0.198607669171739
-0.694272389064018
0.377628450062316
0.456001413071403
0.41451448711817
0.717171663142495
-0.426385855406978
-0.375172824542601
0.270756683438415
0.537338513579539
0.405395892220945
-0.048020366922363
0.497221493844072
-0.77376890978714
0.780814028057343
0.439655120024542
0.799178298094674
-0.526730067198554
-0.974996219961871
-0.564432046841185
0.376025660726271
0.456487088532364
-0.446200265952198
0.235025089226811
-0.443687153579246
0.992597058872666
-0.0668526750809053
-0.197631185998273
0.462534192417275
-0.376902401937714
-0.672379855977068
-0.320773402013154
0.209585580815081
-0.0524421925108276
0.0423412402552877
-0.501877380638545
-0.692544984041937
0.645588111591867
-0.255248134566023
0.78175516156677
0.91515513273429
0.489096848774492
0.668535578440336
-0.586372387704592
-0.783827150224245
0.0886238506003716
-0.488566784742228
-0.0367164565112944
-0.151958651034424
0.494855288751649
-0.655781289812809
-0.564750055330618
0.143668101286136
-0.42289719420247
-0.48525527885113
-0.235579507027606
-0.0793917901268492
-0.279877835206944
-0.77032453798452
0.153754707296158
0.278807061950374
-0.171660203498982
0.429206109802076
-0.0914192122248831
0.375243284559837
-0.665691117217044
-0.0962315275586424
0.0239245385842882
0.200992162549374
0.149390901480212
-0.301367776494312
0.540286422762274
0.975400481858263
-0.242709443982143
0.199129555566642
0.775103357737709
-0.118768457207066
-0.91755139861935
-0.724008435327794
-0.639411926578445
0.910917598462826
-0.750337748657591
-0.56816759571236
0.743830155550157
-0.776316663335978
0.172020025089111
0.630335145990757
-0.0102508971174893
-0.504613855673355
-0.631598322209889
-0.335474844024934
0.136776618328065
0.357415362789783
-0.0452726471435277
0.211266529121976
-0.714669759696056
-0.535810019743587
-0.230784236187632
0.0574500100686906
0.340489771637689
-0.837034032809007
0.656637192087973
0.189210277064027
-0.423699270157471
-0.19081869277011
-0.651056007302793
0.804584029795306
-0.372567161846737
-0.15615688630518
0.595326917546238
0.379318011325381
-0.498115879510114
0.250181761603466
0.136141863311119
-0.745984577184892
-0.733305105469301
0.327105372870585
-0.187688937103061
-0.468727028861112
0.203021858337967
0.61931667441549
-0.710502830375354
0.454415512549669
-0.837170533114737
-0.108881145828105
0.907749987421973
0.496586009685293
-0.688274424815668
0.284520857873802
0.35816370929515
0.479940863891361
-0.602311028106365
-0.669325683024032
0.755718403174576
-0.601284020330038
-0.806919985828437
-0.674464496140205
0.855529127162757
0.198808014317965
-0.835661455330421
-0.314794521900747
-0.996863696662998
0.199416941963468
-0.232736013922485
-0.481552443429172
-0.677702428840595
-0.0718897314132542
0.403410322700469
0.604145209233772
0.579608418691178
-0.69813437176344
0.308817460395011
0.206385422267587
-0.089953332863693
0.604278325851038
0.975990322840793
0.637743300077648
0.868263166649065
0.174276011092114
0.0352929763542089
-0.129511065303604
-0.97413672638257
-0.0735635686656678
0.187644369991071
-0.575143201611733
0.123735578993175
0.247723306871615
0.215261094901134
0.029790742569633
0.810741627122653
0.46847830305627
-0.0534511289550095
0.0877800234366975
0.992164945251724
-0.116350738602787
-0.528999958697454
0.787955015912917
0.174467691453063
0.778850497201594
0.101375453304064
0.328415974951252
0.171867355403697
0.344738859022488
-0.307535239681682
-0.0242308032515305
0.563580407870048
0.15980347243201
0.697265383836567
-0.656755148597437
0.41211884910823
-0.105104211836898
0.293486722401069
0.275136020414599
-0.676087381508752
0.651391545844706
0.651390979838838
0.449076346129602
0.261951844637587
0.469779683021423
-0.154949158547046
0.476311983121294
-0.86907356030088
0.765428274626233
-0.356990827603564
-0.560596740072587
-0.892725197200817
0.40015107125096
-0.314094351361792
-0.331294775576338
0.257222252004034
0.874034286293847
-0.512551092896799
-0.172732585301116
0.404040033257681
0.0384681647553789
-0.147194810809226
-0.881725143107663
-0.44548800099213
0.223647620952515
-0.30145299521033
-0.755635980501789
0.626521571582069
0.947545759883401
0.555025858453939
-0.726481947153072
-0.531931560526846
-0.450607110899214
0.0655131446033332
0.396072100332943
-0.371959020605526
0.0671945904167216
-0.862267610410303
-0.854383672334698
-0.499677726804278
0.673396906653771
-0.0683650923700759
0.379794653836481
0.522589788864773
0.0967238992314932
0.694626271049528
-0.737645264421868
-0.862429222934932
0.481814379558743
-0.730933464607995
-0.0636423641838793
0.741696010221665
0.754301403620826
0.960653941042592
-0.521875892883471
