0.945956130717869
-0.779634257644942
-0.687880770286263
0.024361716670863
0.515811787814976
0.422199894054803
-0.965354426079774
-0.390949063426444
0.0214461886446018
-0.215606961634743
0.735489492579984
0.156850640195064
-0.42616653973564
0.142593618119924
0.794955290098293
-0.74279057332149
0.0351906760365971
-0.35449180646801
-0.458447647760889
0.804800725342762
-0.609784368491323
0.928613490925347
-0.776057587496279
0.0678639736633246
-1.0042384522155
-0.708694026291179
-0.25249490200188
0.0131403363343071
-0.504296747183357
0.277132958947583
0.650388501603327
-0.553732292721859
0.353696796834538
-0.737738631810584
0.434539411729477
0.561667751682153
-0.221349189107671
-0.221685692885821
-0.677760997632028
-0.337914455574585
-0.635849970405689
-0.0357951285140201
-0.657024197693342
0.119850843179877
-0.764174578358956
-0.0823905084038169
-0.684710252497446
0.967059187778509
-0.410760845434392
0.841282849974446
-0.675178414666934
-0.726920640605703
0.613837661707322
0.583326933223753
-0.781662784331987
-0.034763749327467
0.454164343452961
0.68097259606398
0.0708658051769421
-0.402058529806423
0.403293343488787
0.777894783328331
-0.228548457836856
-0.293194053668111
0.212511660006755
-0.490604143793572
0.881690202340816
-0.901594662415356
0.338504855680548
-0.938659469768455
-0.759562084908399
0.496485084231019
-0.382999120962573
0.148649367927208
-0.249741095718075
-0.21680625954827
0.966066716205672
-0.377474190525272
0.264620589581303
-0.0559142621052111
-0.812880883144041
-0.992566546584181
-0.318821309401366
0.912301017993853
-0.479827727129987
-0.182870797551576
-0.0862365687409332
0.678629798195245
0.389727880270933
0.247094167716604
0.295132772154571
-0.597801617872774
0.0485470586764973
-0.894786863670813
-0.744459562087197
0.172942026112803
0.393416083858853
0.182110346312427
0.464810298614719
0.73032167325026
0.676212928682212
-0.0513135587417647
-0.153784000499728
-0.130016008968878
0.223058480789902
0.454346098365832
0.0640541689211661
-0.806863336761673
0.551696130562242
0.585915882575982
-0.0755956250076791
0.687690800651815
-0.817381513964921
0.304731343717551
-0.302247320913248
-0.868444480710305
0.976966397193184
-0.992886196526373
0.87058969022257
-0.827481703626401
0.79670037456958
-0.650164405907053
-0.700668960929922
0.168329229984674
0.284469739616472
-0.116435147730854
0.369779942612952
0.60023770346692
