0.890905957417411
-0.145843223143664
-0.243215449862172
-0.0915208519488696
0.775457669295149
0.300554493146656
0.925293736660984
-0.541903969409665
0.148880455997115
-0.870260333496943
-0.311870377415136
0.226429956440279
-0.158929373116273
-0.332635580217012
-0.320561092389499
-0.374745803230047
0.783463647471733
-0.60021342387812
-0.596048735135364
-0.103598298789208
0.551861904790692
0.400843499792728
0.717809559078548
0.577244238704669
-0.705631651004447
-0.261190584627008
-0.319402932123282
-0.526445593304303
0.569284915590849
-0.0868170479657662
0.742236768336758
-0.271860570198204
0.641925525718255
0.996881473691502
0.616712574573373
-0.889226113975067
-0.554428881477712
0.289356281039706
-0.301437683192878
-0.79811767985475
-0.465879847055604
-0.905114607003709
-0.644044067752715
0.474443680804806
-0.664436406571261
0.634168012496624
-0.768122739978402
-0.512673443780301
0.99508898870824
-0.96247053690363
0.142099798424923
0.797564275061377
-0.904346607917762
0.619258024917633
0.0967690815060822
-0.0894269297027947
-0.633809379753407
0.442741249622765
-0.782439528742575
0.0226377290983231
-0.124343100995913
-0.763442891623716
0.798528548133367
0.810097864613448
0.756376614863012
0.170699210520739
0.315796092096284
0.00824411583672825
-0.314912799532948
0.088513336105547
0.00856390857726473
-0.515850205586576
-0.72203709416769
0.583391118432692
-0.0671971561844196
0.902829467147157
-0.545453804769828
-0.893635549462768
0.431363470789195
-0.0165884452950292
-0.582645290667099
0.513112359178109
0.543278306661303
-0.570107601480426
-0.370169329894054
0.610213823088457
-0.64622435390277
0.151932797627195
-0.190745012470538
-0.587935370996826
-0.511838950403772
0.545015276814249
0.658038899076904
0.0289984331062845
-0.396554610306202
0.130747142074819
0.397992972873135
0.471066663910516
-0.775992539846767
0.272504850202399
-0.302726091761564
0.396330789286538
-0.740875620053013
0.662024742421354
0.975635154099412
-0.412356982543706
-0.0346963384740826
-0.697035088030201
0.884180810638197
0.994630345706569
-0.346358383514472
-0.505174686874054
-0.773628192472037
0.330615509626647
0.959936933029247
0.357108149776376
-0.478355107218716
0.397596368607491
-0.787470774247712
-0.554557498143891
0.767937854865588
-0.887439840371324
-0.904794301550797
0.668154232107614
0.860533970346883
0.352198396364008
-0.364611596833559
0.943547882914076
0.80249015811523
0.191986725565295
-0.0418057056786906
0.362626742575022
0.615249267665875
0.627924611232586
-0.00474727038519511
0.768406837027374
0.797271695045285
-0.309747327022495
0.253190366738357
0.0897849133466086
-0.172940755911727
-0.732534233274475
-0.120983392211624
-0.15563051411299
-0.342357517931458
-0.347416692994725
0.179891350762375
0.534309083368241
-0.692017604944623
0.222855820115313
-0.7804988811158
-0.848146484520032
-0.215841418300618
-0.00974385172532172
-0.213963024895453
-0.655684476596339
0.964993252360161
-0.494576723253541
-0.141636623150326
0.80704658813053
-0.535463620047069
0.314539081233594
-0.495455727830962
0.531008709801757
0.87449045057603
0.511320688089218
0.234581615638598
0.529354903929709
0.566106103277846
0.302487468936392
-0.764971352623633
0.56417419924779
0.197113226556288
0.583511206354269
0.561521581487915
-0.859628978464734
0.0652857218632012
-0.82007884464412
-0.931363267814899
-0.98521124863139
-0.0916095477935061
0.150642771455882
-0.682196185643743
-0.283392662723359
-0.434996224729547
-0.189670508987775
0.837807558857747
0.0942964132439755
0.482719267834979
0.0980746352956254
-0.638537303230863
0.124154560073283
0.241665281023739
0.109868860970171
0.607780963583815
0.822898037976045
0.522653445875509
-0.0235496333076303
0.400034680772196
0.182354219884815
-0.350255666927831
-0.139207521784677
0.842369056925504
-0.427833707846549
-0.257386934464101
-0.593579536938481
0.876040917636307
0.863202438479832
-0.991978942011495
-0.762541056676091
0.837314532525575
0.974772469457257
0.636292839542444
-0.227841827228294
0.979034059517825
-0.418895399041622
0.599226538329677
0.0686595614100968
0.16607523203836
0.821897915705482
-0.37445600699632
-0.0989914984323295
-0.939931337776765
0.0593699172181439
-0.305899450554056
0.170667587754699
-0.335196156291857
0.343265084354865
-0.850274557765095
0.113526217242587
0.0248683983311023
-0.806969055492817
-0.982006916427008
0.365849474180146
-0.785374712617932
-0.929239385507304
-0.396670631801891
0.903260629723052
0.496647552601183
-0.16729657402391
-0.149094132606471
-0.0517660838927581
-0.0728659687990352
0.813966707882437
-0.206440591901225
0.887890654378468
0.12854300411092
-0.54944540664019
-0.728965271671847
0.741882575679762
-0.938151756292919
-0.361255040620887
-0.623538561803223
-0.357111625049103
0.535848477716041
-0.883525151538529
