-0.0529868942622715
-0.404015077320209
0.0687360192288056
-0.360672216779975
0.729344796172009
0.276451909069789
-0.25431113265143
0.783795077422523
-0.769145782920549
0.655637138621718
0.188373439528312
0.0617742755722487
0.556315007605432
0.17866825773161
-0.303932934818921
0.245800584664596
0.263273057751133
-0.466716547647573
0.462144222170727
-0.177100291850327
0.594884939877151
-0.795741942948611
-0.480070489025598
0.103876630808899
0.363014836393936
-0.753099398295017
0.269690268230441
-0.346796388328685
0.0970944259826024
0.418317085682638
-0.786796954670366
0.397952990551453
-0.962336845245149
-0.107231959808492
0.710331140516726
0.572255902783696
-0.565979767406865
-0.447125638594665
0.555020373029247
-0.531050362574016
-0.855419544668237
0.931730142285701
-0.00522760926284882
0.117060512999979
0.445961908963581
0.0610113979414981
0.179941878834096
-0.0522111084605648
0.481088951450736
-0.969711924564014
-0.434465261117901
0.481917751314175
-0.421847416719224
-0.520205973142238
-0.0920777635246119
-0.698674389108161
-0.673927599813568
-0.98750895660182
0.903255871654128
-0.706136016925385
-0.176790345151956
-0.0991080455985877
0.474726901634203
-0.524739677308782
0.556921062791119
0.843955186045296
-0.875761120884631
-0.0661580902535701
-0.527320270342106
0.236997328418899
0.426925449875697
-0.173670179278925
-0.286196564713683
0.351449433352332
-0.258414508962362
0.013355108803409
0.0915296309457888
0.935963556141064
0.327856827767404
-0.0416732073417973
-0.486632386633236
-0.756076179796477
0.914961843328464
-0.102716982745285
-0.786853596143368
0.0988067009772242
0.0705065267958113
-0.326213399349895
0.0347330251662225
-0.839181549332015
0.018614159909437
0.791890535226109
0.710493353480632
-0.466984425706298
-0.0436595949906668
-0.118523002898294
0.180614568462925
-0.729550561453145
0.931543730157558
-0.196716661977148
0.967147906452323
-0.294572931542843
-0.994180661782454
-0.189504747003812
-0.53173045938921
0.412148141859117
0.393761102880988
0.362731759074211
0.85606656466698
-0.179617199074332
0.135795853816317
-0.247355784797282
0.292346740266465
-0.337991436532895
-0.0280056891233186
-0.605470204035164
-0.59004498281276
-0.345529758988388
-0.383751119187229
-0.607702500943183
-0.573901306893708
-0.293265513837323
-0.994565577469959
0.29418370000003
0.596741209302836
-0.13424513508087
-0.685751105441161
0.194174491177363
0.636712537511435
-0.606542437000473
-0.775435054529145
0.580707268827652
0.805194046491884
0.0461782381570963
-0.207998266578477
0.24176119674102
0.376563357955789
-0.699177359197088
-0.773157230822468
-0.403337651837721
0.774435568624661
0.567995971812044
0.153965933714547
-0.538088168474622
0.370936699785175
-0.317720986579424
0.842344848974873
-0.8185618651602
-0.600501023650055
0.821882411102204
0.763105377088344
0.570803549823344
0.656577556181972
-0.59579258017689
0.605784891593925
-0.968009878164173
0.886695841252322
-0.836895611187478
-0.94018460002402
-0.937378297917309
0.117806167697057
0.0479174980746634
-0.863368068350411
-0.416567764121807
-0.324675066906271
0.742456931523764
0.353836163701776
-0.512462562722245
0.829004574960723
-0.0784018990646484
-0.373018278196438
-0.387151538246427
0.377975195817205
0.616006530285572
-0.765295761027064
0.0773831024383261
-0.8558747438605
-0.113447978100335
-0.355018841696524
0.128821816605344
-0.508977200007243
-0.0376673530735407
0.0233186707617091
-0.882084374088451
0.249252704854978
-0.198534027954141
-0.311745631580937
0.942759653925022
0.133335855514397
-0.738085156952349
-0.0656252041518706
0.67504377255196
0.519584977327272
-0.59837172134027
0.866316970915561
0.573324319092192
-0.361048289579592
-0.48758524366642
0.0329792513139557
-0.373845871193803
0.21144260473694
-0.568479671517026
0.414391469321662
0.535753605473595
0.427967416877105
-0.808894916955135
-0.858913558549355
-0.203572747659634
-0.587978920243539
0.0882171848152133
0.448498428992189
-0.629703226180081
-0.515576979358843
0.390968331482514
-0.737736781597512
0.966657783575745
0.46911182899108
0.110459953524477
-0.1016486747604
0.875039288534477
-0.674139461260649
-0.585233181635889
0.198990448089111
0.572286557871851
-0.167662127032151
-0.466578194294635
0.0197744424034904
0.464438619512193
-0.351744332670043
0.67723260462242
-0.731006432601165
0.188120209240953
0.962679269538334
0.331658627484168
0.506270460819733
0.222699441765945
-0.529277666482593
-0.422943150492015
0.892857013891566
0.948233245703044
0.34828987944957
0.711515010818297
0.288841785706715
-0.906984950311888
0.140533690524157
0.11892518756761
-0.861707882602553
0.780659311337939
-0.501590759735541
0.160291900178406
0.221114428046298
-0.624867633539527
-0.789831636871115
-0.608948569998679
-0.163682286796095
-0.167846099708
