-0.485380771483002
-0.948514250485921
-0.313690655831739
0.498629762745269
-0.881454735591392
-0.380101789847102
-0.881619294238804
-0.921489821747972
-0.571639688955327
-0.369866889116462
0.200241458913397
0.464121915639501
-0.835813948815445
-0.2384627319521
-0.87131264084058
-0.0958149624908012
0.817304037029528
-0.178995556071233
-0.00771475402782161
0.683615697647118
-0.793106995372626
0.682238950037637
0.28308366797423
0.362734276927076
0.278750165755048
0.925156014605035
-0.702133325988959
-0.592917356824713
0.902856292306981
0.143939114276165
0.717140427005443
0.953550969441141
-0.973083107831348
0.894989595447999
0.693739768658291
0.575389074885864
0.750675683674896
0.174051625160344
-0.64186374959479
0.909193370676314
0.427142641425028
0.218065130816301
0.596633807756021
0.76011901816564
-0.384388000296066
-0.863995051902295
-0.501604310577213
-0.198358087795686
0.562316388873133
0.389501863832213
-0.106328700228282
-0.203860764013866
0.759221911008411
0.970989645524518
-0.0257507915795005
0.746294861391389
-0.749705908074303
0.675073046602404
-0.191564772402831
0.573701332940347
-0.569668611645242
-0.464023933513966
0.0628314123226501
-0.87797190145619
0.513715100115905
-0.937062073837127
-0.070410731684506
0.970033814458413
0.0634131217167515
-0.476387974965097
-0.0953031895053452
-0.304794208658135
0.373975831015877
-0.287536636040442
0.54822965419345
0.0109703331563892
0.750378196973406
0.79992084178748
0.932407850692967
-0.233184207013307
0.503073877307172
-0.812763498820197
0.0132399635389803
-0.617379852017171
-0.308024721483689
0.0214013939265779
-0.306882323932419
-0.0398314474015835
0.690305099817046
0.840735771868352
-0.934931915150581
-0.172458917574317
0.121873577212397
-0.318526223115823
0.121137824767322
-0.521632342078498
0.802859796026226
0.473620573451321
0.636817158751013
0.285905559405479
0.0709942179934885
0.202742177698772
0.58472111610168
-0.591829780919421
0.942473988067213
0.475993541746197
0.0471085835741768
0.102949853375742
-0.91906019045122
0.88288539193991
-0.881084808880006
0.070574039858698
0.894245421028745
-0.142123719362141
0.0613093437524993
-0.74274625825357
-0.336890261120897
0.934466530213453
0.819830731609936
0.122519923639259
0.795331760936583
0.325838746999967
-0.754734281346087
-0.63819663594801
-0.983420391523484
0.57566572462013
-0.311303214393827
0.596182781333463
