0.293718195998698
0.177182677926188
-0.424730332916386
0.480667836061966
0.170336582345509
0.732439002810011
0.900682834285908
-0.301615435494997
0.0377609731181916
0.611421490770975
0.171008075063292
-0.333782303486642
0.280692468900186
0.122392366233058
0.00925679180206965
0.510951657445244
-0.611291422657641
0.76412855852824
0.409560986182577
-0.126943345108845
0.856724259583316
-0.105550720409606
0.857651164654883
-0.385829545985171
-0.808881034631548
0.663876463026837
0.697229241451037
-0.00306865848398717
-0.141678827492609
0.480469376869553
-0.230687930155679
-0.0520220649733221
-0.0130440748774101
0.499662155400615
0.94698397606261
-0.662091942802023
0.448421668493915
0.69446716476388
-0.830575917182237
0.7410067813522
0.933640246870265
-0.169347182928682
0.0201112063291742
-0.334748955094025
-0.500608265211882
0.755278724002453
0.380345620802775
0.654153181619894
0.811649529762727
0.0269641266766851
0.334415084394724
0.236272559034043
-0.262611509942081
0.0485855261282064
0.13395229975255
-0.923505450386992
0.782584448494043
0.0116900311200477
0.56364228995098
0.77742555915709
-0.102863948988928
0.454624522428156
-0.115518723807265
0.274284260009782
0.728428059877012
0.723128480908549
0.365843481890827
-0.530289319313073
-0.225238925994926
-0.323327066719141
-0.693224354965734
-0.0204622266101779
0.861220856883965
-0.745346783270348
0.420427886586189
-0.154369439070288
-0.273918520085425
-0.225269037807242
-0.0556531277752961
-0.668365840610721
-0.535912299818566
0.535056816603692
-0.289165346146116
-0.452666008130462
0.719400905511839
0.308396280967625
0.353087485715303
0.868415267097494
0.0456491124666435
0.0846960466045779
-0.165828354345708
0.362217648345446
0.238481494352798
-0.559411619607153
-0.00887839156844001
-0.515296431174706
0.232507806729076
0.20832045099152
0.424933705636253
0.838454435105578
0.427471527908552
0.107804812768894
-0.144697013936356
-0.625160077652974
-0.0972233398777804
-0.253047193353505
0.707106272701994
0.24257882111686
-0.844442547908902
-0.0806756138913785
0.575429084039834
0.281515577304727
0.6639538897322
0.356866682694759
-0.0851852807414011
-0.25938811600895
-0.468707634997338
-0.642934221001445
-0.969630075294356
0.315839346782583
0.196398874343667
0.603664762229394
0.444858886423019
-0.0633984652735838
-0.903237158623013
-0.13706835849772
0.507293460945253
0.828654703331455
-0.321647386616437
0.00479396098538842
-0.879685779474976
0.309918974702696
-0.343527372947363
-0.292451280774974
-0.565074626045243
0.593056720933549
0.49213929875134
-0.1554039042015
-0.172056168937494
0.802003657093786
-0.343489082837191
0.778028445435825
0.649901887637019
0.75679996197106
0.667262184408755
-0.421806428546881
0.972580104104371
-0.609780742336896
-0.71661171098751
-0.665241583788262
-0.519315832052511
-0.773006413913928
0.424662934490184
0.632086933754337
-0.945105973293911
-1.11531058148706
-0.552721332252536
-0.381684606095195
-0.391791035437588
0.0361064097766486
0.460948241273739
-0.87235804178987
0.304617406621477
0.617455887527085
-0.967488644717723
0.11119790761201
0.43377405648372
-0.0664916079986732
-0.810729339593961
0.832618709015237
-0.152196913372321
0.635000918658648
0.60241785005378
-0.594253562405726
-0.209304961404496
0.50753195719777
0.811118982729813
0.382466601669887
-0.00452570609123358
-0.846147458798875
0.521302637115944
-0.916732882078762
-0.814816524470153
0.147740658224475
-0.478628152908442
-5.4634336563198e-05
-0.529102887645945
0.486343096528167
0.786611822976219
0.764685620658397
-0.0814211798989968
-0.271453571463212
-0.118506004330374
0.58736320696079
0.456401510452418
0.826960326212492
-0.912670202413982
0.582931658457561
-0.173991007705681
0.251600062463681
-0.549074684365668
0.372307254113856
0.145842410060176
-0.0455263801538496
-0.871003329673059
-0.902555624036703
0.305952386179415
0.454041006765256
-0.569861538248057
-0.326549888962573
0.548856869405553
-0.830000379136511
0.340408310204567
-0.370509007064095
-0.722867519974921
-0.998813624701975
-0.135239154192781
-0.454290448963086
0.260889581444114
-0.353315647768518
0.581238014535338
0.621532465904009
-1.04165418434326
-0.0487739521026575
0.0440504955955379
-0.453788559642131
-0.00698243649538348
0.402156853482145
0.700999960358126
0.98520448216863
-0.412320128886277
0.0668136064080902
-0.996953318899029
-0.640630087851828
0.497674224263634
-0.574856757993288
0.304353162887717
0.451908335499911
-0.358590721343825
-0.26227556386977
0.412993128816351
-0.469411401559319
0.213779531989517
-0.00938801260616799
0.603708166676174
-0.802186626970415
0.882562432884487
-0.312642902921515
0.349999691568811
0.629327530553183
-0.742930945324754
0.972878071878315
0.421406914544016
-0.0109265521836967
-0.505742474176542
0.651139508558174
