0.781788326762789
0.687750325430991
0.0488099100320512
0.3582584978501
-0.0856116477269978
0.779933002526779
0.11714306593981
0.824793713021375
-0.627448127605822
-0.407946173438238
0.352720868587357
0.150658019448868
-0.569726999349844
-0.596072427461986
-0.687517130479642
0.740886806240683
-0.0769494328997755
0.885915400789012
-0.235125884881265
-0.55030944114264
-0.952086068073311
0.288758777452581
-0.427768947527301
-0.141114287313269
0.501611959504827
-0.170212199503343
0.26735066882521
0.494244320414609
0.601035377064552
0.216285401628487
0.4925208151537
-0.191435463382069
-0.224898765820812
-0.711955541433188
-0.0605724870001739
0.910045103078445
-0.186017430192562
-0.261200459898103
0.363651621888467
-0.422605793476865
-0.997705507092765
0.71578228554185
0.756008920761306
-0.188885912744298
0.475622795595358
0.83472772644685
-0.25777547670597
0.804527674431691
-0.16816518106189
0.613733146091457
-0.967170675948256
-0.271786095253502
0.0570517130562311
0.227597847223027
0.724549389708346
0.388057568155297
0.273134127251058
-0.00975661270009892
0.915137764527583
-0.388427745633283
-0.479737320480084
-0.0927895862801894
-0.291800152745365
-0.479284005439125
-0.454635133228448
0.375424533792668
0.279293043905731
0.945787802812233
-0.726438494436952
-0.929654087229755
0.332204209368876
0.81490595039944
0.970082763150593
-0.913984855231269
-0.430239693700511
0.799166183998593
0.454769248503106
-0.033090561194
0.654428098010747
-0.198094554689607
0.570270070759132
-0.577195757957148
-0.9175289800958
-0.773499091760365
0.167697405322802
-0.332204901215343
-0.969527763814962
0.817586904943009
0.154349561576051
0.650406184827428
-0.952624069110053
0.137256270566926
-0.753915379863844
0.577178585300714
-0.453087180948849
0.0750056100638496
-0.892217665923127
-0.143762408526268
0.164787315046763
-0.360774671344525
-0.0652589668106473
0.0915626214095999
0.513761540541047
-0.891216487042031
-0.894842327944012
-0.426796933518747
0.891925431994884
-0.982581676862768
-0.0855897408830054
0.673069878475672
0.785529479486563
0.762634088110149
0.620983229524157
-0.791385410062126
0.172575065767959
0.844294306227085
-0.10202916244913
0.668483826711625
-0.343114647041102
-0.611092766066181
0.697336462374313
0.192257160967986
0.61834672586244
0.460423651370063
0.973477735412356
-0.222350846400167
0.944869680451738
0.166352358841103
-0.935163737533071
0.0687290145881607
-0.69650976170067
-0.413145300985833
-0.538288009436947
0.731348310669617
-0.563451369044628
-0.0229442054437664
-0.813848319282597
0.91267187040706
0.586260591687025
0.0861284909613388
0.806918105697634
0.317645289699082
0.197253221663195
-1.01213359761709
-0.0237476727751233
-0.762270766936293
-0.151858949105101
0.391951601774885
0.852657093363869
-0.598080289790826
-0.238159704932191
-0.677281477122696
-0.0967038978563408
-0.935908133452393
-0.918573020263395
0.34896697508284
-0.785409556525696
-0.68332711053127
0.777618982297912
0.491112680879002
-0.438543338669476
0.457386885862735
0.125913269987287
-0.598071204597232
0.668059366272665
-0.234412571934586
-0.772604270295689
0.0920867778303764
-0.9267386624783
-0.233384067193776
-0.0725329690701798
0.112085070898849
0.215752973595333
-0.598128206736302
0.957050345120144
-0.96910185256157
-0.469301800913469
0.165372951316752
-0.999515398093167
0.962671501796846
0.0217495753637743
-0.680121209987277
0.466746703181826
0.111119039144088
0.169312306031725
0.0793823024979539
-0.806518073165891
0.802473375729096
-0.188773306801837
0.745109646337413
-0.831279111785654
-0.589816707047482
-0.715841085867528
0.389757708733353
-0.408859177561591
0.781607926913504
-0.139234735125143
0.117998642183357
0.648078871413754
-0.459758341200779
0.66671129034724
-0.622808686078429
0.244056766463475
-0.414842282095615
0.350359902817623
0.739959127939401
0.697785823699819
-0.233845614395715
0.338826309653641
-0.0594839725114619
0.889912229119692
-0.541092520503736
-0.975346858377563
-0.4036456517381
-0.625266160784232
0.836236457868602
-0.884171242593544
0.979708526156809
0.979287447249191
0.534652942609821
-0.98716974700247
-0.0673238149668168
0.661067313818816
-0.449171779072249
0.13635906598612
-0.792357611728739
-0.696693025160877
0.19152501470162
0.460176578899476
0.819945611889653
0.0864938001048569
0.217172617088456
-0.227705504291627
0.13343441591271
-0.373582831664831
-0.81590006914402
0.459022707215727
-0.615619507272832
-0.659629479465473
0.992141522315857
-0.555487355242525
0.0312577186910768
0.449138099712083
0.986047370095137
0.279363016387641
-0.696037169613825
0.209174301761402
-0.987508625649701
0.141026403816115
-0.615186440251467
0.575492263615134
0.0860153209236123
-0.0843867760077124
0.910646933495149
0.906543777387218
0.687027164603674
