0.72251006674343
-0.530186066527856
-0.275118637409242
0.462721169398894
0.627840050731717
0.848524105627722
0.147507516221479
0.387127876393351
-0.0200326967011088
-0.991296190814027
-0.740570279319542
-0.74988965353588
0.158369392468121
0.181144983292883
0.971317632199958
0.126019895099491
0.340235242150147
0.615868899963241
0.443758586455867
-0.202137965847057
0.764925773708912
-0.31420562243524
-0.158781669218198
0.632533377109728
0.90899378902961
-0.565766914371326
-0.667862595895785
-0.043090202185365
0.612966083224452
-0.0767371969749676
0.58906955773995
0.70796215710348
-0.0659921734507793
-0.722699434877667
0.697794085967475
-0.114782131584421
-0.215402243623051
-0.853974532120108
0.688415235621444
-0.010053105811238
0.188485070466008
-0.0380157355672399
0.732810380117023
0.980745437847662
-0.170764989016801
-0.0591190279277525
0.512562719089953
0.69885193093772
-0.413972359318763
0.501831027960469
0.170642853301531
0.5544768873931
-0.584687897284048
0.400425827157917
0.868496729297566
0.899930699795875
-0.304903465167928
0.727139589311149
-0.265445954049371
-0.785597210309641
0.000724918045699538
-0.449703503994369
0.0747737575458
-0.686649731987801
0.116549385870225
0.318974664270803
0.821566929934789
-0.938775422098609
-0.255349582694277
-0.896647165284904
0.0239231472528521
-0.836225063129835
0.677704365398535
-0.589968548504308
0.815966035873965
0.977229329345367
0.914453451090039
0.26849449105131
0.507577402232017
0.57760341160657
0.83140998261352
0.128624175907051
-0.950901327324327
-0.760316329442401
0.932030995189177
0.261058370388183
0.308081758787298
-0.259246396423404
-0.865459644158485
0.243140708296039
-0.839892056011178
0.505053042921044
-0.314439759144571
-0.917721427873495
0.0890334435947255
0.370692258904758
0.782333148462015
-0.272179733680074
-0.635815237843286
-0.739324558172553
0.744805716081256
-0.558915423761555
-0.559887401317906
-0.136786840747518
0.0581707042079721
0.494373376316033
0.00996801331103762
-0.833799323509417
-0.909251515215651
0.737214054379859
-0.390851317986539
0.41191439190627
-0.381276068998634
0.0527293877917359
0.564171596341861
-0.600043292401464
0.217028194086169
0.199366472944123
-0.887270173031759
0.296914039546982
0.366352439610238
-0.308906200120828
0.0254401154271529
0.761286632567756
0.688007276652866
0.465592048917015
0.0387286309299867
-0.0602982625010742
