-0.160149719870324
-0.0479909539428652
0.637354616612608
0.103573577932276
-0.366505865288503
0.283463711639806
-0.132228879639285
0.472485504748425
0.220217380068083
-0.642242384913616
0.321021400497605
0.948599713131962
0.601986813137422
-0.334288301479219
-0.0981401152015749
-0.191544254710935
-0.263458827901466
-0.151478287554057
0.508415036485276
-0.442321775514465
-0.879826992548312
0.508475827225051
0.708600787918286
0.674912324983514
0.968244660980024
0.343206036207736
-0.925569592070669
-0.0126874704640196
-0.603224813755383
0.164496665194589
-0.706929190308701
-0.563629387280048
0.0744820084012197
-0.826342976867596
0.460923365193169
0.199864765283154
0.933109939792168
0.110485600096212
0.845140593855968
0.118949427480068
0.918165954026339
-0.0777051177748466
0.10300226560194
-0.503840076239798
0.765909203183469
0.102653728890637
0.888860257817143
-0.87736399272233
0.928236905158829
0.823200515645585
-0.99345007827642
0.772283982676802
-1.14999158013373
0.259427385703399
0.583413217006275
-0.120894611119927
0.568419597899181
-0.820701308676569
-0.734022739703001
-0.106655827785525
-0.652213927623275
0.733665120763691
0.164078126826335
0.353437192836577
-0.481696004168739
-0.423445218972944
0.376948871567784
-0.97588013393159
-0.867807955105622
0.333521524663071
-0.810744415455732
0.747020387209238
-0.892053462050394
-0.318967782635865
-0.226886900286749
-0.835797632577898
0.833627405756906
-0.566028040640672
-0.300846965961149
-0.595129099696356
-0.609174672214055
0.119591473726982
-0.0431483401294357
0.392385199648546
0.420264992861678
-0.824454239445397
0.486210069152478
0.210149712910549
-0.878110361149047
0.696842780911001
-0.625690179041912
-0.435291308542985
-0.132007864318637
0.756030978400817
0.269888527901872
0.329403097786882
0.932734426042067
0.300372489967417
0.099511882883558
0.586879001672972
-0.511206647372454
-0.287345381353225
0.847124252473826
-0.00849879164887657
0.0431219024031138
0.273771663833758
-0.775697102700289
-0.722181148527178
0.451618954820403
0.661468146428904
0.427901688281538
0.483421184275236
-0.844075933379295
0.95486300061747
0.228765225755819
-0.111680962826753
0.247046655536949
-0.236778640285464
0.219763837661852
-0.84191107097288
0.245739407712063
0.151759282690051
-0.05377797436907
0.250218076455797
0.864198449537491
0.830114474216903
-0.426388436777187
0.611462932905954
0.243766181502519
0.50240941573513
0.822951737814973
0.633426995466751
0.702830306837258
0.050347514967889
0.247365707477024
0.304312133238012
-0.760080559499937
0.148283278338211
-0.0690908102008649
-0.267335194478011
-0.601480980114359
0.206797134760303
0.420792245398839
0.538686395518857
0.883666985097019
0.0990310390909181
-0.600776748269744
-0.405201314448755
-0.946416016372399
0.487067947951341
-0.3208539634828
0.168367812222368
0.0782358362851599
-0.408041914349012
-0.54887962622975
-0.173089060086669
-0.474485971975825
0.580398076135796
-0.354758914230747
-0.0688305871094911
0.875433435599034
-0.208372650981297
0.46657820123166
0.837751283976416
0.129336611656489
-0.384970660201484
0.82491646034049
0.432165084309473
0.788345402856479
0.0111301541935506
0.893916047964192
0.49693381731002
0.564011271572163
-0.0782697354205076
-0.00649195731483566
-0.435928128414442
-0.641118837892513
0.166916432543584
0.152317115047851
0.787684407851262
0.304524758487979
-0.696702506168692
-0.0883835130402659
0.680329609955789
-0.0278684939600634
0.0621501043699567
-0.219186089141491
-0.277470499994984
0.790455493249107
0.90818192182206
0.337927895228687
0.623449150690851
-0.799378521904885
0.0550648112988281
0.114403830054942
-0.68218861942092
-0.388968646611768
-0.464675190537808
0.363801304887403
0.289911031393937
-0.721488962956913
0.694266851594416
-0.654931114121939
0.403526571186033
0.538025401900412
-0.192160940581323
-0.945791575990163
-0.526079040409197
-0.820260641586134
0.429040745526862
-0.09737918811276
-0.153401477338935
0.704995256417454
-0.480226692109338
0.515484293310034
0.29655537564847
0.472490447449552
-0.854141870491766
-0.379356526541996
-0.333708685420191
-0.971393585344376
-0.602917553178634
0.284491467878811
-0.587716659834343
0.570934825527266
0.2525451067485
0.0518344835002737
0.82828085593565
0.909343420563146
0.852071010756795
-0.771476600420218
0.943363784351082
0.143719489039338
0.724824530397397
0.662279973699039
0.352910005039491
-0.59125280980267
-0.32290035081138
0.474141386173375
0.51481990394605
-0.575388192306858
-0.757658329835786
-0.185509998066408
-0.220251715980105
-0.0227497783865613
-0.369083651554551
-0.977229370111826
-0.357207827750661
-0.711814167809507
-0.601702014646562
-0.516876713742972
0.830967453087793
-0.699263380748191
-0.0148690826454136
-0.577012687519782
-0.800977262560854
