-0.681457189374216
-0.598591327254756
0.638981808526486
-0.0135366291130353
0.739234370807783
-0.668815274746686
-0.435465496081125
0.449646431899002
-0.465793995492871
-0.839987402678028
0.528098174136222
-0.763928460381158
-0.45905405637906
0.437996651015071
-0.408860431785562
-0.953120993125792
-0.425625121233121
-0.652097414062623
-0.876899351616726
-0.481170067952271
-0.202640856840413
0.667652184613293
-0.170531913780532
0.858561302526961
-0.305525362159723
0.86570424384865
0.927568502850688
-0.296941768661702
-0.429391172296754
-0.975341474855832
0.3229860666297
0.187188220472362
-0.951756888573634
0.033887444590353
0.116027606157628
-0.873215680182849
-0.208364550919
-0.402196666300956
0.165093405573323
0.701597991942002
0.681835118059634
0.0124761850225775
-0.197463925011833
-0.77342955127825
0.228050138186296
0.00517892444512392
0.744123009744538
0.274807588601535
0.371506283422549
-0.768030453771604
0.905860712186645
0.620072219060736
0.913260249247351
0.370707722606772
0.474447339094442
0.787894100589178
-0.728957128059769
-0.932676353088264
-0.366124788248011
0.947394458718559
-0.292322105542011
-0.231728237453701
-0.0734913488125921
-0.404492390930943
0.554627326114825
-0.721983656996576
0.0389959719164058
0.190198779699157
0.662965100547701
0.316673980189754
0.636225807544933
-0.26669205858232
0.153846857281068
-0.551633780298107
-0.634323856492017
-0.475207027547278
0.683642848499398
-0.905031627821571
-0.140403391089395
-0.0193705812197399
-0.408646875048897
-0.295037265511367
0.674116456949944
0.368254675764659
0.164657285345574
-0.896995274804803
-0.197311771646275
-0.813150089815224
0.690270753018091
0.991894443751568
0.937771562149756
0.166901904361914
0.0259579532090598
0.352840157842995
-0.113788210702475
-0.525913691129623
-0.917149318621257
0.685283442800922
0.982996258386937
-0.985224021983517
0.838027920411167
0.269306906914075
0.852807169002208
0.905877417124091
-0.0925148959762438
-0.60761640438438
-0.583155978213308
-0.449125658775866
0.19631458788102
0.0225031250018809
0.377760277841214
0.398817755000139
0.111430111787695
-0.062546779805932
0.405329978118612
-0.699088114511132
0.613687974257494
0.0171145008322979
-0.471952953577003
-0.961597894685466
0.300991529954152
0.430465320689066
-0.225559912370291
-0.634152963995807
0.549506054324513
-0.366958689798266
0.992336890667929
0.182673070177046
-0.351882288785654
0.161874467476598
-0.465537586649165
-0.786290942596114
0.495590602955523
-0.207801562684303
-0.997164258232504
0.0636532819510728
0.139134597861222
0.812244816888965
0.819275689843179
0.594943819282897
-0.177943307247842
-0.43329094721268
0.468346946522818
-0.894881812257637
-0.446130481546584
-0.515314100590316
-0.89935072464645
-0.0644799574318111
0.555904949437241
-0.259486866227169
0.0603615385010235
0.146704888627531
-0.491304117538386
-0.181858342462307
0.182685509440952
0.365294646709383
-0.98636127634457
-0.520213784045308
-0.957417252951538
-0.0313965071436551
0.235612924007711
0.570277223895848
0.583365805393885
0.896114687536619
0.700852486893711
0.00668217495165127
0.0998519102249691
0.696708112743969
-0.311321866250899
-0.527545277037989
0.709222160003402
0.012347724041245
-0.00357920326127063
0.352944155739164
0.772231265494754
-0.0482807323258715
0.564000285781441
-0.182607219617884
0.838639380696044
-0.790316560974624
0.657248519860124
-0.59319555387163
0.451098880806297
0.118326493688231
-0.286394704122278
-0.340466803573198
0.231937260649367
-0.0468424949929932
-0.61820549043529
-0.636212234945044
0.334770391052545
0.047846233593585
-0.743035758431078
-0.607386831685374
0.723382791534016
0.796895227722283
0.668463043358082
-0.780120374551469
-0.458986904012416
-0.580633302036691
-0.0462511869760394
-0.453869220235385
-0.250813616386598
0.825942127390539
0.395501390729533
0.538965165870174
0.134490280122495
0.846115179833847
0.125600968670538
0.620475567624315
0.856779183165916
0.91809448852858
0.319407426000371
0.0685078685495371
0.847367608660178
0.752669190120688
0.453885575392127
0.266328638050139
0.400157468577729
0.622993212098771
0.999519288230674
-0.936834979080045
-0.840817818782642
-0.537191169872222
-0.870196433620626
-0.416884458044018
-0.871434442513077
0.621474622144557
-0.757808162088809
-0.364927502382709
0.423696648977693
-0.396264885853091
-0.708344037493289
-0.218660111747456
-0.990184474992095
-0.729012389626728
-0.123786044007211
-0.750987702228265
-0.121094974732663
0.237903774624291
0.366401719024202
0.973781979107423
0.716332520260766
0.509504219081571
-0.150778181918746
-0.154014414566483
0.611095887848777
-0.981510583659806
-0.460288706698105
0.583337164934513
-0.267898063280967
0.763100638434112
0.605241172850266
-0.581090681323639
-0.318122671276668
-0.978515348871234
