0.332765952929369
0.667264985562604
0.546453282761062
0.811262285882567
-0.557253950407276
0.917895634081091
-0.851996582283471
0.221480048580304
-0.344336866164749
-0.603590815661569
0.519805300110142
-0.597238056960324
0.504713179916507
0.954636507425901
0.101146727729668
-0.0417098696519077
-0.885242891061152
0.589409588937858
-0.456843616171111
-0.241016302178861
-1.03009167181507
-0.333258474898791
0.669935696046535
-0.396893358656628
-0.299947958473797
0.850646356783523
-0.470426823763471
0.678735487439143
-0.178840360675582
-0.839617325802518
0.460451525176829
-0.554542929008788
-0.300358801541163
-0.450098927553416
0.231715167451445
-0.218035196380841
-0.684336031340933
-0.2525988930511
0.206341451750903
-0.0878053697444143
-0.87083109635926
-0.633785629673915
0.226718750744621
0.24801790451999
-0.0343176180583226
-0.434437541923518
0.332717200432626
-0.286961981205579
0.282000328890583
0.190788279704475
-0.540523507759491
0.94721255960293
0.576439913431826
0.721995962190107
-0.117479061886138
0.208265966766849
-0.276128276764201
0.539068897129374
0.679719776046937
-0.385564174191062
0.822264773023702
-0.027293994022693
-0.245575112175297
-0.101152260311697
0.837893930939027
-0.813828663638617
0.327462215685726
0.799872749456524
0.453820430603223
-0.617590548404486
-0.333763759508155
-0.912533102779532
0.779563548001641
-0.186910488700056
0.235361381702976
0.145467418238
0.73290978001587
0.751945062255092
-0.0318323569541764
0.896548516540137
0.566994983223835
0.108646010519494
-0.341429305833848
0.876340822271562
-0.498114774705083
0.701025495872909
-0.888772341995547
-0.324497754585399
0.631632830489789
-0.00620703418127263
-0.318519315632922
-0.667264005471124
0.679889288234202
0.651787534644292
0.39346659598685
0.719929674208615
-0.0276116671211171
-0.737373143515528
-0.808453235277484
-0.146990626360168
0.195617292875576
0.939527025085632
-0.758900771245556
0.753560009996894
0.279754780734637
0.0590060178154922
-0.856447844259899
-0.173800597584446
-0.610875969506434
-0.317565964016605
-0.596831968063288
-0.66354804095082
-0.711474749865946
-0.249074503229278
0.455641187345491
-0.174084126795606
0.232180788316451
0.442553029987996
-0.627324221708659
-0.257227802829629
0.0659383667106452
-0.300809691525919
-0.357104220326227
0.740141226060183
0.0282039606016995
0.930797367421026
0.72786005297194
-0.599622723930421
0.782066160526743
0.941876539745809
-0.363167176888669
0.856479306874802
0.891040962366685
-0.09945896341963
-0.152032014653642
-0.338697756925725
0.900435049893273
0.497190241851618
-0.295299430140808
0.858493397212818
0.960923932243241
0.712065630762829
0.85158300120965
-0.845664799694184
-0.621062218064444
-0.0181750137218395
0.32881562685033
0.00274060927733406
-0.588124244810908
0.603436504679097
0.79973064707293
-0.278794782838962
-0.825338829272394
-0.429960898476284
0.377499220953719
0.713056112033827
0.320123907341671
-0.257899763953194
0.292295958877233
-0.461856234213976
-0.777269503472099
-0.129029577562946
0.182021484088956
0.770829218491664
-0.485327276089437
0.687359948151019
-0.918983235733219
0.395327816277468
0.335232369064669
0.745940504702396
-0.192680422543725
0.526247071686945
0.525352650596305
0.548987366743693
-0.251027287680215
-0.100243274245568
0.563631652140168
0.349957170596043
0.546827319864198
0.349693463281018
0.31701921064622
0.510434474933862
-0.992075591907978
0.931332540560959
-0.340341508646197
0.156082266185534
-0.541231413246267
-0.272881137887269
-0.979641799897378
0.0934738256107317
-0.936618358589076
0.185173552412058
0.937404323434594
-0.560224945317073
0.971798144070778
-0.0708596170652748
-0.210338092933888
0.265635552120777
0.150161269792853
0.162085278038571
-0.742227565863861
0.397039187762955
0.487482036738618
0.186814893201178
0.0252662730944428
0.758704101409361
-0.43044347813164
-0.0337332085211292
0.448588892219862
0.181718472450333
0.537652512235538
0.716785074148191
-0.224728919258141
-0.710009170423689
0.32430820287457
-0.49007969953329
0.164934932386271
-0.434792687145249
-0.204797665140532
0.42447072579536
-0.621959639832057
0.803142346439292
-0.75843614399085
-0.129059928323411
-0.832176791511497
0.471491006177153
0.292114340114205
0.680156269278079
0.559745106435833
-0.299232288230994
0.820600183490525
-0.788719440661935
-0.281015442814545
0.803926876686876
-1.02808903830048
-1.00494082979869
-0.0178593212800507
-0.00237041700524402
-0.131209613949746
-0.34370668437204
0.260604421976178
0.690574668753729
0.0310314432460427
-0.0150629052455538
0.00236119178900557
-0.551383280132665
0.649634500844052
0.920656012241977
-0.383269894830638
-0.859987785276779
0.237190528112214
-0.750010327587426
-0.38698774425746
-0.918609545290238
-0.679063709650256
-0.91955615927696
