-0.105067908456679
-0.865551484114671
0.175992434969359
-0.484558230643661
0.11231840690531
-0.490345493405843
-0.502051406258616
-0.00961040263956603
0.241368564289584
0.147018589988122
0.519139022394247
-0.0842688802851402
-0.393250948534328
0.368085524613245
0.637757773430151
0.259163420947249
-0.410893915916999
0.813825864339501
-0.227715920704709
0.34517073045867
0.741401729588671
-0.271478529015301
-0.0342653800373104
0.375068664469523
-0.613369832133788
0.0558438339502933
-0.176569387316534
0.0489175915292909
-0.703928479555967
-0.727000701787315
0.029299259715339
-0.382780126837404
0.37689065141719
0.1558912787012
0.250328032150918
-0.847571652439929
0.370392982108418
0.241540599612424
0.308387540066302
0.15297335687217
-0.779878421860723
-0.516788136574745
0.793131144384926
0.727870001510846
0.339623835075027
-0.615004754945416
-0.552987815675945
0.851591909363502
-0.815027585630803
-0.0808901136855138
0.535938341843638
0.376290096047205
0.68727747935993
0.154110870073301
-0.736845557091314
-0.930625064116011
-0.661566409767054
0.678099546357783
0.223796646208498
0.476427087153042
0.766146831650095
-0.0110629707856913
0.25738233879701
0.357663068302593
-0.772544205160136
0.238985795969395
0.698121052063224
-0.646575641490931
-0.380827747236171
-0.508696990527203
0.261309316392129
0.928863946018489
-0.953246410341935
0.834775741512781
0.329569839199931
-0.98694677139999
-0.418438048202785
-0.438909562558378
-0.517108880494635
-0.276701715044801
0.522064195500294
0.139185051529402
-0.500230977196585
0.398105712528446
-0.919183354349352
0.567270440155227
-0.952020097660765
-0.443795160120239
0.438828932787768
-0.581424504872524
-0.980507585111293
0.750333472204321
-0.707976939559593
0.33115644231176
0.257107647405692
-0.966814587714798
-0.400663094767341
0.75340687104292
0.366770048747344
0.697961273140683
-0.130531909844768
0.691729268916791
0.101399057183412
0.30228207859414
-0.605147754282563
-0.931472376202428
0.371495155223446
0.809155103406025
0.513282949522245
0.719503580333403
-0.675852167871486
-0.124961546644881
0.547174751431992
0.325609130566227
0.0112211506099779
-0.159740266616137
0.345420087725292
0.167357983067895
0.128510084692669
-0.308860876286986
-0.89427599114443
0.0983925072927332
-0.471250731709409
-0.162155983395473
0.57514218312494
-0.297554196229558
-0.02056107907429
-0.743405626495572
-0.518335979266371
-0.829254872452458
-0.0483913967566492
0.619368166512134
0.4344396433996
0.663266247185694
-0.0806093151996105
-0.9352994984537
-0.493686186114527
0.137430132081358
0.888423610934638
-0.182929529619273
-0.267132642612014
0.101384482001645
-0.709954811377132
0.178284043034538
-0.865384214074851
-0.608828019238673
0.0613266251176145
-0.252951598460784
-0.784517976365442
-0.725340242390682
-0.935769375502956
-0.653964603635488
0.304221630871677
0.416766797587593
0.773046157866595
-0.146277210581166
0.806778811392672
-0.833081916417927
-0.796231842468178
0.119082498893322
0.600700927771043
-0.631014410805568
-0.491544439585454
0.849111156300446
-0.132802501495893
0.544755959457053
0.811321231668795
0.00940996187015388
0.582234871609911
-0.362594005339785
-0.0362446471347487
-0.082814257680138
-0.456566863101882
-0.502576105501189
-0.125381075145146
0.161007473499556
0.844040781587772
0.28966512864367
-0.976713290103515
-0.735197879776918
-0.760293699496986
0.481053972395403
0.197954185945937
-0.0379484951095843
-0.0610577837300306
-0.532353051742377
-0.085466089122995
0.341417996504161
-0.396111301179842
0.40811120793574
0.0896564644479325
0.252591833688119
-0.512521582541508
0.16041219980215
0.784972732374908
0.721320640250636
0.588754161597666
-0.121233967942246
-0.8358990947596
-0.135351851311313
0.902265142371055
0.948892407414874
0.245011862704945
-0.368669687112519
0.0752913654932089
-0.0814405075851675
0.611978435470879
-0.564666644307455
-0.774240803488247
0.598541533163912
0.56836384464497
0.0567745270002318
-0.584166402603532
-0.129711974642011
-0.769934908020412
0.62306197146879
-0.668418351660784
0.20004995477988
0.396736470513972
-0.432797347015444
0.868245181602489
0.150676588811176
0.0691109141034135
0.0570981902421114
-0.730621991332932
0.63534424229742
0.180850699347143
0.288114406654332
-0.665332082104417
0.165023266324908
0.00708621017457021
-0.516239632734755
0.823691612894456
0.0894750638179935
0.213904089402459
-0.445913825464315
-0.876745868911895
-0.662843388377033
0.952614090748558
0.553999468544741
-0.469646046218329
0.922997732320746
-0.238708498000751
0.288101532772433
-0.317174257565678
0.441095627121294
0.284410590954707
-0.0672032364397488
-0.557015271322472
-0.125921562022858
-0.145376125040255
-0.145681623050511
-0.128709606852258
-0.86553762502892
0.102099374636701
0.502687220206022
