-0.914182832983528
-0.898153656387541
-0.879929619460656
0.217134294640003
-0.931930149915789
-0.269803795508622
-0.544725973468225
0.258329545109963
-0.663552683304347
0.99099112022788
-0.325315663277207
0.388644013215856
-0.960814547280508
-0.73588415284792
0.866755678080099
-0.414435338499485
-0.38287920505429
0.221130597148304
-0.708490267108434
-0.458824509464272
0.318758790402026
0.494074807806695
0.92204399175267
-0.0490672737824724
0.577808400380928
-0.350408663683311
-0.614196689876912
-0.100948165025946
0.434054268557221
-0.331067672203699
0.275607587452327
0.0341983169990635
-0.0544148481731707
-0.542163062303928
-0.578047869952038
0.353718708133123
-0.597435380819032
0.251984794619083
0.975241411108198
-0.196678763751521
0.673540195209062
-0.0972751891610193
-0.342269052749938
0.889437901551808
0.346222998437924
-0.024541381398619
0.728191499872581
0.368041431953715
0.55535717307646
-0.346167836628874
0.57715374576095
0.921921677156075
-0.85365671256625
-0.769245758404468
-0.693738374169473
0.823774229779613
-0.30174467818912
-0.276382374720917
-0.871173783691359
0.565135668385021
0.399532164522865
-0.544152704688238
-0.729669714579095
0.460524814880772
-0.0225265937684224
0.95232587284788
0.4308874413825
0.718521545437642
0.232244560796485
0.654478774259524
0.14563668704605
-0.678854029199093
0.3136481035009
0.501168641861747
0.09126328439802
0.137844567994933
0.202837780872941
0.404372755426769
0.415259202283291
-0.18083503122737
-0.185392114344486
-0.449625467448351
0.131054795437853
-0.984070187485222
-0.0823861724838799
0.920572203815153
-0.182063066126634
-0.225360750140561
0.835843508696035
0.859920971660169
-0.232354500739646
-0.974468176776617
0.560855691011524
-0.357177517485567
0.386745081506458
0.305155224251683
-0.127439495878572
0.752128342751299
0.508233887505227
-0.440665626077979
0.528034434002067
-0.377103119808841
-0.909073048734804
-0.369212312996873
0.73512716767722
-0.127014816598085
0.919427069049852
-0.49380422641503
0.408938671276312
0.122436107624086
-0.0819046105210629
-0.194559263566123
-0.90855446971326
0.350671809106535
0.738914799508668
0.593331179767403
0.705087563567494
0.426830768890908
-0.632195864779965
-0.773569514816423
-0.526234573186544
0.089619904403958
0.205483225867786
-0.231491064287531
0.584750469809525
0.0791378865855063
0.337207746845589
-0.219106552345501
0.566812937101761
-0.286007179640032
-0.883056244217753
0.77178006893008
-0.560756196986065
0.179193422452375
-0.0120399622420103
-0.929084016433227
-0.578113060751452
-0.388470286338183
0.58701669459881
0.17486877660676
-0.526459941540131
-0.456630597022891
-0.521989600104822
-0.873922352738987
0.330365681051379
0.87022434531076
-0.456198876058703
-0.82662368212707
0.484735670607331
-0.426323394345224
-0.438704413273296
0.0105768839037106
0.00933528611116085
-0.31705254742828
-0.846964037921546
-0.462580207295709
-0.590943287620364
-0.0872219341944173
0.946370681703517
-0.489015600055718
-0.561532293766606
0.197661693465719
-0.369811961956346
-0.264379588315375
-0.798816074068006
-0.733124859147366
0.324631788287624
-0.403708237237709
-0.452272708198715
-0.841335519148401
0.0543901553080913
0.200806409884793
0.722765197958219
0.475678850608654
-0.583331545823393
0.0611599862215086
0.729227579499145
0.596003052236752
-0.52077373767412
0.344831263724643
0.393187592764081
-0.167405556522264
0.396069371214266
-0.558218137717368
0.0526151800320028
-0.966118895572684
-0.809896062327802
-0.69591945426523
0.921601280735898
-0.690885423870723
0.860043868119038
0.964277776225539
-0.995809727395226
0.474243329288015
-0.784812683756486
0.698480109542685
-0.561196217292588
0.113159639932541
-0.882157913825429
0.123817715856019
-0.415321623335838
0.715303005168174
-0.382445784434696
0.365505268686595
-0.224825239403019
-0.45773657794103
0.818512909127055
0.460374664833976
0.966729112191759
0.546497132555881
-0.804929856655644
-0.208123793862951
-0.701051627416204
0.13191282903557
0.946088671727048
0.875604791510421
0.161704698939465
-0.18234266667462
-0.583649671220642
-0.573598921587289
-0.726927291538733
0.848961347939335
-0.210327110242577
0.138998556095649
-0.20191588553093
0.308980204854604
0.635699886670252
-0.28884161066938
-0.457664687381919
-0.961602125574202
0.135740987587859
-0.864742753360216
-0.00171991237720564
0.184283416626585
0.581772127580927
-0.480280582929218
0.0311064748511639
0.30233719415107
0.800003334310107
-0.458485454752353
-0.337823213769403
-0.240108980905266
-0.968633038631505
0.93912491707005
-0.139051297916828
0.132717319226303
-0.307594275881029
0.0747464924072545
-0.439747954430391
-0.138730222301844
0.471275404422305
0.98462193898928
0.489891743508646
0.22872038066325
0.377855286731355
-0.456922662289373
