0.620935351541637
-0.208605103388137
-0.406610701505577
0.301912135092928
-0.0663745780625054
0.109576562749151
0.606401541156341
-0.57656386905778
0.982162510813406
-0.0905855091199658
0.84898392692681
0.906724185188248
-0.757844750472139
0.949795678326905
0.768633333997349
-0.528058149960673
0.879735344406359
-0.448795370538367
0.251900925408188
-0.125091723310701
0.95615288664184
0.264373359970766
0.580685520402248
0.551720498125747
0.651869235462494
0.238497483800849
-0.309988481995024
0.765135536761677
0.423010517418133
-0.741091639736129
0.495205143625747
0.435496439380759
-0.0476366870717536
-0.191912921864355
-0.448483786812249
-0.0643302132641921
0.749350665458015
0.508947484594642
0.962142444075423
0.0142951873252517
0.795734874662002
0.356884606618971
0.926731129448703
-0.472821720805707
0.893018713100902
-0.670259090674096
-0.69628959896667
0.0968018173643853
-0.622399135584574
-0.105198198466357
0.952800865528876
0.347669155721758
0.48897841496092
0.837634360193357
-0.793262367208945
-0.014625055095677
-0.974950352256257
0.879744348384533
-0.702032469983281
-0.751549795021648
-0.956975274113563
-0.280386745283621
-0.0652784266101785
0.10856866184041
-0.19377140931012
-0.510703204517176
-0.583693057883283
0.097807836050594
0.575443029602628
-0.960745120659618
0.646478823628237
-0.0373419259194886
-0.904341662599594
0.752289529088697
0.640212294917712
-0.170086728255931
0.806794638307464
0.122259586452449
-0.0744385133942042
-0.0114196522131957
-0.231953012242223
-0.00743061075247977
-0.552829408503662
0.738014858058491
0.379526938836217
-0.673064477769054
-0.495768090861422
-0.764514510594086
-0.312255164093317
0.167073440092764
-0.547794231337877
0.579339252116881
0.256009184091883
0.831931291472523
0.208259040611575
0.760833068495668
0.9840021685835
-0.436252368439629
-0.160735283738883
0.683296201223419
-0.647012938586181
-0.565150641616362
-0.877293414808541
-0.320409736995501
0.25488180097524
-0.488498427560861
0.509328830721561
0.512905071633118
-0.0258374711829749
-0.031238703133858
-0.680784916572676
0.93252432318312
0.0986852072106877
0.893668048284209
0.682560662176368
-0.26313064860348
0.961854097909273
-0.948993948655076
-0.285568450236429
0.872069817724919
0.0408287510616594
0.511372418800038
-0.147424542883127
0.778900937179701
-0.874862634061297
-0.140905221123049
0.866752920688022
0.33796627686199
0.430011878838868
-0.722240971611005
-0.0560005163316287
0.239348201718927
-0.673619651829369
0.702696583781517
-0.669168593714917
0.177013494798482
-0.085017111260751
-0.195339916648986
-0.653375039545455
0.603979104978273
0.755155350370937
-0.651315514424608
-0.5500475066336
-0.214232466148716
-0.0470878409187899
0.136662793151298
0.760677283523182
-0.999897505968375
0.502453714574889
-0.394071891159032
-0.865397572384595
-0.114201886411462
-0.0117807626308307
0.336823151355467
-0.233260660468741
0.139519108236166
0.814491169399853
0.556499695019603
0.957351909191817
-0.720401403820922
0.259260680689651
-0.664861198859605
-0.350094452705029
-0.185014967182067
0.309578416369176
-0.696257787137745
0.238066864730022
0.64510163106182
0.770498070915965
-0.181666602743934
-0.202149792948155
0.806637616033881
0.0285820005053757
-0.447903869903096
0.53566599467133
0.0333699469339798
-0.558070122649412
0.642657713171146
-0.143152438763269
0.789615939173269
0.221532911531068
0.0410919048840706
-0.210910920312189
0.926757401198471
-0.560016291980881
0.8419870085418
-0.354023470668895
-0.000897195940311587
0.519587760649158
0.102284907219355
-0.724347018599706
0.131592469897141
-0.698097550735902
-0.606551306224378
0.868413298424538
0.171033621577777
-0.647740677242467
0.540773244726643
0.653625132481914
0.654395619093624
-0.976456599425388
-0.034116274068041
-0.613755354116985
-0.525108169654056
-0.362835966209258
0.903723049757833
-0.758008035245836
0.0383020847209943
-0.32606209319021
0.286459076378615
0.606618247482097
-0.594118701228694
-0.135784806846729
0.461832771618289
-0.615465615321036
-0.927506181499892
-0.583670063629463
-0.866215876989243
-0.130121891211377
-0.154926451608876
0.286673250502667
0.193210295050047
-0.659651739436128
-0.173369479152289
-0.725111809656527
0.293514732937369
-0.436744020559015
-0.0475938840447318
0.541144311440347
-0.201580859105544
-0.824619428721347
0.486629957448457
-0.504475493235388
0.87111542452161
-0.399185563709349
0.129981127887237
0.253242173896113
0.0738212519626822
-0.630517233023803
-0.46383631612338
-0.439315181342917
-1.00945217576073
0.492589606653425
0.0519023692028257
-0.847594051185733
0.30673654152033
-0.582228166988676
0.39099136256971
-0.19810813482018
0.379308279960087
0.270365900115734
-0.819708883322513
-0.378605367560867
0.402357826964454
-0.525836670078286
0.44780427496559
