0.232911356532538
-0.38204748589649
-0.49020815793003
0.210435404607837
-0.474889431896755
0.582170527048728
-0.404004853505032
-0.51446964536093
-0.456585919279191
0.113609164466389
-0.917488210643696
-0.0627101249316213
0.0194150036916182
0.0762869911870069
0.0604620871533962
-0.0923249505275385
-0.463427115821715
-0.745112252954927
0.134528447716531
-0.0213752656568782
-0.0825231024880621
0.647657879888229
-0.857864520767256
0.526423497803742
0.465689892591406
0.308200554239964
-0.0331533670038222
0.827047755473088
-0.774760674467792
-0.241413711957564
0.434483751030225
0.756208552047998
-0.654587478257871
-0.843588017338113
-0.17326509596311
-0.0052349534707703
0.294073737870814
0.609348562166749
0.743993566350521
0.850308723508305
0.674964906154049
0.381223077527718
-0.880051832359866
-0.374027075373573
-0.881018659900048
-0.00652417801441962
0.364482079686634
-0.856560339954132
-0.657786025888507
-0.739028472853149
0.906473335873303
0.72850398094714
0.494215679175433
0.866502352457823
-0.0227794749409096
0.783143782596694
-0.158824910019924
0.196288496462216
0.536371313864456
0.751077260795831
0.699876112768846
0.400998090793111
-0.0627541797298168
0.0491305560368138
0.247598194972516
-0.883326734018716
-0.208954879969876
-0.153905839323806
0.139986983911745
-0.434992749090729
0.375706206125657
0.468197456079022
0.353932387192501
-0.657901496464373
0.598358922640017
-0.655638157533068
-0.537675576031392
-0.25475080547451
-0.475845053348129
0.906216929901985
0.733594609460729
-0.880820816612674
-0.818266995911257
0.182605162010516
0.299416732950025
-0.168877369821438
0.474356509418466
0.480798487189547
-0.897456612761481
0.00389846071457901
-0.761682011432052
-0.595583363365117
0.126859010924529
-0.510940874805762
-0.421714103892688
-0.483289577066067
0.725424153897389
-0.418802147533728
0.886310783827269
-0.30959940954392
-0.514023574158292
0.847136034917171
-0.29405214209548
0.696642846041806
-0.075886921679156
-0.987210770577184
-0.428633917188904
-0.174668896985189
-0.830932990858517
0.613773651719639
-0.342391509598583
0.612398606179955
-0.175232887227937
0.423706118841628
-0.90876315336846
0.318615517108989
-0.167146592454282
0.439166944332764
-0.0646626308709974
0.816918144935002
-0.0296750249356537
-0.357650612251955
0.0751570792338292
0.340640810517048
-0.092252123388282
0.225057841138395
0.0716168933990361
0.190642477536244
