0.979954388470366
0.0715589260394611
0.374941225121357
0.681095061737673
-0.470166046175204
-0.0398139663611466
0.992395277789002
-0.146616072922407
-0.876604873930497
0.751793150720207
-0.86032164304295
-0.0321169483014593
0.283248009747865
0.182600108397632
-0.513787324816863
0.132330074653181
-0.124168197094854
-0.973180492603139
0.913066137286698
0.327633622696601
-0.561115896675809
0.140268583951653
0.560613676047286
-0.843388609872387
-0.176295228340872
0.977048841185691
0.352960965558381
-0.6077513312863
-0.272715676097039
0.762008716187015
-0.76177716305868
-0.673225534311589
0.824348176768657
0.345187070529679
-0.262843048361389
-0.232189839692858
0.196403830815361
0.394309351685115
0.347562981101934
0.477023300925112
0.438368812595134
0.52098730500843
0.602374876304835
0.501423015006692
0.767702800004503
-0.0410598504164968
0.530682902956003
-0.145013343510944
-0.745366975155241
0.0295740343757144
-0.75475080148653
0.854386984600037
-0.33510917536023
-0.31191014130368
-0.239835290852827
0.571225928701908
0.214795929495288
-0.822653460664698
-0.787592999974709
0.272512579124296
0.899270200779057
0.230084178077531
0.00937946998776016
-0.966526315650156
0.846287961380336
-0.359202697837824
0.330275796252013
0.571935388732381
0.920758124768214
0.44077511898126
0.739890314249794
0.433978353421669
0.87057522036088
0.0403020069348993
-0.759518145080401
0.510898878265129
-0.0395794200821006
0.451071500935456
0.669640714364484
-0.968353473458712
0.207864343783792
-0.745396508373483
0.55430191725174
-0.109968463750187
-0.765069332869146
-0.262988068086572
-0.910376222945688
0.708711610995377
0.797665073713105
-0.896491459635887
0.562515993495306
0.787252785574698
0.740481751173157
-0.179561198550157
-0.444117905475776
0.61582881891015
-0.50591934168855
-0.0373746733193405
0.0367335528872677
0.340976904410819
0.478108863931282
0.641755383035505
0.375945553371023
0.472233164490562
-0.837860860952007
-0.76765891970613
0.0988001846580213
0.210123748756664
-0.982603011430385
-0.154870359642063
0.855839129071599
0.237304986808783
-0.813029714394044
0.111783327235063
0.752296425724402
-0.823781795483194
0.0619164066596833
0.617453441926873
0.755367604376629
-0.800549173653726
0.265100618655402
0.872869021145273
-0.0434423669343196
-0.745977985624379
-0.729564449120799
0.621189644906971
0.898940360590678
-0.856577165502918
0.117696571624519
0.751628309142129
-0.626472132272916
-0.797580133920341
-0.55777846625291
0.938780922045938
-0.176874332247723
0.434419759135793
-0.523322043265827
-0.914005365327209
0.406407013298765
-0.798067093246565
0.347587996476902
0.744400509673951
0.728828057552517
-0.978724882055697
0.0463056675162876
-0.147994377969078
-0.876144431496354
-0.559027334945956
-0.510679037075638
-0.453007586737831
-0.664470690131325
0.413489626008533
-0.00226805791010979
0.690158812378165
0.512390222311452
-0.0174460082870555
-0.476382248598626
-0.984070177367856
-0.598037057102446
-0.174517916189159
0.264702231673289
-0.22810809192292
0.90665377091509
0.677612992813163
-0.283099737493508
0.0170573608168944
0.68098822377911
-0.885448626485849
-0.49420196768138
-0.877229335717378
-0.737409855496491
0.315354839450025
-0.0643269192321954
0.440333487475419
-0.565733089033906
-0.767491931433813
-0.904212634357901
0.542958878763175
0.652509249720878
0.709935919089908
-0.3267096249893
-0.410229397786163
-0.299863767984418
-0.733756272640873
-0.327007881249808
0.921992284212456
0.464922378503144
0.793060324160671
0.998023489174498
-0.0273984215423424
-0.577842100667038
0.287503061649176
0.175460297488928
0.589239229039748
-0.475093884197839
0.188982669056338
-0.644831994713612
0.0848819125462306
0.338205766184444
-0.737964444563075
0.325788925341001
0.995731760050895
0.874921563291398
0.02199275084812
0.961744402897031
-0.299877739595089
-0.728926420177962
-0.398790928472185
-0.936909364218262
-0.793098083828793
-0.118983882627167
-0.402390943836452
-0.155759221703488
0.901057241986778
0.24085248861926
0.637718989460163
0.761601726529398
0.834189980148544
-0.804375616803459
0.42323512712055
-0.969653211011435
0.928934920459158
-0.654748618495789
0.171605479490995
0.419283573620179
-0.549707658266836
0.352570596587095
-0.822584050772676
0.226617620065221
-0.343484688873337
0.689638287777426
-0.513631134547238
-0.959252387761997
-0.253028567476145
-0.767867849856598
0.82520895546551
-0.213199560040058
0.906836607136891
-0.133377145207702
0.939651243233929
-0.78749706331719
0.842423389546563
0.0677693257668823
0.356384663284518
-0.928129005409412
0.0314194838523114
0.680502195828805
-0.847369806088695
0.0896621605876384
-0.310505268402521
0.110065347537773
-0.909799249843694
-0.760608265647724
-0.331206511396146
0.785091765469548
-0.987889484285965
