0.47599726649494
0.15031879618115
0.313607586262464
0.0367473366413182
0.541718882675581
0.272667653419406
-0.653178662068971
0.292958897915951
0.65306078269711
0.567315454218241
0.0695821791189813
-0.295231178290513
0.894509323316614
0.954148337494131
0.439514492239745
-0.842275921144726
-0.123096743349509
-0.0787349202502866
0.886298370103453
-0.820395401375451
-0.439756583546159
-0.559428183844189
-0.0846412334709884
0.503839842470551
-0.945609310063743
-0.456324697218612
0.940827897486073
-0.566793663731454
0.909256505216477
0.818440917450519
0.135010069528773
0.0594349894703099
0.345662667557831
-0.8451940063615
-0.0826616570406511
0.911216207339914
-0.614410896033712
0.250354950961717
0.654605710229277
-0.12976734689273
0.138978762787248
-0.0551801184858398
0.0551926843387018
0.585412140990311
-0.568733140769003
0.537467765346364
-0.898360306136757
-0.994584871682652
-0.0853682682053544
0.823896744038063
-0.0767972586687945
0.206434804895715
0.781798678711182
-0.410737671223207
-0.135902291654622
0.953601357686086
0.0264640899483149
0.0555161185486166
-0.107604535605287
-0.328920437186095
-0.60701733903205
0.715826909519282
-0.276346884462612
-0.927182621567381
-0.884023113900265
-0.264728141012951
-0.230709423929676
0.797857029380832
-0.574811052592952
0.778721332552458
0.597752656771569
-0.0921125759832522
0.971867089928229
-0.927619790012506
-0.314110718352884
0.510530794690974
-0.475807643322908
-0.529027552129926
-0.677826431371373
-0.12047369993451
-0.813515099846215
-0.953760118079776
0.312455399462742
-0.258622499835777
-0.21617370144866
-0.0961761013035923
-0.885377745939986
-0.171382994138495
-0.0332193803745967
-0.395684914618044
-0.25364846902513
-0.743793701066966
-0.856683946282427
0.376740868002952
0.163686221311985
0.532035403411758
-0.435954263711847
0.570087905055105
0.153187721537418
-0.361336255376003
0.109414438053532
-0.534517075171054
-0.239667372148937
-0.259925992548419
-0.736005905762486
-0.57095847726162
-0.640505486151611
-0.361536526807258
-0.267565908376262
-0.531286322061052
-0.438764604949543
0.845051619678921
0.377876257588977
0.0968005685244729
0.590604626780483
0.30153404178443
0.820489419120044
-0.0989154190452518
-0.477922845606284
0.661787468082882
-0.0663261908857007
0.421325694755249
0.375148223813316
-0.614809974971185
0.244330857220766
0.327686853060617
0.0211339897104304
-0.968730984792137
0.621617278803304
-0.185053302421522
0.119227910866112
-0.737075681611105
-0.378754113083061
0.75460626646752
-0.04107920909771
-0.392191407457229
0.58377497452684
-0.374341458490639
-0.201300151708333
-0.921230933475825
0.322011578588445
-0.178703293386235
-0.0833414523513285
0.837821781689246
0.0584184362638514
-0.225220144882863
0.129694333787736
-0.254881869716227
-0.514696334234239
-0.995878373902804
-0.913083794925049
-0.523685980844792
0.3545893570194
0.30960141103574
0.748280742523124
0.18830709865046
0.424017289179555
-0.153194643531402
0.629744406139284
0.494908193370684
-0.810212895174016
0.981553757257146
-0.98008489887779
-0.460465052048426
-0.929832008016853
-0.901446105029848
0.416487692779693
0.0070551824748315
-0.877234505429191
0.605746465555973
-0.800616927508353
-0.268527718687193
0.91124549155916
0.26394115419418
-0.707962973107114
-0.810767238186119
-0.864178215584978
0.884478659321602
0.781440398130343
0.439799084553244
-0.927567686916658
0.389261389339513
0.285145833657744
0.0787205346262402
0.679808734359668
-0.830547382444408
0.101788637314725
0.767045271175193
-0.0423207432128998
0.697430041345274
0.714381420174647
-0.212454460696486
0.737891780010489
0.368202996074264
0.734391462241398
-0.575358280731894
0.499664903390869
-0.00768377853682405
0.561041891404269
-0.690391893475019
-0.878222186070145
0.07075035681266
-0.632569907113515
-0.107216448276896
0.00980551016745839
0.102492261489946
0.309051260350829
0.557104751751107
-0.697900644476914
-0.255946329849031
0.512354934418187
0.330178191783732
-0.857693236394449
-0.968193706185848
-0.725733629768396
0.667014806882506
-0.627137240835253
-0.786372211385172
-0.232998356246694
-0.125768090521511
0.0708084802973021
-0.541682678854938
0.911025399920692
-0.56922285059152
-0.522343370377501
-0.221098842955215
0.185988291754356
-0.857413621887981
0.593278793855688
0.782858382359628
0.520715040881231
-0.361877406752176
-0.628154024823807
0.788894997366169
-0.745498177876493
0.335244269228855
-0.989403146881294
-0.520979293864241
-0.25790237535911
-0.225709583761846
0.0315807366536914
0.0855272182632878
0.575312956029515
-0.042512063485348
0.191492376312864
0.935633276938453
-0.517625293284889
0.326966496181015
-0.989798950367048
0.37498091739998
0.43929061648535
0.7438857544749
0.265533312091317
0.671612542910577
0.0395402066201824
-0.714465805035189
