0.478024225550614
0.842422063574204
-0.161193405045414
-0.428978472324447
-0.346571348932664
-0.396832331546599
-0.589844610679404
-0.992224813254988
-0.589696044889033
-0.792078634864792
0.89418289532827
-0.650136930846646
-0.0414030623701436
-0.349649107252533
0.822132078336271
-0.504322640919719
0.821762926870103
0.0520486884839749
0.266135909938412
0.580545593653115
0.309800444872991
-0.691935164639971
0.381580411671281
-0.282065082099635
-0.18500085401975
0.960091682353593
-0.0616863966047539
0.595546998429976
-0.97620542424803
-0.0266092738524094
-0.604605323939126
-0.840900239802148
-0.618247250738202
1.00229563604898
0.168849302150401
-0.801570631542742
-0.435697964240222
0.108765796205039
0.0815255359536128
0.5708431542743
-0.806236985184608
-0.2214308371084
0.868443075312767
-0.484294085546576
-0.803201811295054
0.541882674480802
-0.284817995297166
0.53181067571096
-0.420045397737503
-0.101487999777781
0.160181194561107
0.175254265646577
0.632652877911126
-0.688519998829381
0.821740963336777
-0.432454931950211
0.879687143223136
0.194104853516631
-0.908740319743744
0.952332789795976
0.796245522397392
0.534130531905666
-0.204124918516887
0.207539122437426
0.387211066990943
-0.865041334563497
-0.647653008817476
-0.237383946411086
0.394218460334578
-0.821774650671116
-0.964242336273821
-0.804522912726666
-0.879153106614212
-0.30993267650614
-0.710982254863571
0.36235435872721
0.164114627683881
0.865690686477147
0.551511391969472
-0.731702620581619
0.467466740852687
-0.774133090571474
0.397098555282657
-0.0342590039884579
-0.664931375237823
-0.544713191467291
-0.220361927658363
0.844708885164037
0.919291535938202
-0.112243435612078
0.204716084854274
0.0631405282751233
-0.546273271630282
0.92283167021789
-0.18861573546345
0.40381032784409
0.47142523464177
0.0873935643723964
-0.806698144216791
-0.685057032590113
0.737105163342875
-0.303582132123568
0.606701267564098
0.15439991942027
0.518693121083821
-0.609876600542806
-0.131556693888687
-0.447896479459327
0.66990394418397
-0.306831967739876
0.98069102587646
-0.94520423570019
0.265092202121537
0.182916774764192
0.144823560562881
0.0572213995853203
0.55405911958906
0.0111114257205252
0.00590581302538041
0.130459208703055
-0.0472169192801357
-0.0956188468081915
-0.343316305584862
0.0518943197597288
-0.733535804924404
0.694152390441943
0.639717345834437
-0.201336463531148
-0.282993341665265
-0.96515566565858
-0.0282458258768544
0.0538651938348422
-0.69185580568214
-0.53240766343397
-0.331881417700129
-0.964725611254262
0.369911119463059
0.66315528525517
0.878072784580896
0.27852103185669
0.485892039696655
0.770863154257357
0.359828858695796
-0.639196516625576
-0.148568633986999
-0.185656682185361
0.563655788564361
0.201742850270946
-0.846370831476158
-0.650888842805633
-0.428528909147536
-0.388170318016372
-0.784613996001043
-0.704251474137901
0.296485975026348
0.480727429278271
0.772969747648757
-0.939034101851807
-0.844945858537792
0.394557075138384
-0.614987620134664
0.669179286974524
0.317566379507998
0.241571146721648
0.418740576927275
0.195549123451866
-0.235507852448739
0.866377112648073
-0.912630005984253
0.0444076572407678
0.572536229723237
0.877880129701696
0.609852652706704
0.401614353146148
0.21835453845707
-0.210383481666475
0.213470033946766
0.626444259520772
0.73702693043253
0.171625792486143
0.886335884486645
-0.887922593436028
0.0507235221331598
-0.0156562972474191
0.282831540987563
0.0795740893517469
-0.229152205955631
0.525775741939205
-0.977802693350686
0.825834983961827
0.626828842838042
0.242108280289616
0.830682630256029
-0.29277610887559
-0.157555468389255
-0.749653676955747
0.515607623796873
1.0795161381181
0.3316773284555
0.088081606555547
-0.032320108455835
-0.316234669253809
-0.267885934271749
0.589985311468255
-0.0928577618341792
0.863046669513419
-0.12468924244931
0.839614877539215
-0.90212596818933
0.390310024628316
-0.39043799621614
0.457818661388634
0.989787136568843
0.681632150530474
0.247122682938672
0.124946279765959
0.50838469890193
-0.154527631820615
-0.598421869491416
-0.724160999298847
-0.198818848336638
0.405551880005692
0.719019900283369
0.881871037109308
-0.843701698062066
0.66413798978526
0.386234191339462
-0.598740729087473
0.102053989337463
0.713237297864078
-0.0892108692956894
-0.0884674712160476
0.613103131393079
-0.129209167664554
-0.708322321297918
0.127207408792497
0.546413201276951
0.24065315369375
0.950552293464209
0.625351721411379
0.499210399882759
-0.47664154832746
0.864128125259164
0.717020326174505
0.901912780383521
0.744120062203257
0.300305751109478
-0.904320176271763
-0.628820703327537
0.785325131674296
-0.223663599182289
-0.128844054613583
-0.324968921830399
-0.442829719895737
0.677366043185544
1.00350468101727
