-0.406428802932792
-0.759585338127121
0.790106130759234
0.347444869079649
-0.538554212656168
0.549954758156642
-0.239821900351352
-0.298358474411539
0.649334643871741
0.40417002546099
-0.595592130528094
-0.777560924741522
0.545911685175977
-0.840361377886245
-0.534366994989749
0.797282646411193
-0.544916348020668
-0.717635412666049
0.200580369572068
-0.342507089406587
0.920614754771463
-0.791026380406523
0.733761673820563
-0.967675367211635
-0.361424637037139
-0.761253877174061
0.680862531921898
0.784944784041964
-0.491879833503339
-0.1713879607803
0.0776969874937345
-0.18070521820432
-0.594741702022191
-0.357492949935512
0.932607237284038
0.0930874702745738
0.787455846317397
-0.219208780069113
0.370003987039831
-0.5942791028055
0.738417520589197
0.670505037234429
0.347709410437337
0.172733596820277
-0.696429139602497
-0.763998262870928
-0.840477051155123
0.127246207469771
-0.482777794007256
0.291660484661509
-0.503762517634091
-0.283568095374888
0.0592761245334336
0.334366535383509
-0.614013920705709
-0.0326445017611942
0.618414623551745
0.10458979849797
-0.311910089942107
-0.80180922837241
0.729442323185442
-0.881391501570723
-0.208630959224385
0.795152266673438
-0.0303352456299659
0.978388850488316
0.798626495202493
-0.629022274234462
0.603196608490692
-0.329548706659496
-0.73002886152349
0.30404010939551
0.223561112823087
-0.162420337454756
0.848925681252667
0.797300698981177
-0.356307167185383
0.036641952728216
0.36647038500357
-0.253812601286147
0.470777558455446
-0.355305113782178
0.775492309799842
0.354173211905959
0.49236729457008
0.784954954148386
-0.0926165171049703
0.586468916941527
-0.53220013202667
0.306077950313316
0.109144465304054
0.126123569749193
-0.868072081846699
-0.184308099193344
-0.399615891626993
0.885947143877725
-0.924732156808554
-0.189297851802186
-0.464679498976871
0.866785557964506
0.78462641574849
-0.148374571383975
0.15821104287095
-0.58023346217903
-0.339226667423042
0.375200237364876
-0.234468034607042
-0.473063799594042
-0.477915815279265
0.105473098121445
-0.657435355959388
-0.859095685679556
-0.0248715098244497
0.288828275737452
0.911981281697642
0.405018228359009
-0.126543354614894
0.849448194944035
0.934809511634703
-0.905724888465744
0.314770526096337
0.668260452040601
0.673390342180763
0.91486096741016
-0.722395329454687
0.688911369405652
0.979958310317445
-0.335132785093787
-0.407010333076935
0.777461697053814
-0.51297205806735
0.190568352465044
-0.37240057283756
0.879079034268091
0.0735029488551002
-0.474440517553686
-0.840329496508361
-0.846535157430572
-0.123648743827064
-0.224941982019771
-0.885204750776228
0.737502784017002
-0.233049958576045
-0.629909197776211
0.655115349076899
0.503721590510711
0.429113237003482
0.602205236272462
-0.56300498894135
0.031704753257342
0.953590109315788
0.519042105277527
0.267018174190957
-0.209276809050235
-0.271159910545814
-0.0720189057385063
-0.240168530707379
-0.47920695990544
0.616285020950639
-0.518492897473941
-0.85468318051762
0.249264886330752
0.0729921749395481
-0.840476083567189
-0.180265080588617
-0.151880425603734
0.447301960752381
0.477678338368808
-0.367040352120943
0.858190775285962
0.256902746730798
0.896689436904916
-0.685648218038482
-0.17233030421024
0.965263803944804
-0.29516684047955
-0.223043683808992
0.547611745976357
-0.413592860980191
-0.377741126738427
-0.477306239048813
0.775640635856074
-0.438697785918128
-0.519173090064707
0.572779661217494
0.048074585372041
-0.943116289782604
-0.861579890918504
0.529964624637859
0.109015377241276
-0.432810126128796
0.254625516700173
-0.372136567601098
0.0951676861815428
-0.117146037844711
0.833525856437241
0.921601288097112
0.397736795795791
-0.942321464034479
-0.559770151387581
-0.0194643977265722
-0.566041578314005
-0.563568978781736
0.248283552412388
0.121320391501352
-0.348637370290028
0.410416849423133
0.581474230208694
0.881790820935517
-0.22483258690812
0.104369804970073
0.00692413595847054
-0.276969611334227
0.273638365093031
0.0369239150912974
-0.722586176370848
-0.978502676398351
-0.255924810624613
-0.0459035050597618
0.0478220945423848
0.910662403745929
0.914531767258198
0.145162559962924
-0.980685925310167
-0.716620455217886
-0.8981276061506
-0.718043299880703
0.315030741392014
0.415167618522199
-0.738499283836076
-0.966592955056296
-0.558729448237437
-0.0472154891129178
-0.480704393869116
0.176076957623328
0.437262331854585
0.18325249558093
-0.76352229864606
-0.396608520304905
-0.979384392443888
0.392666192688609
0.742030795024126
-0.984548412296651
-0.0768373299467699
0.982723267463676
-0.251902513071532
-0.143649513279821
-0.181677783177206
-0.612436422382325
0.107733608916161
0.744693358758355
0.801166948372074
0.522883813634223
0.0627436891944295
0.232078754230178
0.225984346077135
