0.420945458883591
0.0843693225600523
-0.896094510812313
0.385138081091509
0.964301071182153
-0.250841389257014
0.595167223739442
1.00044911742431
-0.647553287837213
-0.283837266802264
-0.866888724310613
-0.642342633262478
0.395005210509082
-0.892119272308521
0.00284498993631939
0.376745875480467
-0.0491954658532602
0.512492793586664
0.345806068833019
-0.20336828192123
0.0998444473322236
0.762089956216554
-0.902537990594697
0.491789660037139
0.458504641873278
0.795719203907421
-0.360982291262455
-0.0304569421181882
0.786768126939659
-0.990749820153974
-0.230419111369134
-0.743776359220135
-0.643870404268308
-0.910041990039378
0.345955257858195
-0.131337933503978
0.673072867874054
0.918125463705467
-0.582555035728742
0.611546946060465
-0.344068445771532
0.261806578866459
-0.137782666648498
0.237324563078334
0.0666046376543445
0.94878423264548
0.961921835488315
0.61705164295687
0.567868779731459
-0.552390011376754
-0.776665060396355
0.141047978243137
0.4341319837694
-0.00714878310839745
-0.348711597455458
0.822105083300074
-0.163116227088341
-0.29142970311175
-0.20127152817138
0.113024091668377
-0.0481704377396823
-0.262298812248658
0.704450073932735
0.850882145108572
-0.701588257819759
-0.657788185673446
0.753871240212211
0.746382228101657
0.751518106359366
0.33255526029487
-0.773533092006263
-0.820440096711416
-0.274815030848793
0.583003518485593
-0.0910580967519072
-0.228916150062236
0.604174285415971
-0.859794797189225
0.147463052484347
-0.421707615765423
-0.640552626586697
-0.934158471960532
0.277683835278334
-0.606718028688406
0.0464479290698576
-0.681396784688743
0.555067508302965
-0.278261762024039
0.974127694794718
-0.681826387498691
0.62717718627156
-0.90408799516135
0.677288975114931
0.199106905351224
-0.585267039939422
-0.0942488875940369
-0.270770575204036
0.933109764217666
0.419254234952616
-0.402516457108595
-0.822735550685468
-0.536307160450656
-0.641950310849972
-0.561524206556756
-0.781204875840989
-0.0262995134982706
0.610631539078589
-0.283732343249248
0.593235914788779
0.260371435432635
0.364968492078749
-0.536369024281524
-0.357768472245666
-0.48955542733117
0.90467419057484
0.0767363959907212
-0.434532787857404
0.750740873382191
0.624623883147961
-0.317589840622147
0.139063250880301
0.411757339005504
0.584808305291296
0.806111383893908
-0.0180627319489209
0.952718017011596
0.333057983712071
-0.923822377920425
0.396129722250853
-0.874558092089228
0.217081137659997
-0.626318443482979
0.398021917534268
0.855811014268061
-0.812627663664064
0.752623722888478
-0.327149719934638
-0.527290482786362
-0.822237750009144
-0.847793040887726
-0.0834795695443606
-0.305563976843592
-0.542103257891825
0.85112828884621
-0.344162929192483
-0.00396852886519916
-0.793332482466879
-0.0602965865142113
-0.249899771185174
0.614766222244725
-0.511692036307183
-0.891503177002209
-0.184815183345901
0.802255764307249
-0.219914032194242
-0.227895419507167
-0.747301966036353
0.108338400246054
0.317170253813075
-0.0763248646998964
0.909927140915537
-0.57377210092373
0.325452846565773
-0.342637034945061
-0.495471344212253
0.425046104862705
-0.57436857496848
-0.379521097370186
-0.0802413855642459
0.524181058145941
0.88814428817327
0.62050529341212
-0.347068451428404
-0.809681541088325
0.332619426633088
0.57219991059206
-0.298942414059594
0.393057420816473
-0.705769158554866
-0.415045247273788
-0.271086814204929
0.988520770653798
-0.295569442744821
-0.566599629633388
0.669663135567242
-0.0103645922168015
-0.210193384672042
0.691611965674019
-0.454496987064921
-0.77131380916811
-0.251969517658408
0.765091353540593
-0.246667874824892
0.0949252870790104
-0.414323737139971
-0.247709376373556
-0.54505889008937
-0.557012430079166
0.64983761118195
-0.773724022700912
-0.223603382099453
0.616529300178755
0.422136145169037
-0.709193918918601
0.92844534068109
-0.844364892041133
0.0349145016265833
0.996702630999664
-0.376279194807296
0.396223454222674
0.540080888505499
0.649489994185864
-0.844317679111396
0.550775427902297
0.269936749265954
0.807198863155368
0.793706064604534
0.860582466277573
-0.164305252955666
0.360240376343929
0.0265011558305241
-0.764025245105836
0.867462555565666
-0.670004259584376
-0.942570460840657
-0.134754101269064
-0.88704723541581
-0.538984047869022
-0.202470624775807
-0.303929207423392
-0.698761841921395
-0.600187848715956
0.442816995871375
-0.165736581061553
0.0438995635224219
-0.672561184563256
0.508126529906327
-0.0492170631524574
0.958906351934594
0.886987883519263
-0.357330340898357
-0.404415293698159
-0.772854214067807
-0.265813320887928
-0.0853987014359763
0.809197275684354
0.316335784291354
0.79550312979412
-0.787858232727279
0.664756568171471
-0.164785197412711
0.694780286008388
0.707782941465688
0.235267072713865
0.528548537310652
0.659414651607246
