-0.609098745129558
-0.673186783055029
0.677189029448557
-0.930548552208532
0.531490815980888
0.489372494117481
0.405230274672417
-0.287956574033305
0.37356721043281
0.908525369332972
0.654443617466807
0.00618555275624938
-0.0571190946624893
0.474307841362628
0.797116371440188
-0.733421762316896
-0.491509411769726
0.0982480001362525
-0.0229919868306049
-0.209779235696618
0.769890571809957
0.225204149686486
0.655918366344388
-0.180627746666183
0.826487551364893
-0.533783885772888
0.369787145791631
0.764339044637279
0.442270936609053
-0.617458313896897
0.663177381068785
0.476598956698792
0.257606933335244
0.397044133065567
0.00776583918328635
0.132802104435319
-0.522818510738342
0.0287394652251991
-0.788130732114942
0.485309194592124
-0.154420128426092
-0.288662478661903
0.983461827147349
-0.854461556193672
0.584303079836082
0.281531208598969
0.282385794028169
0.437229180397797
-0.647803004187425
-0.325557220838592
0.0451262376006864
-0.213144530750313
0.81734441107543
0.774953559685049
-0.937582857705418
-0.0905330502934808
-0.308325473255807
0.201090730099476
0.275395049140926
-0.50027491700979
-0.132227296461125
0.676758759059922
-0.731115314737498
-0.958892022398037
0.217523992194674
-0.494080420462568
0.515294656787903
0.919733861481545
0.591753090437584
0.343228062113172
0.156079392556992
-0.0206288361493846
-0.200098348839452
0.608671812361638
-0.885258367919014
0.751420416152913
0.464128108723504
0.286302030362597
-0.127249405400725
-0.303823746989586
-0.209128132844763
0.25271467940424
-0.872694920309395
0.707275366269823
-0.37201976815223
-0.666650024310983
0.0103711333771277
-0.997292466839973
0.618870762324206
-0.572637798008595
-0.823235818154141
-0.505912104730648
-0.0105891897705781
0.415183395498906
0.0356663506852076
-0.935372799369764
-0.746679029675306
-0.610315525995336
-0.71510456376249
-0.516916060529866
-0.667256390999373
-0.750535219421909
0.816396409566622
-0.0850592850965151
0.0432419170233658
-0.305665829586121
0.731409266163575
-0.346189626829805
0.444900368622396
-0.979447316153151
-0.106259248526679
0.8091210338546
0.600091684390821
0.427105868235837
-0.275750555430257
-0.915370888599116
0.192892870275403
0.528978889193102
0.253702835358507
-0.0556322321949716
-0.457175068832856
-0.272294787318815
0.430444740234061
0.804113153814559
0.198723153588193
-0.438578893436601
-0.523404599813593
0.451537612244649
-0.645187214830536
0.0570572574492002
0.822698603920426
0.455962327438542
0.0422277232462847
0.0543711529449207
-0.678142507580964
-0.245660571635602
0.176064845124256
-0.398653057720699
-0.244474469778136
0.755411699828873
0.568652071454958
0.727693383755115
0.269163787622411
-0.752368062190953
0.613228633966195
-0.157419371176503
0.337371086768056
0.0894067320329646
0.321391423171143
0.910720857384432
0.066443069532808
0.386643802966972
-0.547760171878791
-0.884357494797067
-0.0439250800584732
-0.848981321022953
-0.526863986588807
0.87788016518664
-0.357208947768887
-0.345405594247302
-0.296717045629357
0.942138194738556
-0.410075103853743
-0.26515948541211
-0.599082072701581
-0.184504888557657
-0.749335984071066
0.617015065476373
0.14397003217788
0.30350441439424
-0.698373305507305
-0.0553044092411296
-0.118984558520067
0.722105082113758
-0.909408405483708
0.833430581524392
0.700631304349908
-0.0868210761067932
0.0540617520803561
0.308267638109309
0.309306317087005
-0.350191426868833
0.502634912281511
0.611518230581856
0.775718799117206
-0.537835849026145
0.528395114365718
0.726711179825868
-0.997180605172153
-0.982751404469303
0.234921443584877
-0.159921991715722
0.344993223003275
-0.89973176139092
-0.327632304640184
-0.163456329755699
0.971703835298532
0.530351988483524
-0.302234721551229
0.811629375728323
0.187657539504458
0.277473273431483
0.645949801523542
-0.845267380252529
0.7835148668799
0.301411098225825
-0.0937814893136498
-0.822623644916217
-0.0518564439246852
-0.552644653179465
-0.92460850011301
0.664483694758305
-0.813046158576633
0.239176015292086
-0.916960931096384
-0.716332655142104
0.168527440285942
0.149535217491374
0.862734620475719
0.434646622718638
0.153391105459198
-0.500017529823513
-0.700785799624784
0.0643136616502329
0.773569290403925
-0.181077006425975
0.31629652947592
-0.962881229494848
-0.643399472681753
-0.253739484574132
0.895774003338207
0.359957818890122
0.337704618796969
0.739135476668299
-0.421833522397931
0.211175538571211
0.936194057931411
-0.508733254213165
0.0933770293815701
-0.12240272440066
-0.156227916283988
0.782761744597993
-0.36378430608164
-0.465831812852371
0.38008407486422
-0.310417022262378
0.231567864809402
-0.277068144497711
-0.969185277431452
-0.698742082592823
0.547773055982032
-0.217408592113343
0.705684275659905
-0.793290601411824
-0.16835131341548
0.0750915715621324
