0.0615588517975012
0.18271502035805
0.915745656866682
0.0851260004071581
0.770045809471812
-0.399107280887546
-0.626974669421696
0.348573238451416
-0.66703426837505
-0.997576496646037
0.154235303000836
0.383140089183056
0.556813833774977
-0.621456029234526
0.725167290513959
0.508185963549334
-0.997587517795884
-0.402361574661039
0.229114652094401
-0.841372914944662
0.790669566222972
0.662548150254612
-0.0712918641513754
-0.936216539038433
-0.958891874918982
0.667330521547941
0.385238180819182
0.342946665792268
-0.0346601625512721
-0.35943967774961
-0.003972670119742
-0.700780808227571
-0.89707463452404
-0.260943101465978
0.707693774771118
0.055918555601482
-0.382483915658996
-0.751182624153938
0.314171199795847
0.543791678162376
-0.712476901037097
0.476610141154214
0.506427185038259
-0.145342542670102
0.620958652049865
0.834270761435053
0.324488911643464
0.662138200904797
-0.893906134914087
0.447279416384494
-0.00120845476375934
0.640987628648766
-0.702146483504706
-0.222393882729615
-0.158384914654305
-0.00530438996396552
-0.339931276023792
-0.793069508390449
0.538581531382832
0.543943679438781
0.819134329721817
-0.603668631326876
-0.320943785925915
0.725649391551251
-0.864457898098954
0.653990909895212
-0.100650459998766
-0.220846724351716
0.135076271271998
0.433594643191174
-0.678055722360263
0.718878744666284
0.405813605808124
0.227573399735827
-0.535156661579201
0.43376473163387
0.962011111750196
0.225936646423924
-0.279776599385231
-0.115824697777629
0.61356709041545
-0.254020884432312
-0.953622619579767
0.463402244146286
0.873224751549783
0.47527936571726
-0.113328658281667
-0.014376660968906
0.431601784541118
0.346498570157874
-0.184488929317001
0.448086388976356
-0.076380647351352
0.928964971173316
-0.312963851377405
-0.228665416919229
0.423295297910265
-0.802071320949571
0.116215711515705
-0.968860571678815
0.209209393109331
0.679696032787679
-0.625431391114956
-0.786190392121333
-0.849436984564898
0.944935488736219
-0.284138113361196
-0.174875426211713
0.700648419893933
0.0264753163170723
-0.145591449063027
0.863403592383025
0.0502191010916286
-0.84909582012201
0.854060402186011
-0.816641845930762
-0.361644150418372
-0.748561118474532
0.216012030765646
0.66874041623439
0.114841155651415
0.681984412410474
0.672256388705825
0.460434645316856
-0.455532561752495
0.0141292610284665
0.481625082556296
0.221537490493272
0.458107406821015
-0.95658296045147
-0.751517000302711
0.262281661147712
-0.251597462973527
0.674803638949069
-0.917759878166644
0.766876535114641
-0.899393768422
0.17061561442153
-0.580461092043605
0.995705035390163
-0.803425129295873
0.298152403061949
0.339111570450657
0.289438552995506
0.418093010512218
0.871598702068522
-0.964740608913425
-0.845381378647083
-0.276602685868355
0.0968039578140104
0.285036697956875
-0.191336566417197
0.290005873019235
0.315270884168081
-0.640496981447322
-0.387411102092127
0.226501000711356
-0.989098853323399
0.772755471070123
-0.260947983845965
0.25714290415893
0.832172132700962
0.24478661709364
-0.0995932393747945
0.99878516335556
0.128600920771721
0.0441587287577549
-0.902879031041548
0.738675503698247
-0.302261709125161
0.62690494548061
0.257756158592526
-0.882507287373262
0.993553122356518
-0.92366869570419
-0.225559583863793
-0.327712940199626
-0.689105715464985
0.429397872052501
0.290126092749973
0.605435706692279
-0.251461895435697
0.755923400387005
-0.142404836206641
-0.0967677511028939
0.910374185369636
-0.88540166980169
-0.38835498485182
-0.774842433194874
0.739592510922887
0.0783706448483569
-0.278198973894326
-0.700339514071951
0.223294342901809
-0.997057012863582
-0.653122698861913
-0.10534607968706
-0.925979165585664
-0.154792281221839
0.729344494601904
-0.48566398096548
-0.535899414974317
-0.760905971306824
-0.750403942777195
-0.0653891823503996
0.200255095350762
-0.96085415268941
-0.967587615365688
-0.518137478214855
-0.0692624025917914
-0.655326829478079
-0.170179954870808
0.428485854124261
0.949737067050731
0.0465280849684704
0.747358021373525
0.914797689115091
-1.0045357864398
-0.397790369961246
0.675086531220726
-0.452311479860479
-0.229087313464744
0.877750142744167
0.86558404476127
0.0174914839302932
0.860905126438584
-0.258656800755369
0.731528614389242
0.54120386695433
0.894446638625707
-0.872377348597516
-0.159996738753324
-0.678481490465962
-0.0397577315165771
-0.858760330233273
-0.858042879905852
0.498155120933181
-0.0328229396288799
0.0486357079658271
0.41479626485379
-0.464794243828099
-0.293718834326927
0.797706745154344
-0.592442586757251
0.288214758734012
0.817234469816626
0.417027754398523
0.248055418323736
-0.583462699348052
0.456617310533571
0.205809389393439
-0.998253155174009
-0.157771714793235
0.634389045358013
-0.364011177461395
0.936740943368477
