-0.848490249602788
-0.170497089788705
-0.780955505341525
-0.229631342397639
-0.646681332779233
0.670625136472485
-0.0745755956748736
-0.865749307647287
-0.884139821484229
-0.45632510758867
0.331171120460421
0.308161635396918
0.35842336911919
0.67411973220935
0.136103573172027
0.686228492847199
-0.89533174126072
-0.25419483104176
0.852710631690069
-0.827565664108628
-0.128721491611405
-0.489797029139941
0.869691631104806
0.618390233211881
0.53674712200424
-0.416646001571662
-0.960464581950752
-0.69234853211114
0.929890536902907
0.110861845027745
0.000611189652995464
-0.615199023846666
-0.271374436492158
0.800057262998586
-0.437384388331344
0.0268582853181155
-0.841761970267995
-0.64858391035224
-0.55894897053565
-0.420764821198637
0.67777029149742
-0.192178876724474
-0.468610453464941
0.287169498902344
0.140475960162538
0.556656191949154
-0.0425158652222229
0.928506328293821
-0.272495485992366
0.158636086700405
-0.0868163533281395
-0.551309903167156
0.754560303578606
-0.0501987257432971
-0.318869989802775
0.300194427065892
0.385876395921046
-0.498089133492931
0.152583066582432
0.184894959822692
-0.615167059911493
-0.101160450117856
-0.543574290975896
-0.341969734440803
0.92738568492808
0.369580128152025
-0.245260803030861
-0.63054761568273
-0.027228069616102
0.0619373216651011
0.421611019402803
0.02982486448524
-0.503631360427839
-0.659889457621634
0.774137029782063
0.83273798214206
0.0721079862934117
-0.672403873662766
-0.273530113913861
0.838741456613097
0.324951278677346
0.057552888763194
0.913100374621006
0.0872786845748846
-0.0190455493794866
0.28537914894174
0.0562457114171016
0.0951623227870552
0.188839860100291
0.654591903931663
-0.366851199603273
-0.0405658047138188
0.156578551963549
0.67047996282532
-0.687211263274092
-0.192425576601172
0.460866901743335
-0.0223754402852834
-0.849306386436951
0.19262534027926
-0.748812730895203
0.118601030081018
0.583645541490534
-0.118612077062484
-0.167943201052933
-0.384938801315815
-0.850342965083744
0.37883033297536
-0.272056252831257
-0.692615354362283
0.346633083283047
0.954524508378223
-0.0201554701945008
0.83163376463852
0.657589047684642
0.0637911741266729
-0.761556885583372
-0.193475889606694
0.940995858965953
0.838818994891659
-0.889417463152118
0.732369815125556
0.237965294344386
0.711628491935115
-0.152336339723421
-0.176757446981935
-0.823294489623315
0.886082354896185
