-0.662031202788487
-0.191844885314419
-0.574960762648464
-0.618275560429198
-0.579337911470363
0.235448694801467
-0.110960173977124
-0.12972363493054
0.280241114129138
0.892421209175001
0.674013373457105
0.325469835183363
0.315205572919243
-0.881202998721253
0.91405618486976
-0.616674442261635
-0.0266549827667825
0.447228952383789
-0.11372630351888
0.375543743484625
0.767131150012444
-0.209098158435003
-0.00412390725176338
-0.655798426728082
0.563304697977156
-0.30043235001163
-0.121867701822638
-0.518814503469835
0.466069221820539
0.0998220523614771
-0.818533519258501
0.144211130219573
-0.392054361807459
-0.961438960326442
-0.79402711594815
-0.908572621863039
0.285896860488082
-0.610220555691004
-0.931521975439378
-0.0253685712478942
0.994623017674913
0.802333016756923
-0.448440942226603
-0.311869146106563
0.822729368484987
-0.905565427422873
0.23081199597426
-0.423397153282787
-0.961210369708108
-0.521000342536933
0.568057709909412
0.230624211182964
0.860298128251907
-0.916501528549777
0.613479199416297
0.192521798664382
0.711818158688694
-0.74682875727341
-0.318284095414732
0.836773799363537
-0.727844358741452
-0.952141585016961
0.323252372836218
-0.966016012074769
0.989477416716621
0.242568796662657
0.414068211693675
-0.871490957588121
-0.337749892604974
0.626089335445583
-0.0939761309062026
0.693896842020512
-0.979619997162707
0.0754361995353636
-0.630188671726089
-0.133305241637396
0.633949971935191
0.463817712691878
-0.22906290781708
-0.677892988419624
-0.115267385148371
-0.980425736556484
-0.97090291997359
0.316291608176361
-0.770913229485083
0.50935603303509
-0.624008918094574
0.906611118541348
0.126153623532285
0.492179636362065
-0.661153934357316
-0.315442272153572
0.457683881895147
-0.661046350295874
0.177347739865566
-0.492388132016059
0.765707603307259
-0.66535108651093
0.837354197895202
-0.611160029006116
-0.824743188302896
0.455546806308917
-0.400929325557583
0.132253724923315
-0.833264711951109
0.513794769566403
0.366361525892014
0.337441190923448
0.327153092834098
-0.397724622217957
-0.433472625296167
-0.379708866315194
-0.344030474105191
0.951554760543101
-0.0318916323499712
0.982763704424977
-0.723105518666675
0.0435917963997759
-0.914203896127064
0.15922403309869
0.899088214056564
0.515888153577716
0.0140692155146849
-0.678738100576908
-0.25508130303127
0.877669484593326
-0.759941535949586
-0.862723560684936
-0.338655515568179
0.373722196787724
-0.345482904367313
-0.407108893757197
0.747224651348735
-0.422008424925471
-0.178486479914404
-0.439081917512493
0.349549681709957
-0.816734022633614
0.177877909552805
0.336018861167641
-0.556770417115356
0.972526629570527
0.126847988364675
0.877963132233858
0.642597639443624
0.515068134966843
0.685749410254912
-0.936748789474818
0.413462029541549
0.00509475832429995
-0.369423271605507
0.463480862858116
-0.430633802576204
-0.201521035717917
-0.236244167043576
0.284508437981186
-0.863455428994254
-0.344270749454074
-0.452966554180345
-0.427952562468287
-0.568378679750162
0.837670370798044
0.74203569044268
0.848875051718665
-0.710679092133986
-0.417362781755912
-0.237659915442952
-0.536273455106494
-0.588639248390548
0.0964423479620979
-0.793605780201727
-0.210613951108578
-0.431632688818679
-0.625159361727566
0.0585383125176424
0.952482634854118
0.274998943196568
-0.290817531061425
-0.744989659854044
-0.196795824738013
-0.456393869349409
-0.241407036679652
-0.338937303238045
-0.775738002895734
0.489589805272391
-0.227868367896127
-0.0800093138185407
0.252177147101773
-0.592982528465733
0.459894133968318
-0.173761508411049
-0.540369687674915
0.100305673711405
0.738047417032146
-0.413046379571549
-0.250611152779447
0.523957838728203
-0.62196797809239
-0.801080778522941
-0.144440808365894
0.84229523218474
0.828792258026443
-0.133458879465207
-0.672297348642815
-0.828840785600367
0.693907793930169
-0.451670293606574
0.83270808639534
-0.666848492260472
-0.41884104463575
-0.724704846054294
0.0696357106169518
-0.653545905527352
0.947856922768219
-0.234704543478993
-0.663242999991301
0.988810402777058
-0.178881029248523
0.005747004792405
-0.248039538612602
-0.956331232832788
-0.995898757744032
-0.430861634762875
0.571485377802587
0.83687162940236
0.596147420707398
-0.65060686325858
0.819185545540615
-0.123951981387592
0.783108964349084
0.712559398164084
0.323814835196353
-0.155847777004131
0.321637303218295
-0.903241586143411
-0.547033618612578
-0.98372435406245
0.775461090172536
-0.420989214006304
-0.368338675926732
-0.320462128190493
0.600760209339819
-0.497963256587863
0.64944055573173
0.10308394324148
-0.201296679048859
-0.376580975203009
-0.297907602108118
-0.752258581729406
-0.579505503474781
0.223933644587216
0.78426416759208
0.183761768273752
-0.848476538130263
-0.34760492824733
-0.260267825864527
