0.615646667619304
-0.478064907600784
-0.300679039458763
0.257185798321517
0.459948762327482
-0.938082369425094
0.722903767603618
0.637842331630649
0.00306895408367965
-0.909717829870702
0.553813080204198
-0.200133211636473
-0.455303555929558
0.715868377465888
0.0750297089792139
0.00603912610100095
-0.0317526968682664
-0.214977180970571
0.0392252351990522
-0.505554891728611
-0.597998743575686
-0.223095050518097
0.942103403744005
-0.859441926891155
-0.507062856821653
-0.495338379253504
0.214789685781257
-0.74234803616172
-0.613532733585516
-0.809134697502143
-0.403546009621566
-0.924331531725752
0.652672218470966
-0.487346548603837
-0.891054339534238
0.0276696870291127
0.561392324649203
-0.515966530327977
0.335565242181663
0.251068904517267
0.234836678767998
-0.652885234420029
0.414728724550404
-0.377557630111654
0.637807831342975
0.150079508672345
0.152709253567842
0.838861159184301
0.0795857490956463
-0.964661795446038
-0.336800344286512
-0.368347636012604
0.0226423315620743
-0.515544320669143
0.689543105220532
0.854116868837422
-1.03462808439985
-0.538543171299273
0.194227127776368
-0.103994406671363
0.205402026922575
0.781475933237053
-0.760853799686363
0.537530983969147
-0.686252486819239
0.0115866511893706
-0.070109919234159
0.585341901298475
-0.451842373972647
-0.643840782251341
-0.0961723982030075
-0.919002694685846
0.340924014526048
0.694932693986836
0.410116389724339
0.342384181210349
0.827539821810245
-0.543532183931597
-0.794607609149622
0.708648013869172
-0.312773748186039
0.811824792855156
-0.349896600995188
-0.107706056250796
0.336048687264239
0.398008582654219
0.864726893559424
-0.618336976016592
-0.0661617926352788
-0.969564061632337
0.646383633307434
0.443422769030938
0.773356530946175
-0.621145935127988
0.908705926736434
0.723752362213067
-0.196847417601262
0.972098042828466
0.583284286571182
-0.380534853991796
0.722467516526185
0.119091230304151
0.346341422613609
0.250877867917072
0.836412744737779
0.850230797681191
0.390214528709385
-0.723463660478383
-0.997811825332526
-0.64311954152129
-0.568767434550573
0.2728435239124
-0.313289597864206
-0.853414902879842
-0.534258509609912
0.73815001279007
-0.973238262317996
0.810499965717353
0.859241332123114
-0.170226254167457
0.779127769911577
-0.388128940651437
0.402088946713891
0.599448591267045
-0.965935100247607
-0.0447806553162116
-0.731530681957449
-0.630571972304478
