-0.537656782591861
-0.953113342754416
0.287336826524227
0.572367282193759
-0.287114506560244
0.762826788982753
-0.972704124928624
0.957560046468452
-0.193725746132451
-0.16265959156307
0.157331102869197
0.0471317834684412
-0.835828540605334
0.16210037918645
-0.238228302448968
-0.603387635615679
-0.57514072734401
-0.671178094009935
0.752349379009258
0.682357518410075
0.415175093066206
0.46593681865198
-0.287475934308277
-0.80534976300005
-0.86729439092274
-0.220359789621427
0.959427668402113
0.306487736653601
-0.693294835246043
-0.794216212960475
-0.779043052136866
0.979514639640032
0.364508126842281
0.0215281422126231
-0.339549078910176
0.442975413122407
0.27774096021517
-0.358588128659651
-0.954241437450235
-0.102474894421943
-0.841667395292173
0.102109137465269
-0.172539518321905
0.684376365853322
-0.244006876901075
0.204342585505543
0.374503100866555
0.851508415162758
-0.604429381961484
-0.841876280672591
-0.274144481717472
0.243573111993213
0.636908510140816
0.132894810108324
0.439309595253743
-0.238864623165954
-0.425919466326865
0.9847926353624
-0.737775282417093
0.72120211698478
0.269105787301751
-0.991933292294065
0.771805933492183
0.820599941183468
0.12931486358841
-0.89812925457421
-0.150586772509017
-0.995333489140364
-0.556503733816732
0.842416661927222
0.2544016483862
0.102743190392111
0.813112656166869
0.480434984895174
0.468701620781025
-0.272164169984527
0.0823415710129907
0.893594637416062
-0.950494866123246
-0.311621020372634
-0.564938883047825
0.320817572588665
-0.80494941828491
0.697932823747357
-0.748584183563875
0.432747669783641
-0.7957296435715
-0.00768828700813155
0.89016754213145
-0.866250610694368
-0.096174815247061
0.279913580852908
-0.0306580309879599
-0.0355037880638295
0.0492397831251879
0.600084121795162
-0.846592247580042
0.578299401253307
0.165982214608641
0.821926886959554
0.426767458387572
-0.6438194320669
-0.032828715385391
0.0136285892372342
0.195007975574877
-0.604739391654511
0.946153162976952
-0.839682070723529
0.796289485076043
-0.139495230808292
0.113951185186666
-0.0648517362416184
-0.840052626977943
-0.08618014262091
-0.740819745222419
0.46384970083069
-0.0989982625086541
-0.934147568179063
0.48480555662487
0.688759046265516
-0.124346824320807
0.773344036562536
0.162229743497236
0.38593525070852
0.133591489550692
0.856810734577733
0.315640635385304
-0.142033979385213
-0.370067072863697
0.108978604893284
-0.693941379040407
-0.472518850370244
0.694253531553224
0.691593074297211
0.229786043802212
-0.165120629811246
-0.657420095912071
-0.0075344927340424
0.813982057523057
0.666398871004405
-0.205265867797023
-0.82038024208233
-0.286981875689447
0.377382241275314
0.899197523493774
-0.278786731084418
0.592052553708778
-0.943504341057427
-0.835205229005758
0.570886976867868
-0.793664395983548
0.136916643887388
-0.713380574137109
-0.655484322992168
-0.849993632750733
-0.849564499199745
-0.597828839746925
0.223173063575077
-0.683424345375441
-0.877183956813403
0.0648469527367375
0.263479072958969
-0.451837587264841
0.153478285476399
0.62018391001371
0.319668933410871
-0.0817268426850763
-0.348401686517539
0.9047926265583
0.873308522136992
-0.793469743453612
-0.223328235604049
-0.347360653397994
-0.934893524069917
0.94361418183651
0.27676323453402
0.821681236285552
0.253221532142264
0.762032148864614
-0.563787356935225
0.25989499904172
0.385148186498244
-0.243417406747655
-0.631679396278677
-0.713498616398179
-0.146025046400861
-0.299819520166542
0.625527762494188
0.5598121980439
-0.0649918427099976
0.242852956746644
0.872724149848718
0.562302753652871
-0.488997373631459
-0.2914528236152
-0.404392675584916
0.24044696220404
-0.225473021237264
0.402726298479211
-0.450176246719153
-0.439181022214297
0.553981592288968
0.362816572784355
-0.0718574544015859
0.218362514083022
0.0738493338251001
-0.492781833561267
-0.0435576899824303
0.625862569689529
0.665789813389761
-0.215045089284723
0.541823611534978
0.820751773594505
-0.913982162574693
0.40476801007942
-0.398444854381115
0.440601099995724
-0.26020719423354
0.632820508789763
0.939902336945466
-0.422774312989254
0.642375851166557
-0.35499455890848
0.891541217240249
-0.882866882764562
-0.397405464273535
-0.839949363437486
-0.630817739485077
0.0594515443664314
0.970883330490772
-0.186314131476913
0.467020545110831
0.251068492502874
-0.828935647980125
0.148956791661277
0.901493780178495
0.644372261993313
-0.283954709855101
0.461786045271782
-0.38232154353555
0.886454181762553
0.520762897280439
-0.017449582181482
0.940759388797497
-0.142687457022898
-0.644666417786489
-0.449771114710452
0.767685931451124
-0.588258501888997
-0.866371377825572
0.390568822733913
0.830901734879053
0.888159529238724
-0.216684840821895
0.993856085723752
-0.714639625167125
