-0.0598524273140611
0.0406369976755842
-0.140570658090192
-0.280118487555447
0.63850897585663
0.441288929761171
0.257170009910202
-0.129620176131177
0.336608039683143
-0.819379470299099
0.141601037455988
0.523578967067667
0.455256082811367
0.696487360970847
-0.0998062491923895
0.980287551290963
0.483195990544581
-0.862345656518392
-0.33444134576472
-0.902908093768571
0.621719359432535
-0.519233437041439
-0.468575011369244
0.307125822249344
0.822058948789873
-0.220999087173971
0.709728917318339
-0.181878056247921
-0.0789783383435845
-0.619644795845564
0.368838745395864
0.913977390669054
0.155222414991099
-0.092630099784276
-0.59484182649049
-0.323369608639057
0.160919029633095
-0.478918826944302
0.669911412069781
0.787906683633748
-0.394300826384174
0.558527293111797
-0.444673489938199
0.975064619398197
0.488653941523781
-0.265774558263903
-0.398375058873318
-0.901069536883175
0.99148184746443
-0.105794221430294
0.355616381456868
0.136235865431837
-0.924469069191887
0.923067495148403
-0.881054945519224
0.638022303554547
0.673491765484191
0.793226487450449
-0.114444393350482
0.201219289140247
-0.713429244122077
0.924226173506813
0.224944591120618
0.841095605852762
0.779474665357008
-0.968074602174089
-0.461033425009061
0.343582702123546
-0.272289087455351
-0.7918858669122
-0.739624130154255
0.456307316392773
0.684775565736609
-0.824611313092799
0.555294508685308
0.44046495556123
-0.437841134727419
-0.792177641939937
0.124631224065213
-0.785019275999764
0.487051163704881
0.342767199181644
0.441728452602289
-0.737167905628984
0.972271138093965
-0.101588762604163
-0.957943048376828
0.263734648697393
-0.338148147700338
-0.99638404125274
0.366665750909698
0.488142669688441
0.900840098721756
-0.540342610017737
0.0542855631197986
0.401408169880058
0.313676225822378
-0.83754945067775
0.248261087036971
-0.681981852352648
0.25741703071058
-0.45491748739372
-0.843749321745276
0.860828994075296
0.593964114668642
0.732100614658608
-0.808142529415943
0.279202636849002
0.690935413714395
0.87256925065057
0.616778831658182
-0.0907912677602378
-0.206525321208624
-0.500552878992184
0.663022731395602
-0.0975234593469481
0.260366775942946
-0.685348426791338
0.267964118387956
-0.73299286528977
-0.928641065247844
0.861252395920009
-0.13602409369409
-0.0685846226448729
-0.605616297758488
-0.882190323861189
-0.493811194484665
-0.144770373957094
-0.0720906082496702
-0.0347981602816337
-0.199416047945571
0.820119222279086
-0.486916489385845
0.581207836126238
-0.757646309999285
0.986142119376933
0.393516410186402
-0.670255902311295
-0.484351438468618
0.535634882287257
0.0694526506958954
0.724264121181923
-0.448782017950527
0.851143593858881
0.471911083453894
0.0579430226239003
-0.0238373761960949
-0.72496440550149
0.189737700632042
0.405085447484865
-0.211963761258033
0.52193989970531
0.765703990119424
0.640287924445873
0.82129807831355
0.636424246701487
0.88025549808083
-0.753095786405535
-0.759366445988697
-0.755428341366341
-0.865015346827315
0.0146489535497164
-0.82550393532131
0.477217192205087
-0.576014525173666
0.110794910821638
-0.464613943600938
0.94270180972817
-0.0527273240847994
-0.168316636958965
-0.288795404262896
0.720758305552937
-0.385475039821613
0.890882002032765
-0.232287439539767
0.130960368202129
-0.730816887365061
-0.326689468805716
-0.3309774966035
0.510751920305374
0.271248408863824
-0.0343242563700787
0.820244357045922
-0.0833742089593728
-0.66974105556422
0.579797641653541
-0.776931456412174
0.966140960587716
0.0164207576511348
-0.892401001277812
-0.0304698605890773
0.904022500213972
0.336711278431507
-0.555372597972657
0.362422529702565
0.0365840834637062
-0.241804069475189
-0.544871800907062
0.0500527542903738
0.732003331334654
-0.542360601051932
-0.382046172049915
-0.0704473441080553
-0.8305229427393
0.212640789260799
-0.855568115301875
-0.1759419803966
0.917604344573262
-0.0813627480286301
-0.717704798228186
0.14559010957412
-0.36635485429874
0.621498985851358
-0.111234656967485
0.372607356650104
-0.231736847477538
0.237836000402977
-0.423951881515677
-0.133921787882818
0.928449080799581
0.829323350601128
0.0191425647585626
-0.509917259588345
-0.991738418934665
0.952915257501344
-0.695285824323673
-0.671896154386292
-0.93605750909231
0.20683769134417
-0.554243581390416
-0.0409555011239629
0.506057863839376
0.564041509454941
-0.277637417623799
0.32071103011017
-0.60448945166094
0.32928093490198
0.455459599840013
0.189669801325877
-0.0768627443657739
-0.105117781236912
0.0685245087090976
-0.728731478264192
-0.346818679504705
0.973939319800268
-0.180301914441223
-0.492891427524524
0.640898404554864
0.928115399130775
-0.514206295513994
0.698341837789942
0.142716893590708
-0.0766487514990298
-0.667286075059146
-0.714846311592488
-0.273952542381367
