-0.331980390790301
-0.447286731741716
-0.945137493741543
-0.676437399258925
-0.412065527963451
-0.66303592780096
-0.3118953386217
-0.665229343469234
0.998560719672464
0.584928273496089
0.727301821941313
-0.394112565924564
-0.226196549844487
-0.0812110895808827
-0.757074453919869
0.252786210096084
-0.127068574722396
-0.759903618949345
-0.799222810252686
-0.295940601145487
0.0931919754093461
-0.108315518938418
-0.60943828845689
-0.442611997976601
-0.96646800740987
0.87827514474557
0.90480576904331
-0.434219693597367
-0.268584367537889
-0.00859604067802168
0.900354971989953
0.997791179680938
-0.461560722150988
-0.623449506379592
-0.330778054493941
-0.517703736448121
0.1198148270882
0.712978182764408
0.736265608067715
-0.566210000866523
0.194254806604911
-0.320707672943155
-0.0781248710012636
-0.47266844460342
-0.699709365106294
-0.826018992646072
-0.362881765195268
-0.307303752426541
-0.517309846153059
-0.563452158229665
0.966940183410008
0.143675187987523
0.0681104856336902
0.654356288592914
0.467078745101731
0.4051729539932
0.843974356628065
0.734156664602746
-0.807718226281947
0.260016624956755
-0.437619430593011
-0.763110502531998
-0.674550723342464
0.705040288399101
0.706218203417389
-0.253435758233949
0.338675097379794
0.51001444530204
-0.0764286530880705
0.95508934512339
-0.806972651263827
0.605645369694249
0.780495887223864
-0.502293278447089
0.290884172857548
-0.741371833846077
0.912295047065802
0.123943035424569
-0.53316355862558
0.948744808472918
-0.541129487386008
0.665696499406809
-0.335553050596937
-0.0198480080671702
0.854544238220277
-0.824219897942362
-0.647380070461124
0.535411041039173
0.378152465720702
0.501814005336428
0.156990824926151
-0.690217125611023
-0.39434996034794
-0.68049376059647
0.923498796347045
-0.716035123726428
-0.294958570412309
-0.688923104114084
-0.601178502687748
-0.390938279763014
0.283742071199267
-0.674111957023129
-0.736794134524532
-0.943591217374736
-0.849217942924777
0.193853668299304
0.958809737237325
0.0666165566676082
0.316911586469157
-0.144787790489476
0.280907077962511
-0.306494229646705
-0.59159523869583
-0.26462895055147
-0.93864641102007
-0.0447823316064231
-0.887474549733079
-0.603966656536516
0.704109426337246
-0.350827094676015
-0.213595932299921
0.943308260912238
-0.253906661762404
-0.381736781030626
0.938801657383629
0.142813408116077
0.78396330795799
0.0157641358374915
0.601731183753185
0.261419941516879
-0.436290569595379
-0.337813078042417
-0.122972667416221
-0.291665733651966
-0.781581118910822
-0.158921390007905
0.899660235591746
0.408118271055642
-0.949025250186907
0.402644215555594
-0.817838257068446
0.255862956322531
-0.591504798315947
-0.337042197502833
0.257388848847985
-0.963427182827125
0.51498476612631
0.94664474149195
0.284530170853459
0.664196984872447
0.69757140637526
0.192041900760927
0.50827802754738
0.430412226509605
0.552669955331458
0.154292851054567
0.0180591969154742
0.195770617111621
0.784273285183244
-0.844342466261284
0.812052142633097
0.314991677609283
-0.378314859100174
0.627560347536406
-0.216061238888828
-0.541021284526819
-0.602212040216382
-0.586704425521074
0.211754824648239
-0.228547110061471
-0.970576827769711
0.371161749640552
0.672410250711891
0.380278919934129
0.702503755015954
-0.212164518005313
0.892864653710976
-0.217666145670123
0.426410650745272
-0.138679229690086
-0.999859171108289
0.354047019050001
-0.0463318083924729
0.428815845939098
-0.488560842401611
-0.561180353915096
-0.739135885940004
-0.247974903920645
0.43491834828121
0.521843102602882
-0.319511676036814
-0.142345325319995
0.342104241694
0.484805343872356
0.2296522714186
0.868893472742164
0.522737483876372
-0.0246703045147615
-0.614295794558189
-0.392148144324094
0.785018917520852
-0.311148944023752
0.735027392236513
-0.955980624815401
0.331698068269346
-0.998632674703455
-0.921683185253205
-0.0760335585078601
0.110020412456419
-0.223393724450058
0.949310267572261
0.38425621028804
0.191321673087368
-0.265915671771633
0.468103454740172
-0.474640527030484
-0.776310128131797
-0.79995019950226
-0.861752441396305
-0.599696562112712
-0.174056179845869
-0.570387051766868
-0.178910314394563
-0.195549918622136
0.576088674170104
-0.704719919846734
0.591691158033232
-0.340049430719322
-0.787742099072858
-0.158040922656249
-0.752560018736011
0.679732706690479
0.326816639112416
0.204662963658061
-0.852055601816153
0.123055487575666
-0.528234312263935
-0.54634825173617
-0.727996072444935
0.974816005224095
-0.386801160620297
-0.974852537688501
0.116740425044167
-0.210112393536233
-0.545109963814275
0.29671873345249
0.625906986066333
0.30222382602951
-0.89110485618556
-0.795977999030518
0.725270215539325
0.985471893958961
0.207467674051021
0.280322330139767
-0.746523877586556
0.723063639167811
