0.197842591642053
-0.67153016301865
0.308408189653658
-0.0564848141308037
0.667421119719176
0.914760988451164
0.932670053827183
0.861584445326753
0.626122723440178
-0.868947472724559
-0.13982389000177
-0.725857141953522
0.596834305182109
-0.85170727126703
0.243350125350249
0.940855474130134
-0.0436063718139566
0.561743548625345
0.586721446064975
0.381124055676016
0.919495491495468
0.371005495217764
0.489287661423495
0.441656233538797
0.718397428593277
-0.655173846986767
-0.924420102711407
0.0645853525291001
-0.149358440813086
-0.879047047632313
0.816356548885622
0.32637418556243
0.37986989341857
-0.262338334925949
-0.967610141188874
-0.425201241823012
-0.598900986659611
0.808555898821592
0.528355720883877
0.750119679116878
0.416429734107983
0.951502332512265
0.162412821960361
-0.869085372589882
-0.0722551119028607
-0.508821625754327
-0.57159990999743
0.639168018400979
0.572243964613064
-0.773486497732015
-0.276843943618224
0.734723973940368
-0.354161799686294
-0.0485456567588791
-0.703174068164131
0.986123985729454
0.0166198724143148
-0.0878394331456056
-0.318975130842967
0.135908121292565
-0.88113516225514
-0.840236045178456
0.858890327213059
0.554811276027517
-0.0793944428315166
0.212979197535167
-0.464143162001164
-0.318794501329976
0.311075162103518
0.475367426075939
0.366435877152515
-0.25099256711029
0.178870824920009
0.905526667537397
0.832466407872548
-0.346091239791157
0.144491584671362
0.717166791022523
0.76558993207343
-0.00500238111950938
0.190368694097788
0.701495264215872
0.773800044397772
0.856796775703818
-0.871020380563457
-0.726781789815062
-0.566988578093349
0.723667120627485
0.512313731647514
0.250629131541618
0.137042452966746
0.253561105062847
0.468337085327236
0.464070059519768
0.11637827199022
0.342813201565823
-0.866386978658018
-0.652465436140768
0.721451717426156
0.98246554710957
0.451756483240937
-0.920376562536544
-0.205653099912812
-0.330143715542423
0.128276554643944
0.78341888319266
-0.759051225470094
-0.622589288416546
0.316312454698498
0.378758470929018
-0.920153614090728
-0.1846481073294
-0.78402327261893
0.068089876175318
0.624676172810699
-0.831096858048256
0.156826053745121
0.0459261432543626
-0.646521234308264
-0.220308596287592
0.267426955348481
-0.495824065750959
-0.831868992702311
-0.827977283096416
-0.427600979270242
0.901688136141861
0.179128683327451
0.472151857646307
