-0.954955545991513
0.22186994606503
0.596445017037942
0.756373093715351
0.193779988507344
0.613847704174195
0.983513468404442
0.379829417236695
0.610034021107898
-0.145611182307377
-0.868507914537427
-0.119224029979969
-0.768197446386529
0.362098435916788
-0.759728713567846
-0.637278924697474
-0.0951317106761176
0.699336550449811
-0.576022269182713
-0.59934228221427
-0.361099531196273
-0.927886613546186
0.498654247458165
-0.761606062654909
-0.285105179829827
0.374584068205323
0.845173169803313
0.908844283098459
0.29153475756583
-0.365188526088883
-0.688993748149339
-0.608188857027672
-0.566709672772095
0.787428126615526
-0.303226918636149
-0.351288175792562
0.661611806663046
-0.158914526573082
-0.469442942180924
0.733049516328656
0.494098667040419
0.945310255844974
0.628152655235428
0.839524510103088
-0.851551242417162
0.348157908478849
-0.00892372655962656
-0.017464682181092
-0.273095479550877
-0.930394658737388
-0.614346104589146
-0.048846232022107
-0.0380603746933669
-0.0281201603404933
-0.179550260029361
0.274963550960273
0.638334134315723
0.432563766656004
0.523606575887025
-0.784863179641755
0.00460200900085168
-0.71658879519789
0.329165209014417
0.622322792985897
-0.401658956199602
-0.814470766563345
0.0621944216735474
0.856906491851139
0.700206173125481
0.780278817175631
-0.645421752305777
0.503160980484076
-0.431136172667293
-0.739433999829783
0.846299539313061
-0.149998253588298
-0.941078914986421
0.646839066168551
-0.0842463602410321
0.719149736410047
-0.483944670186764
0.0813638714596548
-0.69732325083494
-0.168919078632754
-0.106901047229111
0.567279249581975
0.424080833316671
-0.309338259215341
0.857166134127996
0.696597551807798
-0.272302826854737
-0.971711666079584
0.0603439580747653
0.853662347631416
-0.352708689489802
0.674407027324082
-0.609240110557771
-0.230232091487035
-0.425406438018328
0.149089123899779
-0.445683516841682
0.216504418806594
-0.500640984826628
-0.688498071424764
-0.763762953269485
0.824783404871367
0.298401809630341
-0.561024364574707
0.844911766444847
0.365885961581656
0.164256207367785
0.818752898832982
0.927234147572827
-0.895767614441022
-0.429841373288955
0.104043480780647
-0.593223398079542
-0.265022126402404
-0.0293149609154676
0.893019735365974
-0.271986885720675
-0.752587861506729
0.36796457360556
0.139186973747426
0.899335359277254
-0.945013877601214
0.213886734328577
-0.963440125702014
0.305311664020679
-0.214121091230551
-0.0490922792334615
0.403365347455594
0.926183952609636
-0.542171834512514
-0.481871583213891
0.11862049017087
0.790166578858908
0.629977716532894
0.394855671628182
0.141143228318903
0.430104050439444
0.252516127757544
-0.346024014415155
0.23966664181257
-0.167213017416606
0.651834988293621
-0.868900810842459
0.205775300894666
0.0264483320601474
-0.521154281637218
-0.261698481969797
-0.508875079843428
-0.0374240027262827
-0.69842764236519
0.614748617455596
-0.686464390689127
-0.736131138716081
-0.356384681794747
0.605761782882602
0.242443043794951
-0.577634935832082
0.200045534194854
0.355708823417467
0.358794851250795
-0.0089572289088997
-0.33221572406717
0.340886468719788
-0.932295240806603
0.685893537012275
0.0093649324440322
-0.207334955580238
-0.921737758448012
0.401884577609618
-0.525394164320573
-0.487714464660822
-0.681387875616931
0.667689582605757
0.352788312398811
0.323409119234332
-0.73302296087952
0.191053220466725
-0.80517150424158
-0.643742808204865
0.605443856178475
-0.651032118463123
-0.214838797442277
0.972475712858635
-0.801134384691038
0.721347078435019
-0.337355358356866
0.969158469023048
-0.490673080136654
0.949612266461993
-0.854672132872824
0.33393352841749
-0.997994642009031
0.120593696724193
0.0430133032006209
0.243100275646684
-0.117597091889632
0.709315155357612
-0.321884824862376
-0.0550868427758673
-0.128313747723007
0.117588617254124
0.553486414736086
-0.4124660989761
-0.412970895000896
-0.816253867453677
-0.760055591660117
-0.794337278860215
0.93568856773241
-0.996464944488419
-0.593584027928412
-0.306522088287366
0.60172705356786
0.610403021746258
-0.371957606557941
-0.846898823662646
0.658667925857449
-0.648900407457865
0.445697772223918
0.702477815420444
0.635243863320899
-0.409451392530196
-0.465826599016968
-0.270149932743252
-0.662853357814805
-0.394015930906904
0.172653986873851
0.278072481049309
0.144324344597788
-0.506707871231799
-0.186053552731154
0.634528840124425
-0.0723836443374663
-0.25805156049752
-0.875346096814828
0.524418142819318
-0.00245363156460905
0.498276410226897
-0.807980621240911
-0.0269226431453647
0.789937617870211
0.770032046581725
-0.295942021032347
0.00220697698067312
-0.344275748574928
-0.82594822872941
-0.00351150195718079
-0.242737440008919
0.737309207581413
0.341010127668673
0.840100488552372
-0.115992843172078
0.612440815319401
