0.887362220909669
0.604407329300934
-0.785838385263318
-0.678688900489874
0.741377961813288
0.497042773391313
-0.563244332615373
-0.236245090417033
0.0933089219508891
0.0462171835606904
0.782625894380638
-0.342488156144526
-0.800790240598776
-0.621049839339518
0.667889681418408
0.00181075328825009
-0.30535736271137
-0.881738344190932
-0.943453571000632
0.400797194899467
0.625953822898655
0.811997033800671
-0.107703218910456
-0.241205141216264
0.845957339909808
-0.233533786019305
0.994722006708651
0.347052137573871
0.624641306439032
0.389487928843268
-0.603988540660246
0.240596730385677
0.674814631522308
0.264373276105435
-0.569071825937889
-0.361753324031583
0.0309516961922456
-0.784989467060021
-0.400601694386565
-0.677175654695824
-0.372022509015157
-0.521887752205869
-0.45503410102845
-0.759556636064158
-0.632703463769779
0.369008134949502
-0.565196724189156
-0.980105700943978
-0.766947963356218
-0.679338936341992
0.0683255798025957
-0.725707776557194
0.521141536731962
0.471521694047116
0.901721163993079
-0.155372747058342
-0.0236832182664215
-0.716767730426859
0.840263597603494
0.148658982286683
-0.322124297059693
-0.996740771676128
0.657163841345929
-0.603419587307413
-0.639788135344831
0.720103075349789
0.396438954300199
-0.142816646347079
0.238729177863924
-0.998487976869601
-0.4588751203941
-0.401245003803676
0.782505776897723
-0.252674484320521
0.422413422970913
-0.158547600541215
-0.966819371385546
0.716136756953473
-0.208477939042036
0.521205829056488
-0.931096832576737
-0.534566718818319
-0.225149274394244
0.693329790421696
0.891887024020316
-0.931034738797275
-0.665288477840711
-0.945008736963038
0.800227702030733
0.428408287445821
-0.071074932084973
0.0521105693413275
0.834762783140531
0.167366086309866
0.838906815738935
-0.986565436539275
0.320976946038105
-0.698140920665567
0.460618817167059
-0.372419360666512
0.477163101911724
-0.521762430739124
0.828411046958261
-0.763536775225977
-0.00325455128924711
0.357578655717393
-0.86110074122525
-0.356994765028385
-0.0505114819163642
0.842733260341556
0.263705130943271
-0.0682369891748948
-0.908534359784781
-0.546675446896991
-0.759086134089974
-0.546749678578181
-0.702127980364273
0.91287810303003
-0.398938178939924
-0.665807763693093
-0.294485131699194
-0.167685880687007
-0.487655558829788
-0.67912846261694
-0.244267179914094
0.157462933062609
0.806632423526061
0.451188023404233
-0.897505412963642
-0.900236445652165
-0.864578236765322
0.622418774469387
0.806720931255428
-0.231699514730249
0.086464464560828
-0.795138395344676
0.221541146041552
0.511890333022026
0.4561349600996
0.172924859901722
-0.221161241441906
-0.876574926581195
-0.709943380290709
0.957613346451176
0.149894907521701
-0.710049392718579
-0.681532162411108
-0.946494792769829
-0.146261598207208
0.898470278718592
-0.960923438609648
0.351396826842703
-0.948257436452979
0.235307345284225
-0.417658578682018
0.152690124779923
-0.951125196334406
-0.79278435939632
-0.915796902414507
0.493593968041047
0.371712279739096
-0.864382267177718
0.118977647694338
0.939359537756802
0.806229129938022
0.0695014405563061
0.126606588203026
-0.697949228522053
0.363509092115113
-0.177928566411268
-0.21527890393753
0.377953965031984
-0.302863702277926
-0.687438741355277
0.634948226569994
0.342029796822604
0.0788005959203912
0.258809426869611
-0.0876988069921971
-0.278945701956673
0.376877795351898
-0.322396169202812
0.374033916839575
-0.384421700368821
-0.681163023930983
0.245647624555868
-0.708767576703676
-0.857642218713054
-0.596362927158711
0.331270036456283
-0.291938276769726
-0.639737049138624
0.54930326444944
0.843591623570216
-0.0922121335821724
0.582454252293062
-0.433323386551968
0.495387290285654
-0.408250778306112
0.613262111313153
0.183082422886284
-0.558072312371307
0.168031398904724
-0.964501083442729
-0.97692745052273
0.787327995227609
-0.526315818081205
-0.317583007140355
0.00793894198532294
0.0444235250279231
0.202933687818084
-0.559313203573502
-0.419552751686555
0.473426516852966
-0.979759413481791
-0.420510077251517
0.428722688624899
-0.986510337890669
-0.318036782687882
-0.903599771809961
-0.115986486576606
0.369467999934744
-0.0970186551204282
-0.876416296029575
-0.77225781838444
0.457128160743181
-0.113610094741475
-0.448348202556342
-0.210662414664076
-0.491152006675848
-0.563699399175215
-0.849988436824519
0.598470862504814
-0.123311132216008
-0.297514649892168
-0.209392235199027
-0.450465245532101
-0.550096048030897
0.0234445646213749
-0.644737293968225
0.619761682906704
-0.664566319782672
-0.0380625455150631
-0.841095418707375
-0.795437660206035
0.678791013937863
0.7795351384864
0.662957076909882
0.761155135174533
-0.0192639740648775
0.546706764412639
0.247718431421648
0.909725824800403
-0.927152052385439
-0.0392906219284557
0.880548063622206
