0.0367234326328009
-0.0522134002534816
0.623368549473688
-0.677232100063594
-0.0368607244034077
-0.7874803556381
-0.23620168265245
0.347181106996642
-0.956560845656098
0.373431449503176
-0.289500997283347
0.245959665881416
-0.0675811866799233
-0.164751618001235
0.38083341507221
-0.533368025375577
0.923146355461861
0.664714723681003
-0.59455991435823
-0.500202627308154
-0.975119024604929
0.0115452125759873
-0.255540006917577
-0.737109986897158
-0.0832404591960587
-0.257840041383252
-0.626985035805544
0.583696112144854
-0.716720214961016
-0.654671815669514
-0.122060544032102
0.129418239682801
0.793585136432239
0.524626188528049
0.56292110758596
-0.679235565334742
-0.495006009767644
-0.937176334917007
0.90643822615326
-0.337403395429617
0.0959425323160616
-0.546434405020078
0.58446858690767
0.404106346496623
0.391911814861734
-0.924455996224863
-0.840307695791992
-0.421105668223102
-0.532462476006492
0.352481797026715
-0.962930342742811
0.0682474128900077
-0.223835613238842
0.265721679585756
0.977279042886498
-0.174442286585353
0.773068719856091
-0.3826217561309
-0.778168341690102
0.622484534853561
0.173674697749986
0.34893363281242
0.765842255834658
-0.90536562087088
-0.0981401964639033
-0.20846970891097
-0.278746957912252
-0.946592007211496
0.361417745870724
-0.79438364628067
0.599621828947125
-0.803277107606396
-0.536219976482071
0.860733820471614
0.478549912137908
0.303911914864291
-0.13586242458697
0.85709980734298
0.938091333288971
0.127171211125827
0.786467409132925
-0.903145157180676
-0.597776428656991
-0.677531490452637
0.0899835888879783
0.0396469241009863
-0.450178330316127
-0.429415098243728
0.0749304067960457
-0.731786969245055
-0.551200842391451
0.38987085702769
-0.30838098222508
0.808464050292245
-0.812035863787286
0.432329322234803
-0.261774349145084
-0.698761143666564
-0.236619125303186
0.711660019073083
0.0936047599840923
-0.0010286831495639
-0.829319610394933
-0.819683097050114
0.805227004035461
-0.512909276158175
0.950232685117336
-0.655782357973645
-0.729642858482024
0.746565827797862
-0.633327875346603
-0.953806099421413
-0.199722321273216
0.686290554818374
-0.875899290694498
0.763462357665286
-0.11089521245727
-0.344892802447002
-0.578275026868945
0.106577202711835
-0.368657851152683
0.512228274850695
-0.480798609198558
-0.606803692536485
-0.883336974123484
-0.447959040709033
-0.9166778191292
0.501059915048191
0.738117902979608
0.843489712283303
-0.847277669001264
-0.298699481754498
0.664247864871827
0.690407137592189
0.344948254494325
-0.769860698780066
-0.371522192149954
-0.160805148368673
-0.355564051224023
-0.836089805222522
0.817407283815402
-0.958300993286511
-0.213453780938513
-0.975726977213479
0.683448110904359
-0.590198359547281
-0.96695777309877
-0.476111534153014
0.69853949207464
-0.718810660959162
-0.202660715442691
-0.633185168202011
0.171915581683115
0.302146909577339
-0.135633164008881
-0.946659902192261
0.882868184183584
-0.0619884927811477
0.488644999081753
-0.310562313143157
0.205063790555604
-0.989572600625172
-0.855364745126241
0.900959831682191
0.22252425343939
0.482704769092742
0.9495670561744
-0.444629888915068
-0.288556330587269
0.51977970141201
-0.108886936617621
-0.606250325767399
-0.884104891468124
-0.642583148721647
0.447970394137953
-0.403542966551412
-0.274129899747007
-0.490350208926552
0.498251041311916
-0.834674494327855
-0.952440020794648
0.697204765325831
0.984966913260621
-0.239837710066144
-0.775608761237886
0.827406393482435
0.121479218386339
0.466061079199535
0.934454422177161
0.461925632868634
0.27968653683999
-0.308207531845086
0.446242723227739
0.602904821461282
-0.446523170207531
-0.183480865710784
0.932324834974017
0.66804761420275
-0.810824405394311
0.692476573952107
0.451470114749513
0.671609212949901
0.101389576801996
0.466683035662346
0.534468266296762
0.075974400896709
0.111129506054245
0.287572374164759
-0.896119204796716
-0.625838104890637
0.757421401490634
0.785917815837303
0.291997029461055
0.4619040746793
0.0142536294542001
-0.864906684436646
-0.888378729369756
-0.0356281356762943
-0.130672299002336
0.841917908221883
0.901491008498588
-0.0684411911184914
0.723107959671382
0.0273113532810388
-0.205851441296803
-0.424535767585255
-0.5014221393902
-0.988602259562884
0.816733549885285
-0.878820089229074
-0.699310527073905
-0.070595032921344
-0.0973334412142793
-0.80067449772335
-0.440349176671473
0.0596837373058271
-0.935139330388595
0.871847372532737
-0.847289618620209
0.279078295629659
-0.934291090274248
0.267491618191774
0.34491705607079
-0.652979405496138
0.16438576003096
0.776078460885322
-0.031910350637832
-0.741993707528974
0.916467427071218
0.259182937936392
0.439858452905524
0.458598216735707
0.325778074132894
-0.554075391561977
-0.826987753259541
0.9688949665029
