-0.156207314226733
-0.281793942501217
-0.704543391019548
-0.779199508353258
0.680711267853324
0.420503011291101
-0.709518963345858
-0.936664870286324
0.905153078913479
0.621703035529587
0.718446716579517
-0.41579862193756
-0.499498381739935
-0.750447594350547
0.568355135182558
-0.522398737052592
0.810353094818779
-0.584024902004334
-0.111016614704398
-0.782872287116873
0.301391585471136
-0.869712578231909
-0.0501207043990422
-0.0619947636614089
-0.0916145492165492
-0.8811600977582
-0.110578306133182
0.226660520151202
-0.512567472347879
-1.01773185250179
0.660925991085893
0.677505514140517
-0.131372634005154
-0.416636295556111
-0.195113791413131
-0.527031097227534
0.850098785082378
0.344402731627128
0.0628100261372401
-0.977183483184008
-0.231200278276245
-0.297970602551431
0.0612055365211267
-0.840989355171035
-0.556212684868806
0.865461494853162
-0.944515617629779
-0.441190330440031
-0.0387025649946962
-0.0224179141803166
0.276027217172037
-0.342578195925693
-0.925960207100446
-0.345661046740568
0.54044024388757
-0.39742317199438
0.555400850719561
-0.513293379121834
0.891736607525549
0.508245538658928
-0.831936659382012
-0.523027470643397
-0.5676977241845
-0.152986065029996
0.284331061940531
-0.920833851003238
-0.19527808300033
0.83651574352119
-0.730308787198929
-0.708000498086329
0.0405004888318025
0.0612557786571014
0.109691459831276
0.286091552832024
0.866073038533636
-0.414271446106732
0.813625791063429
0.0331437864678576
-0.314200430483871
-0.213335214761585
-0.071175526285714
-0.556792635099711
-0.62108809786649
0.0233297816871347
0.924860029245015
-0.330652003690632
-0.626831005825227
-0.068959386398603
0.888315260482159
0.956762746005102
-0.493063484955502
0.359437255765363
0.111788931811186
-0.822602635791076
0.457570811920986
-0.894499241739835
-0.207101280625918
0.776258993889227
-0.271964852291825
0.48647211742458
0.75210976416812
0.286703367843594
0.300281519943785
0.284444446516452
0.443824936675494
0.900908265228163
0.0846475851127046
0.574953283480384
0.207862268089819
0.967701991481034
0.519678527976841
0.958647513337373
0.186534604928062
0.111671270330555
-0.375340058330099
-0.316162051055664
-0.347992905459324
-0.488847023063425
-0.882968388571146
0.316104593628052
0.460076356279217
0.279754519292226
0.915900019389817
-0.137831127334848
0.304637144406483
0.424287826896724
-0.854250458106288
0.530984990511784
-0.462115730074946
-0.431450874755502
0.254265823690797
0.474083128535201
0.0510396283598751
0.931882876966519
0.787601348735231
0.412012869534783
-0.456857474815915
0.351077314462829
-0.0555767132112899
-0.933067479613487
-0.885025014870963
-0.537973635615725
0.316797565552094
-0.699729385411642
-0.308330843041863
0.982913127201647
-0.699892627939896
-0.112188368438067
0.0936915364102079
0.486640575827829
0.808671204085714
-0.119357775217137
-0.0695469876444809
0.516078521879109
0.506496742709563
-0.581767635817791
-0.0317740927901885
0.921290898172933
-0.59300959958725
0.125048309649116
0.371605024997767
0.684053920165285
0.318164555237838
-0.961194733508541
-0.491092861267245
-0.55014373184934
0.987552120319589
0.838035097633997
-0.321413698369553
-0.0465730228993701
0.278527520757305
0.632924228075256
0.047129580701085
-0.819875053945376
0.626180480962501
-0.77569536686616
0.0901650672062076
0.682056174086948
0.996766266573581
-0.162263042292144
-0.0957612596480029
-0.146189028380305
-0.377880898719602
-0.810820441687532
1.03130954777078
-0.0309429733085263
-0.663821850010443
-0.260314362592593
-0.226533839377942
0.867076518729998
-0.758048080077717
0.255972006537851
0.64777847490129
0.155558157889274
-0.363627315676499
-0.900612963530515
0.771527579117527
0.577583471590199
-0.360213784554909
-0.57479814957861
-0.191788093091825
-0.787235292478736
-0.985658870319739
-0.392327011987597
-0.618299084950493
0.846050078090204
-0.957703035870363
0.136553386033627
0.69837187453567
-0.109479720141465
-0.344370703602915
-0.02201606603654
0.303326277150658
0.0914996079505816
0.00714913087846367
-0.124713551184179
-0.208573799619485
0.577967625600246
0.374290776216262
-0.812786318672941
0.996690364267982
-0.328322777926493
0.430279989848294
-0.762243001341101
-0.712799955954309
0.579468912889738
-0.5430286624256
0.401007625263571
-0.828306745936369
0.439919376919798
-0.810087577688999
0.0369836603061509
-0.618999793540437
-0.25378967931451
0.483900506945511
-0.67181074738295
-0.612118642763753
-0.883319106774313
0.658126218334994
-0.321170392384521
0.529369193344185
-0.540026338315342
0.690099998306629
0.29286242768465
-0.327506933847574
-0.670970284670764
-0.886463329194677
-0.983211175594126
-0.0554917889498676
-0.664841095437636
-0.123946644253648
0.212355821276197
-0.886720186249268
-0.519397607753255
0.653554787377863
-0.817746986889347
