-0.104288183627541
-0.728801855935637
0.672473412324213
0.441969065823072
-0.69702889697277
-0.459514626442881
0.627614444943797
-0.0776856785368387
-0.00474563553465499
-0.297620803557923
-0.875816627242387
0.201624368930309
0.852832020432671
0.413640750650515
-0.50068570605496
0.366726300640795
0.560311558263387
-0.0765151334469467
-0.00527856307550585
-0.516432519857968
0.213710327912898
0.985359778724165
0.194324129574461
0.278124574919816
0.831093952585346
-0.20165193760874
0.578411690641923
-0.23327161432845
0.167554192466436
-0.197124138666173
-0.187696427328532
0.00540860325538143
0.494550529999647
0.53617699362985
0.251985048481535
-0.908604227231266
-0.599379658962137
0.234179828321072
-0.868303768087216
0.0237621383843001
-0.141011269115301
0.42666441651881
0.243363692809228
-0.237411385638862
0.716975409582246
0.157113152162695
0.257487840921093
-0.819611862277947
-0.416177784458539
-0.130048986591191
-0.970297319491579
0.033901042498954
-0.396560339290421
-0.374959867403168
-0.858808395497793
-0.755500014480471
-0.368548120111827
0.4372476986485
0.285911276372671
0.675576545668109
0.41833886697164
-0.94504019528065
-0.359439394223203
0.620371050144724
-0.820755288392998
0.591374585361519
-0.000401914104893289
0.515477912890524
0.809092695224455
0.322276648389072
-0.536971154935855
-0.591734436231736
0.952343050485086
-0.765459249636951
-0.6005714857402
-0.965560392448211
-0.248010355353404
0.0541481359668619
-0.299804877170588
-0.79193934773989
-0.0995739381280497
-0.709592504972882
-0.671084023293749
0.500286008912642
0.978730830475818
-0.434960446142065
-0.412015366163818
-0.543000340043454
-0.964578871090127
-0.134870648842544
-0.851294839351112
-0.253938896985599
0.299120513512412
0.859468730290374
0.0540245002278855
-0.0160821306608268
-0.816123497986062
0.838673724161184
-0.360674522717503
0.0438637290888861
-0.558324362039695
-0.1979329719161
-0.837555148736837
0.61570207302573
0.0571035974438391
-0.396657350126093
-0.649501497952647
-0.428945449966034
-0.0057523353096226
-0.439824318266985
0.380925149743423
-0.142440900163756
0.574811402475121
0.687833964097637
0.76920726312858
0.623718639669575
0.382608298030874
-0.364741425186811
-0.931250597196894
0.0862775664634083
0.214269682746516
0.210908359874388
0.980391117530539
-0.83883440727329
0.944087325147874
0.665556707599443
-0.814476070521552
0.346670054884872
0.164270511033513
-0.679248228713606
0.391561322268225
0.342806320456327
0.181144787721356
-0.873043943536602
0.183796969228471
-0.276217068747186
-0.200017865178877
0.539640777321181
0.326464663712408
-0.124038189596639
-0.32447882197481
0.465510649824844
-0.986331884055599
-0.715215690205382
-0.052228517954973
-0.385946370034897
0.475250747958071
-0.281197372680185
-0.00658954319437919
0.00668430039120538
0.990841280172074
0.348996006162957
-0.655699956099222
0.369653430646001
0.0304760682693351
-0.836832336615608
-0.749013226454766
0.692336819885886
0.67609816488971
-0.96677693963447
0.813151774521099
0.981378844653837
-0.475657827966791
0.0306710777594841
-0.585841170450625
-0.625018117638934
0.122264852443272
-0.827819734802254
0.386590054439987
-0.400821670267825
0.510257448800823
-0.15645350616454
-0.983670910462115
-0.280138541819479
-0.234437798411405
0.0904675343232901
0.0318023731201839
0.998112243121358
0.276207573327983
-0.0788806752202131
0.188360194138381
-0.544910461385851
-0.0303843890084038
0.0595703629451879
0.43348404799704
0.274837094913565
-0.516482963603923
-0.484425114562834
0.876988229714903
0.83686189270365
0.448674992776661
-0.0030763779239287
0.715911936600299
0.169636902007373
-0.871096990063838
0.123201358798225
0.730055320245991
0.860783608556681
-0.195189075720778
-0.764371323367732
-0.290867147400308
-0.238684567818595
-0.695054551505273
0.892055352056243
-0.705247571285078
0.557163768188746
-0.670358142239329
0.299997384090225
0.721114976887232
0.224576384881877
-0.0502400969756339
0.320440012685123
0.0164128207783644
-0.24742636597628
-0.326659036746863
0.843631152837156
-0.783125031983763
-0.531856172155782
-0.58971145320922
-0.618346411155091
0.0979042287946452
-0.553495943672412
-0.973934054589228
-0.761317057959268
-0.539816844098068
0.595106290104983
-0.846932366903445
0.579318788947891
-0.64740579581259
-0.159971398351692
0.574151774199599
-0.881461354212561
0.825940028723396
-0.923614617643721
-0.664081679584583
-0.926455107069146
0.634973190891704
0.765140052742948
0.944133302348635
-0.364137952569388
-0.856437422064215
0.355331007259603
0.680161486097194
-0.170675733342657
-0.148844403654221
0.157630428949613
-0.266356981122614
-0.137696401020804
0.200952720820758
0.495466735312849
-0.722212106045638
-0.881853985966242
-0.0667552339184357
0.758296578255325
-0.687043923897874
-0.40963154287183
