-0.528771369746214
0.575211200530807
-0.945991533946925
-0.212658498495088
0.199342266879754
-0.644657735175428
0.705417023152845
-0.88996489518855
-0.326839725476815
0.0822309719537333
-0.453213566133474
0.561165139039626
0.859030817306965
-0.457310449432655
0.748343397642081
-0.498594783057178
-0.456550650394826
0.768212056835433
0.978697903859373
-0.304232023749219
-0.750019132254859
-0.973391110013379
0.782592060874386
0.785383955273133
-0.349997032967238
-0.308530228332575
-0.424200888009839
0.0313753358799889
0.265624590251851
0.989181680647075
-0.99709457350393
-0.499270988742804
0.572362108258315
-0.962623209645763
0.728508383475753
-0.274750131658832
0.746731216874653
-0.365665296801843
0.458582071589815
0.557547959988548
-0.0176228112690903
-0.714732497031251
0.089253560741507
-0.569528170505192
0.875761634831479
-0.902706654252563
-0.281890051956269
-0.226680978282005
-0.0979505290254894
0.397619322271107
0.405788475227324
-0.649344381946351
0.449204455862318
0.420670058898397
-0.579700023168448
0.735168838847253
0.987345786991714
-0.686183624324043
-0.992859034266177
-0.569650444511458
0.605563574027914
0.487788125522153
-0.906460011267638
-0.993357019314973
0.554492697861469
-0.389325656519827
0.802454973179575
0.348466034580894
0.750693326510728
-0.750798727599984
0.425428880285146
-0.0462601163091927
0.812129268231415
-0.978651023753741
-0.529574384417423
-0.216837706551931
0.544757987554994
-0.181077298057322
0.774344304384663
-0.744643663981559
-0.82602842270822
0.929161622155895
0.435986449914326
-0.72316636037422
-0.73632318483176
0.8854005204267
0.12687044081205
0.110423466954158
-0.609075951913382
0.375211987390811
0.0766466567221874
0.337422188425226
0.0522062900038636
-0.160052041307638
-0.135706760453472
0.669444861937342
-0.000262421271294585
0.909434929528794
0.321818725826553
-0.20688126465316
-0.730950415117553
0.666812809666089
0.709714012023935
0.0967595255878318
0.641845856655297
-0.737320363428202
-0.754407204769371
-0.433870902406607
0.140235067137361
0.464747296121138
0.803801193598333
0.881699370375948
-0.827651253044688
0.0522312583166945
0.886681883571843
-0.263555786995072
-0.31343182340261
-0.145804278301681
-0.537991242596011
-0.230658751680573
0.0682538965565591
-0.608102656111528
-0.755613093207163
0.428361940628603
-0.347165788501942
-0.892760922599875
-0.807930471709534
0.669440239272643
0.496926712413757
0.193767619229062
-0.976214392861891
-0.486624982813988
-0.191585882422625
-0.19346348106889
-0.0630432587761231
0.574522556002329
0.640272667400771
-0.337149221814526
-0.703428481406281
-0.0979237963688897
0.638297679492303
-0.0109714094359337
-0.790712186974315
0.858705795125714
0.29421224753652
0.89194569573237
0.767052023656584
0.318137577784487
0.772392415700259
0.884005181724341
0.254373284266854
-0.190611590250706
0.179833707802213
-0.471143442809904
-0.672389290108989
0.818721783808284
-0.569981847211542
-0.851419681855662
0.756551729415278
-0.39592655023784
0.0829365920610358
0.733343284914637
0.572572982677121
0.260418110989508
0.955518980026545
-0.804332840226955
0.840207795950851
-0.899919513623573
-0.705620313363884
-0.0689165502088738
0.931303058320348
0.752819273090956
-0.137950002980905
0.637008910334253
-0.355645271968285
0.479425632725297
-0.237582782499745
0.159296453248367
-0.145954439858577
0.806441297216627
-0.369517601602089
0.530955582467003
-0.552491934946932
0.1572450591642
-0.83728346823679
-0.322442138024908
-0.637578254487945
-0.125414961490193
0.279105273680822
0.950455813660776
-0.899256398062704
-0.45829226279795
0.953285661308024
0.16290255419366
0.68488661084465
0.791786663985039
0.855624383025036
0.108226611917988
-0.750778510307388
0.800823826424108
-0.170938246223058
-0.724694650675816
-0.975827010131142
-0.0131442956781039
-0.461211346887165
-0.553833800137646
0.520479389596166
0.993860785931071
-0.91346286043106
0.593421797301065
0.025212508744721
-0.936661515398671
-0.633997871144322
-0.215975262074225
-0.934857073211943
0.284474301892208
-0.989135185806787
0.318246725635739
-0.73107513527642
-0.256455249106862
0.986050866928962
0.174272763469368
0.916245261918942
0.41129920422078
0.129438917180356
-0.325158245622819
-0.909550099699381
0.653953717102378
-0.871767617173713
-0.492777919352388
-0.655370648593751
-0.89145918402251
0.566469344992456
-0.135901117997295
0.757571737803424
-0.792761319246061
0.885757817348364
-0.559763005535282
-0.906614919704196
-0.67162465570937
-0.175221701518642
-0.897909980094201
0.646599082696276
-0.540194761192144
-0.0666880035383084
-0.984974238824006
-0.846096410759213
-0.812414366552961
0.0916793129578288
0.0193166047680263
0.767418893740418
0.997867748302027
-0.340712809163268
-0.81450108818116
0.45245486608752
-0.89739111649285
