-0.150469229843425
0.462296804944486
-0.443431545268889
0.384961246246234
0.442483587230822
0.604279678913283
-0.132021697023138
-0.0351037382402993
-0.0428134892191438
-0.812526524163697
0.354595374072972
-0.562776639174839
-0.922228517988414
0.542965882468276
0.139983696479844
-0.850915826994925
0.934106655117574
0.200455935770418
-0.736740134252991
-0.0664792936516318
-0.39356592923409
0.479705945086117
0.202161677344423
-0.86328852585389
-0.784278614361559
-0.526487661112525
0.720117594036797
0.484421861178748
-0.243182723928916
0.601012209866989
-0.188161298530736
0.213750766338459
-0.256273718949067
-0.534252990059731
-0.594296926775359
-0.350320865063972
0.908015730797886
-0.58511509055791
0.860175947385623
0.848381097353289
-0.300355033456343
-0.0795997396547957
0.56087814436157
0.50666570881964
-0.158750132924328
0.668821893982192
-0.0284177379854441
0.987909956501577
0.549736638453206
-0.409805330298913
-0.689883545073807
-0.24924623665598
-0.967287421779436
0.674874162951625
0.505732962632775
0.116136886955952
0.344494314447246
0.564018491869703
-0.662966610971838
0.161767266053602
0.307951490163612
-0.848037554116196
0.11984300825259
0.567117934581809
0.482901315648828
-0.0696543949623389
0.250141917182636
-0.259581042937279
0.17968933234691
-0.106318536879379
-0.877043001206737
-0.661005111148669
-0.107092297217871
-0.718192116894097
-0.758557517216953
-0.707115704140132
-0.552325577873866
-0.547627961531662
0.722581737773873
0.289114097722214
-0.474847664798804
-0.149314366496202
-0.967221670044585
0.207937254841864
-0.851033066853885
-0.356418748623501
-0.299819815121915
0.673619884071455
0.201572365822684
0.817082175406128
0.610974625887891
0.696474270216924
-0.602944245823795
-0.229535210942434
0.554092125803496
0.878832741453919
0.233157091489056
-0.169864371762687
0.554644351925339
0.61233045324285
0.314999053729002
0.298567400065327
-0.215448366640538
-0.630341018916183
0.40792182444708
0.352658839403708
-0.974578182815541
-0.539223731773207
0.151498248217106
-0.635830583366474
-0.150522605679009
0.73264596443467
-0.0181928739335621
0.131047498433884
0.197585312420772
-0.573912824201171
-0.355482630081701
-0.238919480739764
0.344428282855796
-0.0995601689970133
-0.191701592906784
0.537095932597921
0.347798001382787
-0.18140890295609
0.708332213824926
0.668578414520137
-0.766582654088293
0.336783185532159
0.0420444664135365
-0.677270486537489
0.687024547966058
0.378357180116859
0.620021866769299
0.885756117571464
-0.945839259652303
0.300697416893317
0.752129596450936
-0.402693875584145
0.742008721468249
0.371515335761561
0.509778809533223
-0.357198515287058
0.181760448953205
-0.0595278934915402
0.174906335564698
0.686743605534758
0.790470511289853
-0.28631785378869
0.190175114809739
-0.00764589021070987
-0.159863349157683
0.251278380535033
0.453809491346113
-0.207924235192821
0.381930650984516
0.492412861811841
0.906542010399105
0.530968566736495
0.955264638678483
-0.568615093758636
-0.348980664991339
0.159464939926772
-0.244783771001602
0.869317622089123
-0.631358465094299
-0.619771887131137
-0.36544806613082
-0.843132683132991
0.724885766976337
-0.2778283087488
0.920356402013102
-0.369152495017647
0.148624363135739
0.565326762406169
0.301307901455344
-0.542726534150081
0.506081680856925
-0.895476259888574
0.168524732219042
-0.782055735305667
-0.867417884905434
-0.0908904291901619
0.481240061557652
0.276635037502179
-0.180897745846797
-0.398502486261924
-0.0906436827449734
-0.0640045487467104
-0.149517220273099
0.631358372827353
-0.476940883874357
-0.0400472794006456
-0.195626462414374
0.814837303952842
0.839252854190756
-0.805821778131258
-0.367695712172082
0.904170552259679
0.910659039461468
0.391573610111379
-0.310635577153891
-0.732192456561621
0.754093874584263
-0.192758724304793
0.272263271016282
0.270579928926279
0.857079975136469
0.506077426971553
0.395986344659055
-0.202962503202162
0.728799954017861
0.216456120656754
0.639547819191732
-0.0249581785807417
0.130254329632016
0.299743627025282
-0.249610176298726
-0.375372316609966
-0.153603861171826
-0.482522133612433
-0.954187755076418
0.744792750764375
-0.400612150578257
-0.133060888161969
0.80353263211639
-0.0156289571858991
-0.213221575801368
-0.0170078938504328
0.343224486989651
0.949398013804759
-0.163727609069687
-0.35251195080256
0.689432614703011
-0.750863128126079
0.419050228867988
-0.362723572583528
0.634024540208809
-0.768633783851691
-0.353270980888122
0.0122689615803607
0.514551555950955
0.782790874780057
0.372274301581766
0.437309136018238
-0.0824416120447339
0.111797218789235
0.859490761932055
-0.862421350846116
0.896480008783744
-0.222766057487336
-0.216774320564834
-0.969499293500475
0.682968850916287
0.735250731717761
-0.0641580574576012
0.254353921672881
