-0.90173595479855
-0.712644776354349
-0.865115172542157
0.416268821840029
-0.733069983271124
-0.316270057216945
-0.732622522060962
0.635971355092359
-0.377782200524149
-0.834094895143203
0.366808849177162
-0.996670751217913
0.0591846375783645
-0.826908657410561
0.796417131910859
-0.586243796860997
0.211250847335327
-0.911207274101474
-0.0408456394960217
-0.654745925168586
0.222097448136708
0.0888687639112968
0.313542351546172
-0.519344299027552
-0.371643344339745
-0.0722325469303643
0.042702022862533
-0.304571517101556
0.196361201038315
0.128149298606662
-0.255906174488034
-0.921391493279942
-0.694413666681496
-0.537620482340505
0.285451918140751
0.294431629559693
-0.0676904909172735
0.618983912485436
0.0387586511083745
0.540615960347157
0.908823630764397
-0.40660098686233
-0.300172472300381
0.73757840197877
-0.558061607011155
0.195994418145393
0.116270920479046
-0.879379741187511
-0.933773015736572
0.505222128510979
0.961005636023153
0.87326965711808
0.951929931223559
0.155537096873846
-0.0057337895266681
0.0391477038525804
-0.0895882517259299
0.0199207854591577
0.565786789591465
0.607907890191433
0.554968657033868
0.797886513352001
0.484971652901337
-0.798767712218652
0.323779649666348
-0.247380442885286
0.873171640353318
-0.181010200580789
-0.531093833502066
0.906363098729718
0.539980333681117
0.544939748627788
0.896072988218223
-0.195001454714373
-0.877670705081136
-0.085123732617813
-0.902120991499427
0.629686826648672
0.699353310634426
0.311174360149327
0.351813989110786
-0.987598245754918
-0.239007683228504
0.149828243674171
0.717516867522806
-0.0236572319469439
-0.620747348768835
0.993803909293222
-0.778386473236753
0.0296464931936069
-0.807058850336803
-0.992389454069874
0.0493822378480065
0.804952947137613
0.534337975911183
-0.837252707423305
0.982249281387603
-0.719367562310138
-0.817737909137864
0.133087221727971
0.688493248646687
-0.089607549866398
-0.696066957615161
0.593566955035804
-0.849600932389948
0.868004931993397
-0.0487948927172701
0.851213274633345
0.236954336154309
-0.655624607197532
-0.283633035606568
0.967742984514303
0.0594985512803692
-0.929588176240281
0.842075457533523
0.0776906741640587
0.766310079123703
0.935750314223546
-0.218307482584221
-0.754234818809705
-0.300426341711293
-0.850290484988109
-0.873124398315406
-0.583051613299033
0.599561225655458
0.188053613460429
0.925150835006312
-0.652698878071989
