0.203274421940887
0.270370807071575
0.829994232459482
-0.802069813070864
-0.659385964448691
0.332767157713304
-0.57108304153545
0.615414317185295
0.841071297285071
0.558056803033387
-0.866094850391214
0.864138900044159
-0.87305369097842
-0.0195678506938463
-0.749105474002562
0.975334350771545
0.259158820890887
-0.849482113075056
-1.02068733274392
0.182403454011894
0.347994838254337
0.405454381882357
0.260573903549328
-0.415561850397833
-0.370881874102545
-0.608563812573222
-0.916474530965743
-0.0919618934688344
0.853884366761067
-0.459052679376264
-0.125884663680185
0.542682738182242
0.47169260935285
0.885867428257425
0.4185815470399
-0.76033681950523
-0.0528210848262118
0.860109903213049
0.423853265237116
0.151880285184553
0.399564804541815
0.442455488775775
-0.419615864516197
-0.102536690894875
0.658677571696267
0.1664778699568
-0.359115252293251
0.153705328299316
-0.78674495917413
-0.174226546102021
0.083870248204169
-0.981026036689729
0.197737888615973
-0.895964559643885
-0.765371230721714
-0.77078485204047
0.69703374910191
-0.0584879452690704
0.559385439350266
-0.048893046606415
0.734562038412769
-0.417781254248727
-0.723496974161502
0.856196615478009
0.481048262172085
-0.643756045363085
-0.366080187687772
0.55020715364261
-0.339853316431346
-0.163343781495534
0.792768718692763
0.44619608504026
-0.228142148187263
-0.733331002928218
-0.65007473996009
0.505144238482945
0.343588823035068
-0.0583173141503748
-0.0465710713855602
-0.460678229249575
0.916734451633021
-0.314024006256398
0.599384520360474
-0.880365137259726
0.370600372108462
-0.935342346143312
-0.633414468834056
0.765605537798851
0.169745640054892
-0.523030071703928
-1.00580900968958
-0.626412321678009
0.663877786762556
-0.14332714216891
0.781866235804124
-0.950715572241443
0.358949884738081
0.424347159716723
0.031752966845206
0.20293917409369
-0.258846953905042
0.84614853073773
0.188554157539126
0.450600892640404
-0.847720508084235
0.853644210369567
-0.208694784819815
-0.506328472721915
0.217388570010148
-0.246903387014444
-0.563230708863368
-0.709495312400124
-0.40106307039468
-0.872141164034148
0.229045657773046
-0.155685518386335
-0.530485033894916
0.885069649234084
-0.00828864378684661
0.839168841391652
0.900991446332243
0.484392742300717
-0.457441415176
-0.369207438039075
-0.0882641580388605
-0.330289989323176
0.282517028585239
0.890172624280315
-0.33965753464905
0.350024417164289
-0.0409853389434024
-0.575082696438032
-0.584464759089854
0.724002638614959
-0.123427239785008
0.406055615319922
-0.718615516195832
-0.818886413633431
0.199905960473729
-0.0526934595346687
0.160139667858799
-0.606079650455786
0.384971024482584
-0.0896251560291948
0.637207449973184
-0.472320005950693
-0.939415034687051
-0.850883772659085
0.136243328304005
-0.450287247244277
0.160211840945029
-0.163466968805805
-0.536550916239938
-0.27989833380941
0.0390534562282809
0.016442624777936
-0.522238038794403
-0.731790044430064
-0.928140228401224
-0.603860750570713
0.692824226975973
-0.710519243400316
-0.748672392343474
0.262157566761608
0.137272158844309
0.749118474258083
-0.0986103991556862
0.332450011014319
-0.0755685278850923
-0.201964484478347
0.0667781156961364
-0.353456409863496
0.261547289374442
0.28647960936172
0.137786229088951
-0.916250832821381
-0.0402066991834223
0.724167168692185
0.528989341177533
0.403739441017815
0.607434362836572
-0.494270780702053
0.166328173816003
0.856879217507618
0.93059894494256
-0.0166216817312934
-0.938905605206818
-0.77688610860633
-0.307702288417262
-0.238679915091728
0.647031714467987
0.0714250529591182
0.235738020761196
0.344047233108078
0.710069328742859
-0.884263042357882
-0.207749892894105
0.800742221392829
-0.121521441419394
0.68436338285944
-0.11114032490504
-0.0607464717716133
-0.198477824770688
0.760477805034028
0.446315761246441
0.727668927520257
-0.0446228861840605
0.00957798568730998
0.300885867683462
0.287751215796064
0.252771090911567
-0.0681445076457559
-0.0153695320911586
0.150399299069597
-0.692214722205656
0.516042048756479
-0.171631005214925
-0.432103452825014
0.424773390554745
0.897247922290584
0.179711709910652
-0.470270238669159
0.542567467182597
0.438144437000851
-0.200415337001033
-0.432299843682782
0.0647403190419083
0.317135096104627
-0.565773665753898
-0.926105418845579
-0.170634567103397
-0.227412005426925
-0.53866687306382
0.54151640024649
-0.500589370999716
0.0659137643820442
0.18913434882475
-0.725635515787564
-0.0871379849256165
0.29429364448757
-0.602539038470256
-0.794139125224315
0.643661315709464
0.903977007014086
0.545601591875981
-0.97676669838946
0.567344082935431
0.3578209293132
-0.77011156321661
-0.349602424930839
0.0511322850277693
0.139802673860404
-0.103715614398714
-0.922329948472905
0.248779892047897
-0.886946490172204
