-0.103210387065893
0.48753408255919
0.00646482917985979
0.834103642325964
0.806602937446149
0.944034862576323
-0.864104164115043
-0.970903742461089
0.202281547202413
-0.723784113608976
0.290411158057772
-0.56552371982103
-0.819685691669825
0.178302629167012
0.764618451172988
0.464933950550185
-0.384899498662706
0.0905247184747609
-0.763514691375857
0.0852206471703788
0.202960206835044
0.742243242159486
0.90713960094611
0.896924639082229
-0.53857253299495
-0.618345057658716
0.300937072597587
0.155525283056151
-0.369388943693789
-0.56987694119794
0.258104097552875
-0.4573402019643
-0.0436435742628384
0.793669680986233
-0.818397280034104
0.718167848006464
0.508786858158941
-0.786527463302602
-0.701658862949035
-0.375785290214106
0.242693913307009
0.380707778603491
0.352796632169646
0.939209319411406
0.241551043638846
0.86590863913246
0.46379779376374
-0.894459892695155
0.349020520498408
0.0160560828584172
0.399165214505703
-0.0733417669703596
-0.494823957686042
-0.552106899447714
0.941216708856352
-0.00228499612211926
-0.265345734159837
-0.161725389966019
0.977609084638277
0.533029234394913
-0.92034555763992
0.843536367190782
-0.107930185121784
0.166275248889613
0.485338202049138
0.29822667635749
-0.78776924878791
-0.858587826902815
-0.417541443049325
0.989685246006978
-0.77087296136914
-0.0405426718309811
-0.270149922712865
-0.931059416697934
-0.692280549298889
-0.765080354814677
0.371552323787047
0.895003079000763
-0.327826785638136
0.897136363952947
-0.209194125086464
0.670311144849442
0.588465680493323
-0.0112497061884369
-0.643441189617179
-0.170615770808636
-0.452020822412761
-0.197548142884303
-0.644548077282178
-0.45038168313839
-0.439910919225689
-0.0135987249371981
0.637234204125966
-0.527839419508066
-0.171603621155225
-0.780046428556335
0.594759101589534
-0.567825423788166
-0.031364886416796
-0.0653491763524999
0.909030165752468
-0.353310172050726
-0.408134343335314
-0.935035534728564
-0.227429579220984
0.803908779083168
0.318934993446197
0.0215137266972471
-0.839853921306146
0.800001826426147
0.593629294057237
-0.0772021363994096
0.893912500291315
-0.311705237524692
0.806729994030925
-0.552604002706357
0.277860018821874
-0.446544148801363
0.433189377052359
-0.215964674399522
0.0350944457244678
-0.0921597607471389
0.461852837750511
-0.0769519302721719
-0.225456922066581
-0.570797348199989
-0.610580582253782
0.690944314506439
0.0857064562046438
0.513372778062211
0.0454969057349578
-0.848936760020527
-0.911452423193273
-0.0685573678325963
0.0441475899310144
-0.90675756207503
-0.159090402721399
0.842527819313622
0.983152264892428
0.0749950151306817
0.951288556061804
-0.864371278531322
0.818698336127261
0.882335511688244
-0.355815621789189
0.72468015976685
-0.764672490385221
0.337462113467211
-0.745525457239172
-0.197206054026526
-0.24719546360036
0.513400626510878
0.634142687020952
0.467050987702844
0.971656753125464
-0.0206967097689517
-0.655269547556873
-0.86953654385583
-0.440390998891864
0.243967992323274
-0.963656834426362
0.465169388722101
-0.424005510941677
0.50477784250586
0.581549337876817
0.368982133223221
0.953854891888657
0.281264446666644
0.280196159537175
-0.760786141919561
-0.735222597910774
-0.443458682149756
0.399590633681405
-0.591182647059393
-0.657207361545855
-0.951840345250804
-0.0773240107298849
0.131565864533044
-0.989536751196012
-0.72974615645639
0.638391465778993
0.767098089435517
0.530255649110689
0.465965626543541
-0.265412208768012
0.384612591456076
-0.492402326094209
0.817264067154397
-0.0276910324363504
0.14874620251696
-0.0120373370625242
0.900824678308777
0.0303384227511646
0.442258050163879
-0.133185220698511
0.944172035550774
-0.855964950016443
-0.208554717518856
0.269418309727983
0.984320301196417
0.954313153141919
-0.343342694085606
0.0251292319866763
-0.847109427294324
-0.37192635081507
-0.708324611144352
-0.125764487062799
-0.287681413293374
0.170221113037409
-0.198358468535922
-0.980445983677313
-0.376859230492563
0.268779100242777
-0.931004547006315
-0.90804539458938
-0.259496754125973
0.94311173745301
0.307014088496965
-0.275542825931497
0.871684326137228
-0.10748534592466
-0.369161998526657
0.0989394662235107
0.771966892157404
0.0598339496590404
0.56778133055485
0.70300832067651
-0.220594777473929
-0.269659904869828
-0.829761262142468
0.529843136365281
0.870436622449955
-0.798692598530788
-0.230208487933382
-0.910958093063715
-0.86806113277481
-0.841422952223277
-0.669113911527045
0.170171377967855
-0.73562133893965
0.796979098684502
-0.812469544866525
0.400732786850657
-0.655341965393815
0.97562440633508
-0.259718169462357
0.126416449160244
0.653269648851819
-0.927119776526083
0.616077851402291
0.582059394831165
0.610933290329912
0.302128441134457
0.890701846437931
0.574076681747652
-0.245036308460278
