-0.0291781314651761
0.520519778190543
0.281722449929379
-0.442020381546332
-0.898745322903879
0.854668775868861
-0.631093941925688
0.617449468510896
-0.669722509173799
0.335155238704209
-0.680142514677436
-0.160035415946375
0.834814517928199
-0.625505927656472
-0.319796076251597
-0.928393165242092
0.198973151532043
0.799994584638063
-0.312509668823049
0.759172778543016
0.160746555154652
-0.723533571338572
-0.549692527412915
-0.617663161196445
0.0772708582112805
0.419741970594958
0.481387960539974
-0.988263936441659
0.756388886907679
-0.288951314975496
-0.982679013655021
-0.552859863128494
-0.531012486806012
0.183238676393484
0.680548442509437
0.505380351236495
0.444733432458406
0.362702200337438
0.673110283625634
0.0522021578084216
0.480635613793463
-0.327746360309273
-0.446885883235486
-0.509786222953908
0.661676932414236
0.577011368243557
0.0195981154963918
-0.744493212788459
-0.741822416615735
-0.670688587832399
0.76619312519484
-0.435018389471483
0.28087915495466
-0.219200231824703
-0.893195263482642
0.421476473183538
-0.810324016935954
0.207052449816089
-0.991975901050231
0.572419199163953
0.229691231259474
0.676457346648531
-0.505702666612185
-0.00217271147527903
-0.343266859753275
0.838373993838371
-0.838648998135389
-0.957248722984545
-0.573149097296678
0.99857006842276
0.0137539586412973
-0.492150694992563
0.536273711311228
-0.615067432274553
0.434059668712773
0.304071024674565
0.0869177910175451
0.898755773199536
0.315970202951973
-0.278345315713294
0.800689360702387
0.631636218893646
0.476231518671182
0.105518751864832
0.342882270002201
0.475378829231726
0.201772749018946
-0.375207901494654
0.388263126581696
0.338212857979583
0.250932002370786
0.129644667175796
-0.32208722806333
-0.432740766177032
0.0904293288352165
0.247885205738399
0.828512127613773
-0.584684585705713
0.372081233398079
0.390541870358161
-0.698099817700539
-0.912300955459645
0.357641570684884
0.375532624705949
0.614698305056891
-0.676508073887046
-0.29755391209156
0.166814315763627
0.777300068579541
0.32873171497158
-0.664028756132405
0.577881409170968
-0.330633014772802
-0.878376418018433
-0.474092709244332
0.219940660877592
0.969965456885125
-0.826691104847587
-0.0786920367347029
0.36153869013261
-0.0926157809370329
0.229026465308232
0.0349941596723173
-0.763756048482194
0.15395233061545
0.625941789026283
-0.170478968509177
-0.568139146162115
