0.698054062086892
0.401273293859096
0.659011479283961
0.702424887717457
-0.256309684709483
-0.576682620161042
-0.00614003517388414
-0.952893866833759
-0.70681951277045
0.315193455942081
-0.966532902549043
-0.228852902695693
0.137833650129861
0.944412294113173
-0.767632403926001
0.0132172441093369
-0.0585104385314067
-0.974082501473768
0.565547871807482
0.816924513296493
0.177158354319489
-0.30719852687871
0.302357660007043
-0.555798497202426
-0.974492987670211
-0.965462629212311
-0.779694767533451
0.0552737852895736
0.154922084958316
-0.846873892966076
-0.277213609256094
0.145340778047157
0.194927418310972
0.397982070199742
-0.358434902027303
-0.34670444642882
-0.184556375911785
-0.103655758801124
0.973782346660681
0.278210242951678
-0.222817371258598
0.546013001532467
0.601473971658266
-0.452092567779162
0.186119300891486
-0.83108856379792
-0.531160036090838
-0.0544286846224745
0.520365838485109
-0.754335144107273
-0.112023599715697
-0.971570877893349
-0.171545186563801
0.17494989246412
0.878582312963592
-0.630704623845924
-0.794486831933221
0.618409408888481
-1.01074558152357
-0.873786834970995
-0.387868095852883
0.912551239593289
-0.886062250575065
-0.302357496035296
0.447981319416847
0.00546593278655908
0.569010586237014
-0.241992745607456
-0.491211876436356
-0.758311846020403
0.411798907574021
-0.649618808856387
0.211416925822761
-0.243127879761013
-0.820048499788538
0.35478157017346
0.27278151837615
0.783898088115682
0.00846546629282661
0.138442265795771
0.464914702061189
0.589802632535
0.57828229832303
0.206928320513586
0.174587856085149
0.0414173191666681
0.0422710569165292
0.113813617050198
-0.530227829046174
-0.02579453960616
-0.801347806967568
0.473507306242036
-0.119219102579039
0.519457714146459
-0.58315615221757
-0.126314197177496
-0.806727906228022
-0.455752854603934
-0.90742643346158
0.0350848927065978
0.421684349660398
0.857237759097739
0.418727729160011
0.452070887872113
-0.195521331283335
-0.579746844165032
0.209473931073829
-0.163031906436172
0.391946553976393
-0.872244032384792
0.00861703354830303
0.686626847518139
0.490502786574422
-0.720762291824523
-0.328003334663312
0.709859244361437
0.72968692809257
-0.432347830011595
-0.160028262602434
0.0197552532492659
0.266456834311322
-0.472371175535226
-0.73559276301635
-0.741903173641009
-0.50302823300352
0.441192682681703
0.529957768879487
-0.703976179203894
0.788865126817751
0.664661097526796
0.0753328495877801
0.263837784879253
0.769552090960264
0.316346151226162
-0.296207837869396
-0.0247930443826397
0.43311698802123
-0.999779242429936
-0.599978630748895
-0.873869147217951
-0.439126120675921
-0.576906954426948
0.819741380306235
-0.801299352516383
-0.114412529772733
-0.0232198291984675
-0.496452023983615
0.908870855796181
-0.292925283064544
0.0783720879292249
0.574841640888449
0.871910263886445
0.927205217675379
-0.0251936972708279
-0.33140560624138
0.275424385905381
0.531969919729514
-0.676363905635477
0.875254131207483
-0.083407231630106
0.0145746554963211
0.616545962213918
0.028632549511266
-0.784252351532325
0.248167636612607
0.721682393520517
-0.0133901515135794
0.395907480170244
0.500586439886909
0.413470731006132
0.228168807053877
0.642431074268336
-0.538062936985587
0.470866129668474
0.928972366969543
0.651780525124429
-0.317994036760733
-0.677485623040525
0.162721715093102
0.660279919260469
0.759140505652648
-0.212264175453208
0.305096914783756
0.809873556641164
-0.91579773579214
-0.613465246584649
0.978514588898009
0.201428381163264
0.978669470205996
-0.0400068250126511
-0.624518295958373
-0.186952810818106
0.220424194129446
-0.80081090384265
-0.81271435455358
-0.722996182555726
0.16431328341578
0.529888321665485
-0.249426909240574
-0.0796420023515528
-0.908466329155156
0.0599908203391515
-0.0919601608973506
0.312795905576024
0.100258994587549
0.276678168404774
-0.702465087481146
-0.334378002085695
0.149095088845865
-0.352768828336613
0.804592452433441
0.116626073388092
0.0761548459170614
-0.606455461483209
-0.205754983779456
-0.310511652976401
-0.871986754540299
-0.748065687006721
-0.223531364781491
0.65355046832749
0.67047147356459
0.945230112561726
-0.878294151829448
-0.143811758495421
-0.0250024947654226
0.179316262675343
-0.883447656132753
0.620168042053131
-0.211433919460975
-0.781946694899771
-0.0422797108696994
-0.525291626865223
-0.979033091990604
0.686773838116934
0.428965156190715
0.63454846716533
-0.976150764614973
-0.723040435734177
-0.974041129561859
0.914981106550599
-0.989287738945558
0.0582291918552233
-0.974240480056962
-0.243566739124026
0.44681058825586
-0.0379342086955102
-0.814575634242181
0.138401882298588
-0.680923777340037
0.0860840008790871
-0.353094482854856
-0.195445671393233
-0.203581445737924
-0.896700087611518
-0.887006831759404
0.868410281101692
