-0.483574679298806
0.208943404266322
-0.78332949143831
0.433901094820499
0.756104990613356
0.407985170384502
-0.639333118063964
-0.367850530941708
-0.48353939756858
0.317665911228281
-0.110337023378895
-0.558324638517254
-0.604445218102452
-0.0048287399420857
-0.422914212438498
0.909073139392238
-0.309995269673202
0.79806030801726
0.411087073297013
-0.725609846404467
-0.577820876526492
0.89091488170849
0.207662673025815
0.732872073987181
0.57841052181231
-0.788062033482267
0.577963162176482
-0.217452680795099
0.196907907366311
0.162855635534009
-0.993317445269443
-0.930997197491525
0.870640738864473
0.231709634395598
0.853493693977959
-0.651059296903017
-0.494323736984799
-0.453835200096567
0.819711689122525
0.353685956361669
0.067224783043886
0.647328416818095
-0.819663035812161
0.585610220599659
-0.98847630316441
-0.0726965999566239
-0.00789843193987813
0.212002826798623
-0.300778111657816
-0.713451536087104
0.419444998097505
-0.338125051686126
-0.524481233951037
-0.97809106496348
-0.212532991189588
-0.78501390832765
-0.467808819149042
0.0728016760095419
0.134713838070969
-0.208297283251405
0.231564840822578
-0.166087557222724
0.748049424514279
0.38448672648304
0.590197992168732
-0.0375585668910835
-0.324741267517422
-0.222399879716595
-0.233088732707374
0.533335015911939
0.195881625772935
-0.325472283192266
0.647470228598025
0.690930491426809
-0.0887626010165639
0.581999964722482
-0.285073786961898
0.254144197942026
-0.471084813844746
-0.645248621335773
0.682237461250609
-0.337557672851238
0.742339014613905
-0.3771787343668
-0.435150381566832
-0.619197722254497
0.0495575619723679
0.395878431252304
-0.349739997404421
-0.267519525912172
-0.487151893368237
-0.857362079448976
0.0405638859651009
0.497055802015494
0.342183487235504
-0.58236014418152
-0.0319588136014298
0.0907852213149878
0.333813121912017
-0.809200862366814
-0.455406306792546
0.428909707238416
-0.112701746246861
0.487837005545018
-0.195466949779121
-0.1049878920028
0.232590230826918
-0.224401519327637
0.0431291302124224
0.394094724280387
0.790880303893746
0.80369155107182
0.327920437433326
-0.603540659790321
-0.559735603046852
0.825187282725703
-0.549713407103252
0.131878709265136
0.57041161858316
0.669023838703507
-0.601544589807792
0.330637927230825
0.114858763884312
-0.047394752155419
-0.0466803904271772
0.468450414424193
0.172237014437236
-0.112242645571434
0.0562770449830597
-0.0715182735353841
0.419444500012846
0.353988738920936
-0.350438876476731
0.105656709731378
0.829588429905639
-0.55669611615812
0.386843250597081
-0.476739675997183
-0.63927090860053
0.43210867967076
-0.000346031909723488
-0.0779532601587184
-0.12712160007473
0.861690995422881
-0.234228814227223
0.0254810261318695
-0.0483657993843951
0.657077678292129
0.428403755480623
-0.189196359295524
-0.245895359186564
-0.767091872053583
0.869984121117142
0.236539203132304
0.962947337006204
-0.697813092652791
-0.386783850493738
-0.15357128899361
0.216331221574446
-0.880137166615585
-0.00135992091377976
0.850420123501747
0.274577798552123
-0.607694413801528
0.332187149455787
-0.788842149161856
0.493424957637108
-0.298440002170556
-0.153368127961726
-0.42728124397045
-0.108111423100524
-0.227907832307393
-0.990594192032936
-0.24935536840244
0.704409581612609
-0.355000221175452
0.209385613625863
-0.128619866610777
-0.628662468418497
0.704306795627092
0.419232712182909
0.98533822609717
-0.0730720476483356
0.124264089768143
-0.429436670985896
0.868121280681801
0.305492982065062
-0.592508415962552
-0.959300789776507
-0.530548334331401
0.316830547928832
-0.19262659528118
-0.699044233932892
0.935531303149176
-0.601910476155837
0.944049635144439
-0.136964666892001
-0.920908328154064
-0.378722960571265
-0.0679184829301245
-0.284280637874846
0.750600830759252
0.146005701249455
-0.768430681841963
-0.243939056517017
-0.496588267650659
0.87770197775665
-0.650474301793504
-0.488112810273852
0.0207888008575466
-0.159994498410221
0.844254881854466
0.255698661907691
-0.533954231286035
-0.970366352820235
0.732838926748202
-0.49694765064915
0.723465038994789
-0.855667881650372
0.00517794449720759
-0.583380953818318
-0.609150170485856
0.0104622409771948
-0.902236599804512
-0.0138097932454682
0.309884295445446
-0.91006357039977
-0.0864547445533008
-0.950813397443524
0.579664267918629
-0.0305873683485849
-0.125338515539079
-0.719226894526903
0.0801173165782982
0.748232309102491
-0.156740866200659
-0.018343597300312
0.300104428306631
-0.501411041733989
0.60668055821287
-0.639624497722236
0.661670801083932
-0.779328623480583
0.686501066858103
-0.240406826368061
-0.217814917815916
0.289426986118127
0.847987127511224
-0.624476933637964
0.709846827568989
-0.953551467024777
0.00243247931097973
-0.977714112673571
0.902300579895676
-0.0960125878320439
-0.991109186054273
