-0.594552655656713
0.848246324236114
-0.86037141279328
-0.173768437816735
0.527481420093453
-0.239625444367329
0.899262329808199
-0.00220211301325801
-0.451070068908147
0.252305299882479
-0.536706564509459
-0.707218396263129
0.184918214586688
-0.0307166670970261
-0.17049809491048
0.331491345476538
-0.296280646398043
-0.570935696981729
-0.645370622523942
0.605307421034595
-0.410844125802552
-0.698596825471382
0.723528060504566
0.835318282254391
0.106249517636195
-0.11042507199433
-0.627589694231472
-0.0327182795257956
0.230868527575523
0.188673982675247
-0.69013539070863
0.491597830671957
-0.0490736986585409
0.88859967424279
-0.216038554724083
-0.464460543409898
0.816801539554819
0.598511395084541
0.531599882298939
-0.000365272111975533
-0.138188967288229
-0.174642421542142
-0.473962312829446
-0.127733134020073
-0.507522424401006
0.5041174419482
0.621977563813241
0.694748431472164
0.725678201941151
-0.590743942707532
0.616287935645141
-0.705050370346545
0.583759630424065
-0.169373141212277
-0.31709047429207
0.543358283544323
0.859871061494536
-0.374082772719386
0.738063671536879
0.670702364804826
-0.616489689825569
0.433660625142846
-0.0245199008363754
-0.544044048175643
-0.99656571696429
-0.344233438030717
0.56830202966329
0.620262950651854
-0.486724957263982
-0.551046468886567
-0.422986138649115
-0.954296358315308
0.396417173345653
-0.131750985770788
0.925996220978204
0.827257045076785
0.00188227760716721
-0.0773637457093459
0.143765327888781
0.361753790403044
-0.310554835420074
-0.792652295115158
-0.0555746849989641
0.293758921570566
-0.550421859057694
-0.356417608581367
0.127133294354568
0.259411482234859
0.638844904982302
0.0837111752135315
-0.459443319202204
-0.017438722605614
0.101184986405899
-0.980673558716977
0.605587780470406
-0.0959043842610316
-0.803851817778693
0.478783218835541
0.987394631180883
-0.621300941771642
-0.407299955289209
-0.71423489798969
0.0889873212094559
0.856690494033609
0.920456418055743
0.473607534396242
-0.625036469758789
0.241647764529209
0.156534650441812
-0.867736673252879
-0.692559284109896
-0.839328780815922
0.788340530061995
-0.692227815059394
-0.0675562574261847
-0.385082268209604
0.695767009280731
0.0108649202511329
-0.0118395797107899
0.58336005385635
-0.213564218700756
-0.323761961228198
-0.982143972269266
-0.908738028725329
0.19092066713494
-0.709235702223331
0.802975571608034
0.883737560928892
-0.936259097032841
-0.664942476589714
-0.702296263627807
-0.018385865120672
-0.658118211683772
0.657848567465055
-0.113068156301154
-0.610809785767891
0.40962450278834
-0.235397704944337
-0.00940461429120045
-0.389008404879826
0.543279770587267
-0.375215279789182
0.611500954392926
-0.0243096788904764
0.438645701895829
0.367620122553905
-0.845424388878783
-0.719846355108415
-0.0901348360356034
0.479129531534312
-0.121113609132174
0.776448183497133
0.0869446783075461
-0.910928234342527
-0.440395092277327
-0.204963989751065
-0.000382884492043241
0.647226084553254
-0.281112183335784
0.975711929736033
-0.892507183844728
0.352228300551726
0.855935079840215
-0.701326343402609
-0.956695660267379
-0.981563662691237
0.777517545729432
0.524908569195265
0.743585511071468
0.767229616177249
-0.962087174405928
0.49859365355054
-0.341843074028624
0.98122836829785
0.372569301569976
0.743614982653274
-0.106576789427207
0.716996906899072
-0.500722927878558
-0.278624123843343
0.305725763446004
0.0899634578211939
-0.318558694394289
-0.822962086383029
-0.34016884120021
0.462075392678584
-0.888403241915857
0.557508702089647
-0.177631636701453
-0.997382478779659
-0.0333602516675886
-0.0162635817567906
-0.687709298114193
-0.209949158723802
0.589697799146581
0.71925457319303
0.0743417097417965
-0.756428156354079
0.616221606008083
0.0828246477313029
0.758891284864057
-0.557207744442226
-0.395528084809877
0.386735483704106
0.38412722210623
0.145097305644564
-0.57722418139743
0.390600069350127
0.711517808391658
0.881136072291713
-0.665754996331679
-0.651719295744316
-0.493074212642156
0.784198854182108
-0.680572359035983
-0.22406977613042
-0.200372929909735
-0.359407906220561
-0.385254424238351
0.648977085646838
0.090654079195521
-0.0867800439819537
0.666825854186621
0.0171408638543976
0.521469818690825
-0.550773679868822
0.786775016762184
0.551287366384919
0.0630732170349944
-0.132376337330556
0.651252920453791
-0.246258877124655
-0.190227926527341
0.765057438045755
0.635092455367483
0.890194540982106
-0.942625526905775
-0.230312334993393
0.952259837408285
0.260743070029063
-0.672967624090391
0.749964520855698
0.401960054096343
-0.300873364681839
-0.27554561980281
0.137314891209596
0.095790934920894
-0.733965099983972
0.943856022508665
0.445028931473912
0.95761059025265
-0.358268980101122
0.828588932126565
-0.972138106826455
0.00234940847686398
0.775545274651861
