-0.15683042290493
0.621629042067339
0.266504759501185
-0.458264901674431
0.922390080690061
0.388021352083022
-0.767164878837713
0.645745228460424
0.040031306345919
-0.235402181631469
0.321399492301454
0.678171057028441
-0.278797837074802
0.987698085963601
-0.106807624956581
-0.45622572306241
0.128305766498123
0.233263541433623
0.252786785460057
-0.0776389034378105
0.726896627435417
0.80226139463359
0.234195978100868
-0.890685030617501
0.0717454110007464
-0.206967751497438
0.568286897310216
0.642597836151971
-0.894429452078481
0.871192533090819
0.989304892559207
0.518539110457738
-0.652090629323938
0.494600626605538
0.124395664630421
0.027020346601145
0.332919984589259
0.613290973682574
0.382262280126943
-0.327942789220161
0.551207068784152
-0.570056437565139
0.757366005864421
0.39521804288894
0.18557563490972
-0.703478904259068
-0.460967962795312
0.431594629420779
-0.886003764055586
-0.57577763343188
-0.410549140759942
-0.188088943121074
0.646862201738082
0.525146965234872
-0.911969955126886
-0.334743708590694
0.768293453480189
-0.251885941500373
-0.106503357907942
-0.0432004988514047
0.47985078472558
-0.59935648458941
-0.834127972160767
0.294818668134505
0.323260606533043
-0.146668958067521
-0.226272777522726
0.378145816800508
-0.919469919894342
-0.352561596982968
-0.718529534900163
0.0880638604239835
0.344813677412368
0.251229947277491
0.657837346407616
0.164842469119
0.896718659194662
-0.408581708072155
0.868166100407931
-0.638192194453282
0.34412012352777
-0.615299199945035
-0.340640630692395
-0.595760022727608
-0.0243210188520078
-0.145952761145878
0.563017608681257
0.142874686181471
-0.551210508392725
-0.215407665708223
0.176233944202655
0.606202587725811
0.348420312804251
-0.458235762709806
0.0991162809616948
-0.239273442771757
0.640426868190218
-0.82419812085857
0.556357618300314
-0.677221881711725
0.949624988470248
-0.886327319442376
-0.519395732111571
-0.913277877212242
-0.193674487011965
0.0999012977449174
-0.819289232491787
-0.536904675768064
0.491937982349919
0.336958231607098
-0.365309739201721
0.2423236020729
-0.712730404700527
-0.725633862267924
-0.309796344148509
0.251064471036571
0.793863452045417
0.183792784661636
0.620291675130884
-0.873695157123074
-0.674054009719819
0.0917885048946872
-0.987600838191304
-0.332525861606874
0.84387051527692
0.327025314694303
-0.870877515775204
0.112405429825412
0.653130117853879
0.497582418192255
-0.695047952199409
0.690826547530223
0.727024624700033
-0.729250020147533
0.405082153697026
-0.836798793215044
-0.720037773220764
-0.026069110786775
-0.670729483322476
0.108861717813904
-0.777194473211425
-0.0952006686070429
0.90816840562103
-0.325226576737521
0.0850528423823879
-0.203253778817523
-0.0777295455182472
-0.73199337433966
0.419781546608792
-0.525239544122742
0.782270648140201
0.684877547342919
0.650834907669895
-0.428895104968598
-0.121804990731472
-0.278379404066531
0.712578083023255
0.770080769197854
0.382816289411223
-0.966581925568432
-0.989668542681937
0.287864083636975
-0.069659768855785
-0.07861846892846
0.591460185785118
0.357515208139238
-0.454161724503632
0.726310949707236
0.179472367808114
-0.260085931928565
-0.351774286671063
-0.210857583362125
-0.0203501881100769
0.848447855410382
-0.614117658131956
-0.757292106285624
-0.231950158611199
0.211777818367444
-0.0542751870659924
-0.24092138019708
0.827198517545847
0.855734846544326
-0.936276979336608
-0.67195909273121
-0.812150421371839
0.0880114365535132
0.856158600949784
-0.719975282422392
-0.883303551160218
-0.385333745178495
0.563032215448548
-0.327362789227415
-0.067956927369785
-0.779065579865082
0.661372250833817
0.80416710094326
-0.671158763528965
0.15536812272197
-0.636659354755686
0.753127352252384
-0.316457552795879
0.403417982283454
0.627346460750188
-0.172798106500787
0.79739248414306
0.0667830038470935
-0.792671532090016
-0.376422839394009
0.0907082623686978
0.0111487007528863
-0.338879090980382
0.440118327208063
0.249896110409804
0.0797284249606988
-0.0874376067064452
0.608156279578124
0.706500227584249
0.200323691484455
-0.871934118296347
0.789631069935816
0.233217594602031
-0.455723051957765
0.587704555395472
0.356969768518231
-0.64238636719925
0.635529909672358
-0.0624224592493939
-0.671118013415314
0.602225219429102
0.00656399258017509
0.572987723479774
-0.453882174729896
0.103404312746581
0.534881047750764
-0.179561193655446
0.883834474413011
0.799113080646664
-0.28876640787345
-0.355097743789218
-0.418377713514778
0.0792436428994272
-0.0432998356806374
0.463454952664263
0.424916138749232
0.0189298403111771
0.401288089621341
-0.0261102102917693
0.60075727092821
-0.273475412980337
0.937831641998615
-0.443954214531127
-0.790902482939895
-0.116660252802232
-0.0772259331223074
-0.94988986439959
0.0497581361582276
