-0.295334736109868
0.694624159507583
0.566365891322484
0.0989661547400106
0.378017947673713
-0.630413824423763
-0.200755277556796
0.298227796344312
0.221918663306371
0.0175033016581111
-0.865824546918575
0.291912692990838
0.101503075798704
-0.47135179680323
-0.489276730548313
0.555757463061101
-0.709267523257365
0.0906291855085344
-0.849961990832794
-0.787510345819361
-0.360912734026388
-0.682373381443114
-0.363819069444371
0.877721434793246
-0.782281150813063
-0.03634218814323
0.956702486890514
-0.357297226515587
0.12760541804407
0.877681296372432
-0.51037452485966
-0.598897094111805
-0.52712794409847
0.963542372681108
-0.0768395881772318
-0.47466273332049
0.0820604039724663
0.129846799638889
-0.513982421113774
-0.0658291553857041
0.759943722921599
-0.138430880558694
-0.44436518879266
0.504542738940201
0.756121559185567
0.201616937340554
-0.391719501355845
0.983474313398264
0.902409859903869
-0.489946428825231
-0.749664152098051
0.486172333229534
-0.761019482303926
-0.751412755684443
0.763821906533939
-0.301270845281343
0.646197200078035
0.966786870036649
0.928502757743437
0.0286160645662895
-0.179147597760912
-0.412210650331599
0.0235753401179336
-0.78215047323847
0.0335563695401683
-0.472740245771614
-0.848187152210176
-0.200173528043523
-0.167692338799786
0.64560867690956
0.456524766937923
0.244692467532759
0.259447585842744
-0.53352620243925
0.967209973319892
0.284228227983726
-0.553077524567235
0.745991213553841
0.268313365028674
-0.635594371861528
-0.870499300133861
-0.818938642172323
0.811877502685329
0.966876842396523
0.798287900011247
-0.680577974688905
0.833884915829274
0.346290455473602
0.820760512949486
0.355851116706405
0.135901077525121
-0.773413008535873
-0.899892853922769
-0.165440482863312
0.668688388230302
-0.979689158069706
-0.103843893200433
0.404569548296092
0.800118778500493
-0.933822380506328
0.540263867140278
0.773762276219588
0.7189740573932
0.0796940642006262
-0.0847745069926564
-0.53759198198992
0.569877876725673
-0.21063947829108
-0.988436524635495
0.126675602988504
-0.261895360671054
-0.60883373407557
-0.303101727866782
-0.575899460645856
0.685837942257876
0.77804450181178
0.910415027859418
-0.0883124145851168
-0.414851530183691
0.43550087186728
0.359950182222293
-0.940278735754449
-0.260312657781919
0.91143942316722
0.592804491806203
0.535695214645088
0.0448497507587123
-0.443216617803365
-0.286409751596525
-0.28571022501147
0.571666756262119
0.145722326387085
0.535977930146193
0.702686581671436
0.84861689549645
-0.0241263981381252
-0.51997111988015
-0.684539060127589
0.951802947191155
-0.924065503968992
0.577304531966318
0.275630581150342
-0.998054043718718
0.78244947658485
0.00514480993867941
-0.693091943913359
0.505988727797893
0.116501443986426
-0.417438726153628
0.558338280999078
0.555537885361214
-0.319291558751312
0.184251647901933
-0.382587487221755
-0.528400428985126
0.209018242041044
0.0139567069035036
-0.929875778358638
-0.195260339888285
-0.625021213351307
-0.112535858112816
-0.695951831311308
-0.267727405204112
-0.228718386901491
0.699129718333722
0.11281420098613
-0.506306189479607
0.796502285912584
0.250162538923873
-0.953876409890013
-0.370052207659333
-0.266413373378008
-0.881125833509418
0.829605290964183
0.879288052165622
-0.669846975993077
0.826963208633516
-0.495286989546603
-0.6164056724104
-0.401328979322993
0.317314905221607
-0.60980182913064
0.480494670479078
-0.6116943522659
0.515260036219289
0.500003209799817
0.0596824116834069
-0.973565617491418
-0.621800133801739
0.0406548003897752
0.0942395796835348
0.0310190939359103
0.612289420722021
0.628828327935747
0.15591706908469
0.466544833788713
0.645278674627358
0.735365930739262
-0.451349585768122
-0.304710666064336
0.76202995593967
0.182473881621456
0.423382422778021
0.843288333736269
-0.864921850862059
0.679897292870979
0.690980394208898
0.832741776641862
-0.525232038806825
0.588138739882788
-0.228780672388429
0.936246865950266
-0.850314561633233
-0.740471304574941
-0.858883493627905
0.22648372449581
0.50128788723947
-0.926764683105915
-0.168177005331511
0.553650028875031
0.59326677268781
-0.346261211990306
0.0148757593273286
0.82400035416321
0.194246572441706
-0.325001433806008
-0.326274393123336
-0.681748286308184
-0.389439241630873
0.154254511843033
-0.497817854461566
-0.75736712216508
0.975431627443043
-0.254159588303196
0.971214889748789
-0.618199216514431
0.716024899290125
-0.70321235144957
0.405765547825487
0.289547056403939
-0.556776502383587
0.314830856374762
-0.266582705717806
-0.979719588998587
-0.942033000749009
-0.165340140130185
0.925497521957161
0.474360663376473
-0.441139845104424
-0.989494029614601
0.274769491052859
-0.827443021226192
0.87727018080611
0.333675023365408
-0.527449643488446
0.564096979326611
