-0.817601600242046
-0.703312222505585
-0.327132846687299
-0.28183201500194
0.0987568289889724
0.940913970509747
0.9871287930674
-0.769659592071973
-0.933276867639466
0.42949720789798
-0.676593702819489
-0.721878694948133
-0.307749425723156
0.934711012681731
0.639909321607418
-0.160153142925285
0.638577192187589
-0.762380050058137
0.465299628801308
-0.725679254268408
-0.287381839574449
0.357917127633906
0.372940171095953
0.431542365843186
-0.544355161819023
0.344752390246293
0.320851977591214
-0.312849148489236
0.0430001351659129
-0.412220288434879
0.764145688688223
-0.154957302891299
0.0286345324146534
-0.521683527115676
0.91107496263169
-0.435866551883136
0.760363207405349
0.0498447912520509
0.421583551199032
0.796021072184383
0.504997872545895
-0.740338266966185
-0.119490314830659
-0.33301669318634
-0.789157305553922
-0.373554031213558
-0.087759341448863
-0.652901108188779
-0.189479950726604
0.183335773311488
-0.837218096067586
0.373267565902116
-0.409580527894815
-0.794269225287756
-0.906042391461094
-0.585456432182513
-0.938880991719989
-0.526096356254462
0.192655446736947
0.694482028110737
-0.472045159362402
-0.156862924415388
-0.00852760487319572
-0.177718734223074
-0.290005339181209
0.621953402850322
-0.459591454868904
-0.164759900464276
0.604185457915973
0.810665379598592
0.131003538142779
-0.174628129144002
0.686291547585069
-0.865369828327208
-0.305952177876592
-0.712762107212836
0.198910170517539
-0.637616534624918
-0.569693409087242
-0.848698771085816
0.0611936021090517
0.0237249746506383
0.744873852469997
0.564240471084906
-0.917743511199559
0.815634763510577
-0.821576069550355
0.805522917876159
0.468610443661034
0.690605991565387
-0.658747987443852
-0.575811020706772
-0.27471133579697
0.845231354517701
0.578925774411152
-0.424799728169911
-0.360490441843677
0.866972086688445
0.00508734331551376
0.887683958126048
0.242470873943581
-0.847999694627833
-0.800247517066624
-0.506119598733626
-0.869444582116929
0.743105763984485
0.756113395333677
0.230989269390561
-0.760729834201163
0.970926861289254
0.12230890028792
0.925104898574318
-0.200690157218782
0.312101303651452
0.847077681564908
-0.879641947488855
0.485147784218385
0.283756949584409
0.622424761653983
0.820172346546892
-0.249932066790505
0.799244242891358
-0.887504401145991
0.888285987493984
0.239820043203135
-0.653837021445046
0.652757210902418
0.826905405177598
0.560819511221985
-0.862697844972699
0.977973276888392
0.133418875083111
-0.976608703086171
-0.0984879124500413
0.547292919840596
0.555185446482501
0.036614100015918
-0.53599654394555
-0.936684352249495
-0.230634235313233
-0.548689435925212
0.865391980346175
-0.264306184760509
-0.365362429886334
0.442472079030286
0.0565318695467724
0.308189526278637
0.489400254447336
-0.128209524829375
-0.861740472826254
-0.117353816479229
0.742146726541388
-0.69930239164164
0.591274336583579
0.0240857157563995
-0.77936261491351
0.452363440161911
0.794333359014098
0.881515770127537
0.631835593808811
0.210614314749852
0.648928589745253
0.880842900991372
-0.474489319154232
-0.20968325039435
-0.188824091183309
-0.437580310137781
-0.298310815173344
-0.879630584316296
0.289447864242835
0.791765391847788
0.669930637046841
-0.78777855162671
-0.740770998722071
-0.743610256221737
0.815639646762263
-0.933933487432346
0.498633514188344
0.567889867232211
0.666375070815912
0.66927321876502
0.411810642395537
-0.338443152331282
-0.601877879505108
-0.406480151479003
0.0532543000321236
-0.195860733278341
-0.375419633410939
-0.720995045532938
0.778739219098562
0.256143419969829
0.324962051673894
-0.798506113211977
0.979532813654882
-0.0568632792336369
0.0740506462716342
0.192913911766429
0.724548167387223
0.331602867038665
0.940490690399192
-0.593863848504137
0.758482771348883
0.121405739514393
0.910959233203938
-0.21463314617418
-0.663248983216463
-0.333808938666813
-0.223679683024937
-0.512560849450213
0.376269362952594
0.38978289662368
-0.361423582312098
-0.308669623548383
0.0512006059897018
0.739430773788406
0.654009830235668
0.147783332572446
0.252695514002962
-0.355178377952004
0.924881497372291
-0.201917745812739
-0.555654894500544
0.200002831197338
0.747121818861995
-0.868760021832002
-0.970892268005212
0.100750898337135
-0.122607256171507
-0.0843925333431861
-0.381937825767256
0.9995762399453
0.435663237630093
-0.910542985214587
0.875827277729076
0.532349718262847
0.602404814583084
0.116927047501895
-0.407489622841647
0.211895327935403
-0.123323836732287
-0.995903428248507
-0.793810881695116
-0.55482082740069
-0.313820312625417
-0.7049714484529
-0.624415974838559
-0.490844858214234
-0.642487768005875
0.160573958877509
0.313282250789977
0.426787964398815
-0.786442528704303
0.674161090571194
0.608729260815989
-0.95601375440536
0.19072003987321
