0.893069854452166
-0.84037877877432
-0.10898464082137
-0.177908598949665
0.28990968428967
0.133212113143452
-0.311117197867734
0.740210800669756
-0.447756857586402
-0.338983895576518
-0.616346512898863
-0.596555683283113
0.665925873911953
0.333583428907789
-0.420766653027675
-0.572852452298162
0.890939585393103
-0.358845474208777
-0.193669913694436
0.258605166494563
0.675884062616954
0.255170782605676
-0.117440183817553
-0.90993224881206
-0.473457333654665
-0.224069139889522
0.289802951039558
-0.402250050144928
0.367008143547478
0.0400559921721538
0.882593566311615
-0.702559409285591
-0.882449960600298
0.277108271369171
0.115192701089623
0.249653638121371
-0.0875930792879296
-0.535640886576238
-0.493683517798645
-0.988063007790669
-0.00173076405888258
-0.680142153843172
0.612135138741852
-0.170822392133812
-0.000338530993634088
0.399625051060274
-0.217267186093654
-0.0605300783838413
0.422282555467078
0.642449018169947
-0.788543432023914
0.150425971182323
-0.926152173942081
-0.513074278907167
0.945953462134375
0.180550966918006
0.251970196877567
-0.298545532240282
-0.975791354245276
0.611577256947576
-0.970104207432675
0.120763883444916
-0.883889945765402
-0.740100265754346
-0.920106221049779
-0.532144973467057
-0.437311227820519
0.971574340641602
-0.816689202132773
-0.280507303090156
0.307858481358302
-0.301987345875621
0.702407144619988
0.292333775408178
0.667603106436017
0.652837037616993
-0.608815587988474
-0.509714060283648
-0.022774105110304
0.889433763748598
0.623257088690737
0.814375760014512
0.954246431182436
0.564472131212162
-0.8571315678924
-0.556468922127343
0.00417025257421333
0.799891487131226
-0.438706853039561
0.972165891730464
0.830820270103701
-0.0104640030435548
0.587999593222393
-0.596732832755846
-0.61295260673775
0.979969382720742
-0.427025356708104
0.268162876386085
-0.170495227968042
-0.236355866269322
0.407434296329189
-0.21230261790872
0.810548883492094
-0.487740549377313
0.96161819209878
0.870838649827978
-0.337823018763793
0.271782334786232
0.081822704860608
-0.0537105749739001
0.950582861875796
0.554082015554901
0.0367689831154315
0.155164398186067
-0.0722750201069672
0.144162623553784
-0.448736325674988
-0.28725829147748
-0.108308370271706
-0.805052079887175
-0.952362657370656
0.0765853923373042
0.964068828095695
0.743280311624193
-0.718180442274185
-0.177788565702254
0.341619982433544
-0.957554104793181
-0.272968315577415
0.475572488149867
0.630234626791088
0.166353039692155
0.291793193128228
0.488884262566946
-0.414674759937664
0.0113108034830432
-0.930600596720673
0.538540164748906
0.7764116141025
-0.585420726177394
-0.880727272202567
0.129261234168225
0.0952028441030592
0.0742527098486633
-0.375387489780242
-0.741452659130225
-0.499564369288229
-0.175811344780415
0.376066801494636
0.068540820504426
-0.310417924006009
0.188974446976061
0.392997277635708
-0.110541173255485
0.243108347602977
-0.632868695859612
0.0461665245430075
-0.772212781300912
0.636251724509319
-0.712035434154379
-0.128790163741674
0.717192674111635
-0.193557265744864
0.995735435634175
-0.321035835132457
-0.729887347060698
0.606794060030621
0.411994944838312
0.110181957716173
0.495971407815626
0.504875350220751
-0.21178755681049
-0.190073734788119
-0.273661702767219
-0.123124343410688
0.123243960384817
0.624633932538011
-0.199907288715686
0.358958413874172
-0.216557187559093
0.110003040459974
-0.180694842930571
-0.032250940261415
0.0787599659343822
-0.93984276866267
0.766937847700508
-0.602265817117657
0.593659216605033
-0.736927731605221
-0.458393102110714
0.11889090178977
0.384877239950667
0.0389379594770451
-0.203305828046313
0.758464957565841
0.463648981255333
0.0529972682618968
-0.455745971292174
-0.640963277450104
-0.0562358091631096
-0.323443625566076
-0.537707443315216
-0.513315050552694
0.539372259406961
-0.0576449822993734
-0.513545921006944
-0.782697992104556
-0.306497815470878
0.758030797059373
-0.466476161731422
-0.409990384362943
0.807343971080865
-0.697102739126184
0.175513743856569
0.18254627287332
-0.664083708700226
0.887870172595147
0.582023764008003
-0.734575627893646
0.518614096211856
0.025628244909715
0.930326592740911
0.499259020662125
0.188642063188052
0.217771170353532
-0.370896986823876
-0.653260429539948
-0.402084923203115
-0.224265012363159
-0.282207881146094
0.89466551912634
-0.95875611512483
-0.886668630431665
-0.539117754934156
0.224225915022809
-0.283961046771693
0.952090033160701
0.500158736960567
0.149941800882709
0.763463898779172
0.281604467685463
-0.104028061811609
-0.51843974856425
0.856358084887267
0.0255745073390041
-0.991928762822295
0.689705336772899
-0.784900828379227
-0.900467076395838
0.611352331851846
0.491274956046861
0.179758562196348
-0.7746721543553
-0.870747524799995
-0.221044376401369
0.547518837197021
