-0.775216145144833
0.301519948098534
-0.122628884884452
-0.810633075263787
-0.829277065933804
0.853593004005155
0.859796492322509
0.711171378268606
0.181477859278188
0.0497342276170377
-0.0295157972196292
0.140605107613385
0.719287845477665
0.381216629777161
0.323681554572944
-0.671405824085336
-0.382107411186975
0.335179155444839
-0.474150448500402
-0.30976001890504
-0.97214272215727
0.610247637144084
0.424782777453611
-0.5960736314232
0.726897737681266
-0.562290499689521
0.269738746298009
-0.89503459154631
-0.811812784180056
-0.963773171432667
0.438818283345947
0.724092339851427
0.72240650662677
0.553502277838356
-0.779612636529057
-0.209440456751988
-0.236527220602169
0.106555731380195
-0.593949558561372
0.595180736784907
-0.8840538952587
-0.772331318204114
0.660534382653578
0.578812987718067
-0.442977391180437
-0.230261803365743
0.133989907409846
0.579065662733347
-0.521859345872351
0.486286146340434
0.0892732851292163
0.223838830643494
0.367002761298285
-0.706448069656983
-0.920472923317271
0.956071136426108
-0.733140362122253
-0.369967584939139
0.251574764639601
-0.157361294161309
0.357784647801795
0.60107278289349
0.948848604394114
-0.952278312839482
-0.187580833348364
0.194950911703885
-0.954593135360632
0.0940591556629797
-0.193934844169923
0.871127324773215
-0.461967481338459
-0.422569658897825
-0.448213013208983
-0.587160955912103
-0.933958565991844
0.203095516816736
-0.5504520001163
-0.241298802026542
-0.398665354998429
0.792508716953669
-0.883950823257541
0.201855774479205
-0.834396053616844
-0.0101182411471867
0.854702224572646
-0.104940561187804
-0.0864094294234143
0.106219133036263
-0.967310266360349
-0.027017977138575
-0.614452619727966
-0.85192167776947
-0.527041128785502
-0.801992948792724
0.491825426119779
-0.800808785807607
0.252512538386427
0.425812111129225
-0.974088406382005
-0.554636508462285
0.800553601905374
0.208090270568388
-0.639503979194397
-0.930138361136808
0.785424907482596
0.733675996947327
0.901834775798395
-0.77737731799777
-0.431636399614275
0.0628015930530414
-0.536009253390388
0.882647730628243
0.646609522850916
-0.840539319640718
-0.863672986667969
0.500558160133231
0.789170901132494
-0.291032595395388
0.765523105808658
-0.408870950028439
0.771116616364358
-0.812204802372527
0.989150548551067
0.500879593867798
-0.784162220551546
0.782649574001889
-0.373273172696096
-0.304139498460018
