-0.857194451444959
-0.576178857978469
-0.847997748391648
0.00450880012471006
-0.404646068593349
0.0827661146887593
0.658006255376555
0.564269713740979
0.574548705088291
-0.0445331725399592
-0.638598282833775
0.343881656831443
0.534807491002695
0.0683440793170091
0.594487092549724
0.172199807649558
-0.87454067550596
-0.986074083826348
0.615516039257339
0.21117159302552
-0.852587648369478
0.837344102263982
-0.159311899574789
0.833530620272487
0.38762268501357
-0.0307591360213668
0.469764857378832
0.0290124201269593
0.566781054907034
-0.242982724337419
0.411945891663842
-0.121402076932804
0.804368943446218
-0.0297574886215492
0.249090487595414
-0.0466722124331623
0.400790169153805
0.615092405216416
-0.250511765332859
-0.0346113153188523
-0.0462422803467268
-0.691592959626808
0.381577194176326
0.993345656621526
-0.0685482791475853
0.0555374477870363
0.754229949082104
-0.291140158333835
0.972575308742356
-0.324842130970306
-0.119995655968352
0.125699081811116
-0.765539324375473
-0.0723516191748435
-0.395794343834134
-0.59547564064118
-0.446205083053533
0.430791451133309
-0.106379504090366
-0.515511333263441
-0.0638344053495896
-0.505360094147229
-0.904373927716262
-0.360982447180702
0.545722729132704
0.213009362821358
0.00269793982988657
0.743891391725881
0.798128610247863
0.517449138168205
0.407272947795277
-0.426345437053564
0.593719853621373
0.659674684186505
-0.144630645552824
0.53324405257938
0.886163300001482
0.160406190746075
-0.375064780924311
0.712738404421033
-0.342790825833299
-0.0827523214094418
-0.878844172680807
0.694577411599046
-0.575042459155199
-0.565736516343012
-0.781352960923185
-0.0663058281503301
-0.791426006450579
-0.344591464987302
-0.0274476315300559
-0.660433539770396
0.792830180119301
0.728372447970653
-0.505211836689503
-0.735910972711485
0.854147253366126
-0.304735645663065
0.922159396603881
-0.0848666338409248
-0.185350635702739
-0.541363461827704
0.545470022091772
-0.0694343682872909
0.883685222252662
-0.0182133934402483
-0.662731848600889
0.386177143792069
0.111018551948885
0.284156489851
-0.474681728814035
-0.305628063477475
-0.800614383221037
-0.242426832537916
0.337612759906755
0.683677793200738
-0.901149824438075
0.923892424840433
-0.603655787919637
0.879755468059607
0.483538708046705
0.0850542420365188
0.725367583958721
0.325243488507727
-0.830035165587797
-0.0253223461251533
0.802286200887424
-0.519438402427341
0.320751583887082
0.634619860925926
-0.154154171101809
-0.270895088918916
0.156803491739196
0.528580237997528
0.0137664778069187
0.247273717174569
-0.392712948884998
0.911172955645271
0.154581400363622
-0.049051567928517
0.301491004700043
0.59592336277949
-0.306833631778791
0.366285730588885
-0.118925010934279
0.639281985730054
0.331790833943581
0.465222585881418
0.938098517624314
-0.000853805433383314
-0.6880082020656
-0.613423025404812
0.586253994620518
1.04715690017569
0.190640522605968
-0.301797626276988
-0.644856214330035
-0.931689730368398
0.221727094545048
-0.891983968153489
-0.0817295063578888
0.827277870082059
0.379966486404935
0.9148931826882
-0.428438914549367
0.66674091094673
-0.464644743989477
-0.363006019639069
0.518076398369328
-0.715576975486132
-0.947614520567422
-0.602132966836892
0.614119503583208
0.463524670981619
-0.664845547679542
-0.835164957887741
0.3725479894642
-0.631379394478699
0.783407898785995
0.512148092581637
-0.23786887419692
-0.865417280714829
0.106735868315078
0.911529788305309
-0.835793334798035
-0.405578887344757
0.671116168247278
-0.0791498415851404
0.417755887489656
0.279395588626977
0.406438425145682
0.497126479126667
0.58624132194765
0.45471598357639
-0.067852531802918
0.838439596006227
0.849487923626087
0.85390455632684
0.463126551908652
0.510680637344735
0.741247927810735
0.522573632328172
-0.480551530753819
0.391312798116264
0.00284271491682075
-0.534967932316625
0.708532735315215
0.541650044302978
-0.132494519065608
-0.288272156355399
-0.891852599501965
0.475654120635145
-0.509736414267558
0.402623477215849
0.0244842592993505
-0.661900608165444
-0.739825678462655
-0.813393546710755
-0.374170114783479
0.16891514447635
-0.540103077685737
-0.264319232279863
0.000119418613059947
0.735638339593322
-0.952648895556522
-0.818571431617376
0.607227284484483
0.899920142355859
-0.468411845193254
-0.881850480292008
0.537661803834306
-0.862675422407175
0.402038512235617
0.695653134716183
-0.115811719912344
-0.743766812885348
-0.324060947244359
-0.709206292628545
0.433335655013326
0.939797637399292
0.175376511234773
0.724613467490818
0.471085735988877
0.611865977335014
0.327476001194685
-0.544786610618387
-0.109728025193233
-0.690517982426179
-0.0697120960231142
0.0152401284382229
-0.53815745787416
-0.494069484581096
-0.30524213197059
-0.893453077686483
-0.224717554963352
-0.166121422861634
