0.943712691317423
-0.427198415394828
-0.365107248939763
0.726664105033664
-0.697659249065156
0.553324108206624
-0.547508441972707
-0.854021063431581
0.848937762409235
0.70060061083363
-0.975511886425916
0.437232597047323
0.0977914998492596
-0.0473351531813808
0.0846912750094858
-0.330220564336577
0.304049040704989
-0.513830880650472
0.706385532875911
0.559914641303816
-0.857617653696185
0.46694144964801
0.763557488742574
-0.410782878782951
-0.0812733096770637
0.95740173115787
-0.20702720145758
0.940872492330331
-0.940654775673627
-0.902421925241207
0.599666874993098
0.232818060693841
0.843350411869857
-0.745703630870562
0.493231308466228
-0.407581397460623
0.826069890598921
0.809375572964713
0.298936411816489
0.174766054749328
0.0318632821989381
-0.466351837925298
-0.241925793476846
0.414085359200136
0.410932868172296
0.686863582971385
0.318764030068431
-0.0299882535078845
0.299350679692932
0.853778518895347
-0.558273842619341
-0.509621133676519
0.156173706939979
0.884903164210698
0.156172325617907
0.679929112827412
0.40647275391797
0.806191616354872
-0.261294601502461
-0.443918160145588
-0.76143205491742
0.501488346500495
0.351345656620421
0.317450227428452
-0.524769981731768
0.865871326681999
0.506344954886412
0.512009423021328
0.430658701821104
-0.649786755991615
-0.992361096881719
0.846687213986456
-0.973751664679846
0.378503240265233
-0.00044888018359057
-0.492462984431469
0.51776243824541
-0.0102430109388071
-0.28910243085054
0.165147684211785
-0.0593074940519594
0.835515048025293
0.804159411809939
-0.173416255839169
-0.540868532635619
-0.506036428880167
-0.108800228836323
-0.919644391391226
-0.0587389593122568
0.635955191596929
-0.91319691488643
-0.143059435899096
0.000381276599713177
0.245539215173869
-0.371476990311066
0.299949910537029
0.112326991264797
0.89418040274235
-0.0782135704007435
0.0966864953229084
-0.17500593518086
-0.867591894280607
-0.035624125507705
-0.611454744464407
-0.065219151078497
0.704870734599128
-0.562345985950502
0.0931985159009782
0.218618865490945
-0.550384155472443
-0.421199729638305
0.00163264157624899
-0.554675521721501
0.101416442877031
0.346084216704654
-0.214614520225067
0.886924667565767
0.746941364074201
-0.955460194148204
-0.671604018952736
-0.166318048033664
0.422105239860914
0.0635070286172523
0.0828351515304322
-0.474544020600358
0.102200366379686
0.603960687006201
-0.829189857927093
-0.00704579771951618
0.537282262404001
-0.325219880724459
-0.287091957417818
-0.834793955770612
0.521084284878984
-0.569694035131201
0.322345959479445
0.522905359435916
-0.895417300363688
0.966201900590915
-0.819703368836918
-0.24266014599117
0.575651269578921
-0.775006511259926
-0.558746238320016
-0.400739969240946
0.673956482478373
-0.974612702542931
0.950615855138977
-0.678117124909286
0.438749674042798
0.786983205975787
-0.672499487225083
-0.345393444605036
-0.728083337677924
0.35486565646303
0.20912206589792
-0.759119580185131
-0.11973903979217
-0.459543213524672
0.595035353112428
0.442758069314003
-0.224214511495788
-0.226172153656007
0.498784725590761
0.447883529122784
0.789823236476672
0.883216403431506
-0.924628361155376
-0.878963049070523
-0.0019969800889442
-0.385057617534409
-0.72428022975536
0.48242215025763
-0.279010091251838
0.409646227747094
-0.920222009741419
-0.713198653883624
0.163722265643
0.123102127662729
0.578844496752075
-0.206081426149599
-0.298754347276353
-0.416409865310735
0.14612630170062
-0.951000480702187
0.556860066657675
0.232923842382693
-0.939988767191901
-0.158947471171955
-0.469199582903388
0.490532525806534
-0.491171331479762
0.585565165275937
0.700512040417318
-0.680219108279695
0.59446911269818
0.375752657672478
0.585288654044963
0.446301594080619
-0.638582725045814
0.319968936717702
0.103290022299467
0.972364921927246
-0.473957571683011
0.684642574182672
0.665704493430949
0.985283933699835
-0.722032996486085
0.896820586258732
-0.0844352934470801
0.783531430342534
-0.455474884419607
0.131051194702851
0.652189750144346
-0.744620201035817
0.636034088469225
0.759486223670533
-0.970848265668343
-0.0884419962247329
-0.408108326008885
0.805948130667209
-0.947939172406116
0.775637680958122
-0.0751738481167611
0.674254940430818
-0.444087714571951
-0.824070832330955
-0.936567739141515
0.748512167052431
-0.934062768768682
0.782510278363516
-0.555773992448052
-0.731345030261588
-0.427948079302525
0.499277132875016
-0.167702247399231
0.493619303841417
-0.0790834515680484
-0.810211182628323
-0.576043118408735
0.239466958434026
-0.742675282735449
0.749360698245042
-0.318140428862203
0.758911253540317
0.302187451860131
-0.867906681566944
0.0963780463582508
-0.265509418207406
0.521504900731883
-0.0115894216918911
-0.20025843323821
0.312665251785165
0.790906959222629
-0.644817373792065
-0.0237464046166347
