0.459597752521126
-0.719272485179882
-0.764992368321994
-0.645649834553323
-0.332991952308787
0.938929487288312
-0.98407029793155
0.785788137002803
-0.773562069666173
0.655333664574167
0.610807158911278
-0.0597577959587389
-0.774726558645574
0.189742308243715
-0.728208378473892
-0.347660894474385
0.512890431008242
-0.829233331264006
0.881786490548622
-0.385143456039781
0.99722759440019
-0.380154126790993
0.767555662585351
-0.307194510052528
0.357419214786297
-0.232507277979554
0.529007969917192
-0.401058057102321
-0.870805214425229
0.386027480141008
-0.406981483959503
0.00218603528191127
-0.679856983416816
0.227956252492384
-0.537678636183857
-0.817782758228967
0.48805603833705
0.337897288211674
-0.515182647799227
0.675378585682574
-0.326967720811542
-0.417903281604769
-0.497281344119077
-0.725728914740597
-0.30297323982567
0.717195607216462
0.620956097018811
0.746558315316761
-0.723636038367821
0.738699824691853
-0.101679168361703
-0.057179525383772
0.510272471531988
0.62854418531025
-0.6394360972028
0.708388186735939
-0.531672956212468
0.825883779935617
-0.992391552166713
0.381134157852832
-0.770712855925343
-0.1842165486289
0.959640041215545
0.463498885652998
-0.0655420266252023
0.852083248685077
0.155443669406779
-0.169069171310281
-0.667900622404588
-0.54291853811003
0.528573512857385
0.776494791016751
0.2991761510661
-0.374331654238396
-0.927937708572243
-0.545035031596111
0.33338190935524
-0.630083157859238
-0.339511954763582
-0.250461917511685
-0.533799616646264
-0.454080533038285
-0.87864981946221
-0.520130056531949
0.584649967692246
-0.675411817919522
-0.59794753228968
0.592677722393606
-0.550139762843587
0.897369549630911
-0.881027059440556
0.445846626606092
0.41490087809509
0.862510705382558
0.975598293551425
0.760472607764265
-0.216778010282895
-0.201059372680814
0.680020483607732
0.0120709559317751
-0.719477852445213
0.970526315669627
0.533618970031691
0.765334213875773
0.909509851289801
0.398494908879813
0.990393447686175
0.783835607649001
-0.992980629230556
-0.231021978416353
-0.114628126775024
0.608366199440709
0.730198409976425
0.114531268165692
0.505038486879649
-0.750961734956845
1.01873681662253
0.149755265272555
-0.827136239759738
0.697413049490445
0.464795161769261
0.864714403883607
-0.181656723005226
-0.30897039061318
0.877660028893147
0.0888141574153606
-0.425088451877638
-0.39257778852161
0.261627633309067
0.750686020589324
0.799320209086778
0.716065870716832
0.94198318671096
0.333896339502526
0.186804341888975
0.378012635653891
-0.465236318021448
0.587541087879624
0.231293623599318
0.614425234131618
-0.528438491751763
0.607538179265274
-0.0939099654338542
0.680355757827807
-0.174862782913928
-0.700347125714719
-0.554705988544327
-0.0513301287315921
-0.531149939835439
-0.357346584412446
0.107962235280945
0.574897311443147
0.240327135083811
0.12006949351369
0.43855555895852
0.673042084129773
-0.61782359712573
0.724732462171284
-0.0864834392833798
-0.944009293657573
-0.119374782667214
-0.860651753292427
0.581950000791907
0.834130674451198
0.62742606773228
0.934924720427718
-0.950968290025979
-0.0807974240737522
0.0944567560500944
-0.519817901302893
-0.879984186187654
-0.888369921418453
-0.606990524042908
-0.303034729581145
0.515271974850002
-0.707785460069395
-0.661980103088083
0.905744660753683
-0.4757479573241
-0.632372111233012
0.824483407003528
-0.398087415126257
-0.982987240437037
0.338727898023425
-0.622339190557366
0.431072531921153
-0.178979195436119
0.876461297693826
0.543366927004655
0.329321266725678
-0.470205650961694
0.870317590975429
0.443189012017629
-0.900386425723507
0.347866885916387
0.499362640674805
0.110071878251395
0.578077601608658
0.821251849742424
0.616750057103468
0.381004583286798
0.67710355731946
-0.0889897288074206
0.330327996078106
-0.961164349342896
-0.869317422709073
0.0977750164285125
-0.599162083139931
-0.202377136567617
0.164926254919417
-0.656760913666956
-0.483341799832273
-0.784482563436228
-0.608127296719235
0.100120293210764
0.108640043950955
-0.533947434735344
0.976999391881682
0.766872260913466
0.957667213205708
-0.896443696237029
-0.944952511462543
-0.877588730854236
0.935896462095312
1.00224763486067
-0.412840482774449
0.158169758856848
-0.499849978951536
-0.270231361064543
-0.237753050110172
-0.824278102938597
-0.690998582591759
0.678787519438057
0.803960528571868
1.022942570598
-0.654388877544992
0.0796196979355969
0.25442275405784
0.268143609331221
-0.639509116157518
0.5077352739215
-0.384193376438452
0.0931189650242779
0.593920734987073
-0.513191424533763
-0.578719026147242
0.191502735949372
-0.221201397802834
-0.827744746477176
-0.784928100606678
-0.67134801761525
0.946421526548806
-0.0908770093976777
-0.977864033033488
-0.230244399729977
0.256398779580508
