0.648686811683996
0.490469856407471
-0.924985669142234
-0.162522924046816
0.936935429782206
0.450856078205157
-0.581418413402621
0.621985281173007
0.016114708682011
0.293696619778408
-0.772453765780273
0.20931636985688
-0.416353299518934
0.163182209822079
0.844542817320991
0.597293826333517
-0.225563189820242
-0.299532329297782
-0.259190337573902
0.089154418527541
-0.360056342744438
-0.983273894223872
0.19367438600857
0.858539996597399
0.0145073404746438
-0.801033486058189
0.318619096305418
0.965479344151571
0.843202542764203
0.455956855892798
-0.507599005453794
-0.0887940747503129
-0.419889074595478
-0.735040912038506
-0.838108503548968
0.253441205338078
0.546915241664553
0.311837352415744
-0.163083861006665
-0.233290412372958
-0.140890295849454
0.406192793493086
0.221570998643283
0.626625363452399
0.361794018508752
-0.304727292370027
0.0799814483523493
0.67907665815499
-0.331379997502273
-0.426915775524771
-0.527766708161245
-0.188942219292889
-0.142059098831774
0.424272247801921
0.24625022685615
-0.242620718861547
0.7073560529463
-0.869448637340085
-0.298109939097053
-0.763744917911838
-0.38152534327322
0.499519605839762
-0.37903899072632
-0.600884453576382
0.116033557904757
0.0642687513756271
0.215241193930233
-0.170711926585996
-0.903448136269466
-0.960421447646103
0.186124373389735
0.250392522173514
-0.482776777787668
0.250740738592102
0.0733693398901257
-0.806632223753835
-0.899713837033183
0.7510298257059
0.481082644322964
0.14323298241435
0.652111632651016
-0.230285904962985
-0.738016623205077
0.736389829949654
0.600965262264964
-0.714373330529229
-0.0694616344920457
0.960136399064332
-0.664226266396291
-0.751394623141529
0.900903442154078
0.108555271370155
-0.307300277544139
-0.015736975728525
-0.983199648510879
-0.706179013455969
0.540966719482031
-0.823057894177673
0.130925758773346
-0.323602485131479
0.205015840863391
0.30918646854335
0.696133058614498
0.665086544028443
0.811896933710943
0.405545061396427
0.366066864946158
-0.0277024106282963
-0.595564455978475
0.0906580200312383
0.963363901543708
-0.63859456440115
0.953770827533259
0.496247737616487
-0.520250732734288
0.646595828042512
-0.833418907658188
-0.632341222273948
0.972479423963423
0.361390128921075
-0.109125129806987
0.740648083449574
0.42194790369126
0.356168081771522
0.101711306726495
-0.793446453125917
-0.129419766109712
0.863872941026441
