-0.761358505978835
-0.510816775525794
0.0271380707628426
-0.422107640885539
0.240538991236301
-0.568723045200428
-0.965417861927849
0.387327299554352
-0.336286664660954
0.00226143355314203
-0.693156117619594
-0.319594925517196
0.472158554173043
-0.757841040653424
0.919678168644519
0.660287783160107
0.435996946864805
0.432771924151732
-0.960971316946525
0.260077244478686
-0.0750748164448574
0.608132268223368
-0.943260541849473
-0.321414371942691
-0.644504661662613
0.417303283000452
-0.498978711763119
0.0638368827692662
0.832550581794559
0.0315238538461902
0.37738766469939
-0.759319211984503
0.530630558725932
0.59954786541649
-0.383785544023348
0.0861519783111236
0.770087464226866
0.188579619183811
0.507861481254886
-0.240686572980889
-0.273789752851662
0.587102664672427
-0.416863916825817
-0.311230109341588
-0.339860063081147
0.421597996729409
0.744943028036797
0.433619706619422
-0.0569076027913115
0.705931376929795
-0.471063864902519
0.118456143346562
0.549572577603558
0.382572371894735
0.585160666835849
-0.660072215925887
0.251181201478449
0.317797758128098
-0.377219211962743
0.0771287223590514
0.759503056537433
0.0744017600111294
0.290916114920921
-0.496623528315388
-0.00880465328366856
-0.0152259918851776
0.931965936311895
0.333955606631708
0.812062103143325
-0.739396241799799
-0.260251403167133
-0.906681718442094
-0.795552634848216
0.750499670754991
-0.511415339645956
0.929478672036691
-0.317700079928939
0.265209399494505
-0.816661196307073
-0.803834912939174
0.895732982783616
0.904972534529537
-0.26087810942986
-0.272543776405567
-0.0393583925018213
0.349115227945737
0.110710197606038
0.561545019270131
0.889693760192527
0.382296348308828
-0.863937985465329
-0.828419122058398
0.123510144582361
-0.475085403249299
-0.61398312474735
-0.985374988840025
0.834475256257924
0.517690053710331
0.00249233719129824
0.0830407865846184
0.236637889857322
0.194881178407853
0.54479770898375
-0.727340207334828
-0.753741986284534
0.531182531605061
-0.455294365294812
0.265960682303398
0.848986641022283
0.256495904558636
-0.812487562040205
0.0543314703366772
0.621123776318325
0.994278357958989
0.00870163279931076
0.960658636596959
0.508462230839767
-0.448914432261043
-0.23269996500952
0.521824720027452
-0.786538955382258
-0.618262533002839
0.0448655518634291
0.083265117860949
-0.115130597780663
-0.407070969813788
-0.751864359712315
0.109865111437751
-0.468853589120499
-0.33896402807725
0.89040918127964
-0.720974034966508
-0.921747996322554
0.688359380313941
-0.985214075143377
0.931447119405221
-0.620184872224316
-0.438426573840338
0.576418288757643
-0.0399388032394068
0.0735247741421452
0.500742860895078
0.861037119472651
0.857795553004936
0.747145897490864
-0.391655101767066
-0.830981997046309
0.873223828753482
0.519208307376838
-0.821783716144413
0.0910060633907916
-0.37087888257205
0.408593583108453
0.408138568288469
0.83463644581194
-0.334499912858807
0.607213304727922
-0.308905226973438
-0.789239243651746
0.886911062992567
-0.667162973652567
-0.872860135212934
0.341247216771035
-0.730227451155738
-0.91574990187597
0.0380532604271946
0.58762729542902
-0.803509575700113
-0.282473399406145
0.481568532510844
0.694768530547048
0.58881087477983
0.622748923527123
0.880656523240179
0.196107459895331
-0.939899799061506
0.644831623243784
-0.974393421870441
0.358458059752444
0.801605779304483
0.507524342225635
-0.472600636704055
-0.0563678974520088
0.448103359687798
-0.361005893487663
0.785917346965305
-0.231380467931444
0.158130525070351
-0.606380965833112
0.789383596877889
0.296769888361063
-0.0370238113165287
0.658593109884797
0.181374476813844
-0.0185764657668925
0.444622661139935
0.796592341869571
0.481146981134268
-0.248446882084989
-0.1339764600649
-0.209660549109111
-0.79570596121489
0.794522067288801
0.188597581207766
0.0885550803352178
-0.590452968661934
-0.728834944549546
0.234338796223762
0.288784096209551
0.00327014484773281
-0.972988774665433
0.708939715805272
-0.684593478232124
-0.934013462922263
0.618822787607439
-0.075762755663032
0.365791749307677
-0.255605119637154
0.590203199159108
-0.601477362207715
-0.354460769654494
-0.893508119594926
-0.6406789462249
0.928402956081595
0.345490403387507
0.539740778356257
-0.480671162778649
-0.843246846759136
0.454374074239195
0.0347009760756373
0.579111512723788
0.366772111270881
-0.641220676650715
-0.0881297563089044
-0.263985942497937
0.129313676599508
0.609384421578262
-0.290360420688867
-0.345840346655216
0.62490039496787
0.256865298785454
-0.802642901902568
-0.407321334921089
0.619309402131871
-0.356081480763092
0.977359344740673
-0.506116271286068
-0.528640343170359
0.0341505976656832
0.180284938496572
-0.115368801888419
0.838042692736921
0.184295104677709
0.583948825569097
0.868526910773841
0.918592521304658
