-0.220323586333611
-0.825888746640566
-0.595883315476775
0.901450779517124
-0.190570370222664
-0.325420386285414
-0.772405220692689
-0.825261947380651
0.785455331254697
-0.334097290625706
0.512429365434112
0.655212464069708
0.603368544306153
-0.72271236508048
-0.297972859580238
0.561292316451396
0.613439796804712
-0.417550940205699
0.974269197397399
-0.115609972585578
-0.554359871160668
-0.164312659865596
-0.22575817826137
-0.0230864127017141
0.866812264129071
0.0899418152839708
0.970407055785539
0.795263623867353
-0.354429948487696
0.283492897087606
0.6650096331674
-0.126967686870101
-0.675633525057735
-0.370137673158513
0.493705432327022
0.244698989267337
0.238106339761332
-0.501964960855024
0.82269570542433
0.255346528192361
0.851754555564376
0.392600643986546
0.270604684485632
-0.590209676278129
0.0182733421778033
0.967186671223774
0.604155722513162
0.200762633164195
0.733811947350739
-0.559586578634938
0.264767413469186
0.243024333642238
0.739852292687829
-0.901385739106108
0.865359465807884
0.418448430232972
0.373235669891591
-0.878232299740891
-0.775873753297787
-0.179902858301101
0.276378418559257
0.145566592813393
-0.233509219137295
0.636183134073787
-0.167024389864692
-0.0702661464690972
0.179117604826735
-0.884242121051025
0.274972333555085
-0.849651846294934
0.235597851822369
-0.826138714488136
-0.00163342524517114
-0.168823601198571
0.179935996569601
0.75043583794046
-0.180745469664165
0.0612919477926489
0.346640376675121
-0.537009083805901
0.292111136061009
0.21727018217763
-0.129119359898607
0.836417739555121
0.773016608248822
0.582028699527186
0.339591121260228
-0.808788832922786
-0.821112744914893
-0.682968723385301
-0.57389495146317
-0.514176873009061
-0.104535699801554
0.411499979280791
0.346724584300442
-0.458526872429447
-0.405598610780156
-0.390941744242819
0.762489092224166
0.0518404521803549
-0.396653204191342
-0.622872340473923
0.172729390565504
-0.825277839177057
-0.48053582423627
-0.450373983457104
-0.0480176940109265
0.409684261803765
-0.712046422802023
-0.412531904379042
-0.163840309752713
-0.540740990711086
0.965200809000637
-0.0856415086529227
0.370218516123124
-0.83811273890095
0.555841772320595
0.278349783068735
-0.815663869396785
0.739202209018756
0.715173981041817
0.527431980878217
0.437306109712679
0.787687282384624
0.105908199211483
-0.8143903850272
0.329595168341112
-0.541936613749024
-0.343742962120678
0.04728412500613
-0.761128894389787
-0.977061059541757
-0.659023755905303
-0.949436846858383
0.767112760973703
-0.769451098176831
0.205839173569229
-0.305596070897109
-0.0658221407189756
0.697984538883309
-0.469522561343108
-0.367254495562641
0.114083743814191
0.615912893098367
-0.511575234552887
-0.0367919986315736
0.663976947374166
-0.194065649861301
0.371623654811835
-0.0971876571245923
0.229106430856169
0.0741456784237735
-0.569761450438331
0.415794253631435
0.932591242682277
-0.442554336314213
0.205966320362519
0.115396827080329
-0.212428098474956
0.269450334565752
0.213744425955285
0.458591131315741
-0.498539352609225
0.595222000149697
0.675048231127396
0.57261074416797
0.616283467535997
-0.263351128218382
-0.397857939290365
0.799858375715526
-0.294084469348079
-0.833852512029086
0.485560002293995
0.698303453659926
-0.527581927663441
0.794524037965048
-0.415437671290369
-0.6828505078673
-0.948661893560793
0.902841769811736
0.227173473451542
0.2197766896259
-0.871056485975824
-0.501616711704028
0.0184517567797115
0.248969302497115
-0.478014001630942
-0.444661364009222
0.371957619671703
-0.346303111446905
0.550649777234468
-0.88735118330711
-0.418965183292966
0.610040588044306
-0.943634639188613
0.739828418304569
0.125220102628637
-0.565299623505954
-0.248986492764878
0.984388969101909
0.50780568643105
-0.485763452547809
0.157258951645495
0.38772342050032
0.785732402194393
0.0342960722815717
0.0719341467014097
0.857153420193969
0.627457257814719
-0.231029093253872
-0.863370153029942
0.111422299475906
-0.504548295400952
0.938302845705557
0.379785436126912
0.0838393254684255
0.155561204051546
-0.589553578634206
-0.0193608548897209
-0.185864311456371
0.912783467187735
-0.361512315371214
0.558993187199246
0.29604314215295
0.156077559959056
0.565527393329513
0.611550628023934
-0.191562592431369
-0.880597893186378
0.937236794113827
0.785252318240907
-0.575330428532652
-0.896816998382301
-0.0752028940044533
-0.114950215079557
0.36982722363844
-0.96769025636022
0.521085937804972
0.410003542883682
0.833221110426236
0.842956578808597
0.802107928414871
-0.64696684888101
-0.64368025300258
-0.906579958306803
-0.0248468781355898
0.530182340953648
0.46252321370315
0.585468549403338
-0.017245946357031
-0.0797982473200886
-0.676468047048455
0.371457714287075
0.333315555373797
-0.907045677267885
-0.0177640980596515
