0.796728437479967
0.245924217995314
-0.792920532877312
-0.72974169248842
0.51370266948442
0.942151119391445
0.671342482051763
-0.78420980825694
0.639875824759079
0.430925528834629
-0.879724676207712
-0.587686023386733
0.210355874842062
-0.141682815966672
-0.464323642520328
0.359089873895029
-0.570508008996337
-0.212288983952173
-0.0270532810333783
0.48258888116643
-0.727616768788947
0.343999289112014
-0.879745379975209
0.367156462234442
0.864635180877044
-0.0484713797854944
0.105156898848501
-0.269205151605373
0.301591605815471
0.084473401809626
0.715114138180973
-0.8406965757812
0.680388044198071
0.871032180675437
0.278213262808103
-0.467829109764075
0.249731322213182
-0.381852989255085
-0.230463144804619
0.642202656996094
0.193247191357678
-0.0780663968128002
-0.272111515904869
-0.428069813641557
0.444918395654776
-0.577242249542274
0.375022303210385
-0.702938744027022
0.700233993326516
0.558096171822099
-0.9463226739585
0.853635387091583
0.00347336727729247
-0.747847926019129
-0.494157271531411
-0.464031696571967
-0.402950340439832
0.679091293248778
-0.390062638646083
0.189413483554504
0.321552299711597
-0.94532349570545
-0.44198715001643
-0.454613180974889
-0.782131875038284
0.585982230885591
-0.819349334879815
0.891428957299396
-0.103617369080567
0.49684232453097
0.253956470258583
0.0324755909727658
-0.120878740532459
0.200289839885959
-0.368720063124995
-0.558218675657408
0.389160128187202
-0.0633364568752505
0.445163539803303
0.314148800573018
0.124847797338119
0.438334898486962
0.275730663935743
-0.238778060397398
0.524869467968093
0.527786284378881
0.439023935525375
0.573811402349615
-0.429549271684994
0.910656209120097
0.497090873787085
0.768597587252016
0.393572598025872
0.756121934850039
0.440479236836268
-0.907374359226542
-0.449985679519158
0.609010908009542
-0.812579439579041
-0.0902631486142428
-0.808418352000471
0.555911493025732
0.181888340917844
0.773524704782065
0.0119021197346637
0.193268013879558
0.176776058600769
0.164670726228859
0.148303969524423
-0.43320193514947
-0.312103720446377
0.907750580051386
-0.0683712548143334
-0.410404319865455
-0.00346512855580134
-0.445814299878706
0.0495028619647983
0.748981192847163
0.796772333520772
0.577783214324767
-0.134804834877219
0.281021526647203
0.750585656573491
-0.216135076914553
0.901731379623119
0.244693989634423
-0.167168368469886
0.51169253651638
