0.937136472681825
0.208537845693601
-0.244266267103551
-0.770098727562915
-1.03457429913078
-0.131230992188641
0.258024135620473
0.165439638906201
-0.133311656423722
-0.393620399848937
-0.277729264661632
-0.259422768984073
-0.0194072442059396
-0.732021464713263
0.210674223856126
0.847652629719458
0.735815989731895
-0.991862419954118
-0.113554413607112
-0.0124945670893939
0.69122261746029
-1.0225088975977
-0.57899247999689
-0.774360122379503
-0.906984514419073
0.853511464957811
-0.698429851399914
0.275106717838527
0.579079513295043
0.806386392837939
-0.493992368052557
-0.5561348040054
0.0478791036217815
-0.91458984818738
-0.779364475426991
-0.934085356356145
0.450346975701614
0.0898954267268184
0.46794336435308
-0.731304618220508
-0.62078189870197
-0.371936000332528
0.589464866149369
0.784217515309893
0.705948332598583
0.241996627210827
0.929646577571782
-0.122725176822203
0.0633738142883356
0.517407772840179
0.479322820235566
-0.198206321681772
-0.941521669877764
0.156819708889579
0.796453215603691
0.690317655613453
-0.533651417845938
-0.257271162092902
0.852662245309549
-0.440230475721074
-0.492249341293026
-0.360514700243545
-0.157994346648379
-0.344069338394917
0.563712098811773
-0.309228205251224
-0.653322248147226
-0.255987071102155
-0.0907149839181349
0.19416355943766
0.14712582507766
-0.9402295296395
0.856214500585549
0.228121831107249
0.201732269479595
-0.148940374506086
0.82584204811916
-0.0200552058922794
-0.77404963670923
0.0711989025061478
-0.372771611572935
-0.666996616587379
0.628710294251241
-0.289849046068473
-0.827340114282659
0.279250592621934
0.0470291473023115
-0.722493394129153
-0.129603469194944
0.490518262322061
0.716617748700253
-0.779716170471564
-0.924849826530911
0.623136773490006
-0.500027262488852
0.226648998700473
-0.0550654489565862
0.582407166659345
0.314971969028452
-0.96477776626204
-0.409588327952323
0.973715702318243
-0.752406431718465
-0.0615908464716439
-0.632572286566014
-0.700425934285132
0.793060161362362
0.351002844254001
0.117915910442313
0.881064624486767
-0.94312926696786
-0.8503294098936
0.259050180827814
-0.641338776371325
-0.161053276477109
0.0710415646569304
0.0479240153690865
-0.872473012979384
0.607031839402831
-0.823319871895118
-0.384989081425392
-0.256534335355358
-0.357413424420811
-0.14296048855983
0.151756628000129
-0.646432720639657
-0.976746292376192
-0.420475158694043
