0.23319859767781
-0.568732549504628
-0.329173963990609
0.301739799895586
0.866109023585375
-0.565317497917566
-0.76341961111019
-0.393179117462606
-0.773506164639636
-0.654763179867046
0.648974079165607
-0.875619063880465
0.0887808960769022
0.394199807393809
0.931260676516428
0.91223157892591
-0.962365785773888
0.893629621921999
0.505380872634575
-0.0752677962492814
-0.920002315498618
-0.1675749263759
-0.0486893772897598
-0.632430324861011
-0.298673486577514
-0.277558146682715
-0.816550715533676
-0.265066137636696
0.204775820454361
-0.899672027933331
-0.836005920642082
-0.78902777873638
-0.471737482597191
-0.181146852456997
0.521927350212008
-0.858370028532796
0.904759862407694
-0.423794044895332
0.686310223790533
-0.255792486172552
0.528292649760748
-0.570965064491098
-0.972147903726287
0.664730685605269
-0.00591195187838209
0.00932644472163669
-0.28002023512758
-0.610431984117901
0.286730383344195
0.748716318471908
-0.0566905487841495
-0.0224612763686959
-0.182157993566394
-0.475983308329478
0.845326224759201
0.209546713995111
-0.0681014910705749
-0.0294228008086822
0.186203388384722
-0.499038078020921
0.962989572699197
0.996613883438168
-0.493473853432369
-0.337798912296009
0.376228617704838
-0.745186190336392
-0.326851596475394
-0.482229889404645
-0.495381522324943
0.567468339801691
-0.13438349477037
0.422655053193841
0.80766515857592
0.0399905140829602
-0.358585482168013
0.0323455746576199
0.638350734375697
0.877620723826848
-0.992082218880215
-0.947147131141805
0.693527669860621
-0.108389190978444
0.24062408822832
0.679456069914291
-0.452932633784322
0.616524636673367
0.35468015996265
0.276118365000044
-0.386511105511491
0.589482428459314
-0.259635216091652
0.775997383718137
-0.793815054318532
-0.72787958902175
0.115851311625823
0.675957586775598
-0.212065226044292
-0.403984819572799
-0.705232531092262
-0.548696159239297
0.569222906575458
-0.217448800336467
0.852503622501445
-0.928663874394304
-0.600119467386147
-0.312897106055097
-0.462831980119723
-0.718356311531299
0.294859702765142
0.721428555648977
-0.168712986392716
-0.121637800933784
0.524451629014647
0.926530732549709
-0.967000048841435
0.58672543394239
-0.749162731026441
0.787072392789251
0.845483923747475
0.0928178086462972
0.480797429690338
-0.739914033644702
-0.350639724517125
0.260869174561478
-0.503285638194368
-0.302611548849109
0.0900614059587991
0.245590953344915
-0.13669380873996
0.0811901307127982
0.204231249210126
-0.0536490289474896
0.444349876228883
-0.881293986192051
0.156596374263419
0.276114958096951
-0.36562416811279
0.346412264471996
-1.00167839497287
0.834240114118635
-0.0380865317194579
0.369108133999465
0.436074507047588
-0.454658975904408
-0.396072814254895
0.115077363510743
0.63896084313298
0.419020901862387
0.489733674800581
0.218194068107147
-0.608915885641373
0.5600986983209
0.535072482475667
-0.76976057125163
0.96524803918289
0.382155498194191
-0.700298023774741
0.0404825285137964
0.403298103694794
0.728044435911981
-0.313263793321681
0.104447215552808
0.783430935741438
-0.938503229247772
0.946556236507337
-0.733245351358537
-0.632902613264241
-0.944941893428839
-0.627796023826734
-0.499044335192604
0.733284190204058
-0.216891567245743
-0.89177246277513
-0.129719670799665
0.517743238908635
0.0929208326341203
-0.419265609629063
-0.34679796993462
0.0224962598397881
0.648547887375566
-0.931577922054872
-0.100743847174516
0.519680625172876
0.478610308387758
0.322816635070959
1.00340263155387
0.938073848744997
-0.581770672503638
0.041885881307469
-0.745295405993026
-0.247304986136871
-0.144256154668039
0.639265504368675
0.832757524197635
0.789599372142011
-0.646632780308379
0.600562149016006
-0.601772598871122
-0.863402018249957
0.605696998306528
-0.685705860743601
0.0163355972752353
-0.150884734123389
-0.353656792915359
0.787561292000055
-0.793555492622024
0.387320123829926
-0.469506374308981
0.798284011005683
-0.820218005849255
-0.925985490611447
-0.530569784733623
0.518117972988702
-0.101618195848691
0.00691281453802552
0.478672390611931
-0.27951864637175
-0.170492581473201
0.70712330018774
0.6860742813881
0.858687866859184
-0.0732896594511227
-0.66523431398263
-0.193052547703086
-0.773291660240094
0.0527576208109253
0.586244488341226
-0.570005984090752
-0.0577136816466437
0.492941901090968
-0.0923107064050235
-0.882409565144371
-0.336239414859493
0.714784351725143
-0.420254699736384
-0.636899994934633
-0.986822484539786
0.732853079631921
-0.840560806558674
-0.0406556369969982
0.409034742202465
-0.223742906613663
0.401417945902945
-0.772232486263995
-0.652344072136711
-0.748495112004366
0.19490603441916
-0.261145713463203
0.616013922787516
-0.192256172987143
-0.942892894993613
0.632608024710998
-0.179411067681661
-0.735129686924597
-0.838588609062727
0.80976004029619
