-0.403048642601594
-0.437894105353276
-0.460041901859391
0.399571910502602
0.044102289923218
-0.297516084833509
0.969342984050161
-0.747704993264332
-0.115791435034399
0.962974847147125
-0.515752541178355
-0.919352499261793
-0.402581487539544
0.333916804886757
0.409073499404756
-0.734775816661798
0.0930743597519797
-0.800207908835437
-0.709645014707849
0.552909786925298
-0.206669824690171
0.346746592279302
0.409292821921687
-0.599551948723433
-0.962190478171015
-0.310978186672654
0.106723087807809
-0.61999235635882
0.440407547049497
-0.753149793288417
0.361012959071091
-0.381368720583966
0.32464972954429
0.754557415548608
0.487406765436146
-0.437572012537852
0.908417511158993
0.467190390767836
0.735427770742416
0.874509074108715
-0.490403203386257
-0.786306518411855
-0.0393944105462963
-0.89784453454526
-0.00332216602119624
0.596589052315625
-0.960498432306341
0.243614111463463
-0.237175868981993
-0.761412411665797
-0.563146960122276
-0.99078187590997
0.173674575827574
0.354943019403971
0.44475544194665
0.582317050733047
0.476182017799017
0.889379154860835
-0.502210534329724
0.495146289953231
0.446545026668845
-0.457004378479801
-0.948642851724803
0.730106878279888
-0.425317491109019
0.66366995087811
0.936598971862768
-0.570881844268252
-0.179783752165511
0.514611498107612
0.991272367803553
-0.981464569600713
-0.494146768068291
-0.988568153612482
0.544735740640443
-0.532845383671577
0.270750430057892
-0.0535948549664108
-0.0243423441324152
0.338467817842365
-0.694552560454104
0.0133888844465798
0.835310826489017
-0.939174725830002
-0.832527722118658
-0.843301602947024
0.36163072702878
-0.101107224970735
0.124323875279595
0.534285798152627
-0.231067884299795
-0.541825994716885
0.472459274980398
0.720439285993227
-0.739580266295325
0.449372942052631
0.896084832050111
-0.747807573300429
-0.83507817758502
0.215554689957775
0.128537545051795
-0.807139211822994
-0.571681831751755
0.127576202725433
0.00326177296786525
0.944454854520866
0.030261551802244
0.863247460392462
-0.385637296886688
0.758039225717053
-0.466882014333617
-0.254597906080313
0.820738909288715
-0.659283332795473
-0.49777376079926
-0.0481962735803123
-0.885801120496968
-0.173198313273011
-0.849768331457688
-0.857702502008701
-0.609270029939056
0.155826872359828
-0.944675855121639
-0.445443797953737
-0.48318310416683
-0.79049875418773
-0.877684172710438
0.773560364297028
0.491830752656522
-0.956304094944069
0.106717321157321
0.325222273318551
0.637902128669281
0.4661451046217
-0.133616071194303
0.397556883528618
0.264250439605985
-0.148000755994644
0.977580125202575
0.682232474134544
-0.340526555534912
0.556969618117549
-0.308110143900818
-0.94784154817015
-0.673627483068361
-0.902028881195694
-0.913584970054414
0.28883630906194
0.243293788504947
0.878273774824452
0.924317574231317
-0.101947249454143
0.925889887592606
-0.131348585194207
-0.137421351768298
-0.810853139832916
-0.419171442670667
0.524502796157261
-0.535622966315021
-0.29450509302561
-0.899264101681511
0.225616669042942
0.87204589273007
-0.09490871741262
0.420756573898392
-0.742876223469882
-1.01823279391816
-0.693680194357968
0.0758987706355265
0.163840232610757
0.0930504698590997
-0.381443226809126
0.1001623365745
0.0268657114643838
0.654723041056886
0.479868991387242
0.724689241952213
0.160842732523609
0.992305894881309
0.349801775752044
0.652415781950616
-0.0616370233124128
0.764452751671731
-0.67164448290741
0.418907531751558
0.231273610808704
-0.476243464833846
-0.684969419185872
-0.303241974010647
-0.547079550197726
-0.526069828199912
0.92322461062433
0.0318655846217976
0.364174095593298
-0.371949224884707
-0.532609717017082
0.0349020947047119
0.806496502250444
0.64579257865186
-0.114467442732599
-0.816653196024696
-0.525182988795407
-0.266105518637021
0.141298038720084
0.330519399432992
-0.425993344287297
-0.290967489769864
-0.0117162981857142
-0.931922578890797
0.28674062036409
-0.233217558277447
-0.461198090501833
-0.538874909408428
0.383674216381164
0.596554899309693
0.198239815859798
-0.287410218993775
-0.34509900995481
0.650703241769839
-0.0560798680398804
0.884112155603497
-0.721118060777608
-0.338342181522173
0.92418760235525
0.857798238295217
-0.713735689210548
0.603873379587908
0.546541758985019
-0.430475187605476
-0.812976867284709
-0.878490656486235
0.476763703885359
-0.342419960908605
-0.292204431978992
-0.456990143553255
0.0960254195400448
-0.191558904610567
0.389458545931935
-0.312309150002086
0.662922543767673
-0.794469488291914
-0.585700194633537
0.539865012728206
-0.394031968898923
-0.563216355112988
-0.893183913710657
0.0224294040421831
0.658370356563369
-0.25352323506561
-0.845331179869961
-0.351927637204723
-0.382309278795085
-0.580993817165338
-0.578709777898534
0.809417963064809
0.56748445920835
