-0.392980885170033
0.928703911507405
-0.455426253824637
-0.549952090001521
-0.112246744791247
0.567894854100731
-0.743530937600946
-0.30455444713066
-0.689660108643431
-0.324039986903397
0.0582681484667807
-0.701774947107829
-0.769589251888167
-0.513960096328351
-0.36183410749551
-0.457719422827072
-0.665582558035247
0.981428155454643
-0.821052826014231
-0.652422924143431
-0.910399767527312
0.390795229421509
0.868184167101023
0.510760910459297
0.373960299582265
0.966610496296032
-0.818698816915013
-0.634880125406404
0.94623007350474
-0.105506391001939
0.976973450728392
0.233000368084894
-0.679297557977781
0.819649229630981
-0.247780884025639
-0.197758869535094
-0.766692493578672
0.596292240256789
0.615177841773678
0.488388782152061
-0.337623633781717
0.533021375626198
-0.650304543807365
-0.359351350648535
-0.973643081042392
0.768667735081015
-0.353736567541211
-0.558342297849335
0.631200845185867
0.533831378550036
0.644059963174038
-0.204076595119839
-0.107976895966321
0.997243888240203
-0.60149923139552
0.0771974240964001
-0.405571189168813
0.348817955865865
-0.37851111552491
-0.126639794181547
-0.999581374417842
0.272748798423875
-0.800602239277699
-0.0492972793910841
0.0406959130547356
-0.349594676739352
0.306798069580412
-0.198757840247282
0.236334896444213
0.796199301242391
0.813566865225794
0.644029902271753
0.746087860832242
0.450525799784854
-0.509938780818812
0.0921734137866777
0.781674767218912
0.884527780135733
-0.372179092797426
-0.38758295752064
0.186322222806178
0.953917757620563
0.153633798026712
-0.103558654764864
0.245588651489295
-0.0682276935932078
-0.324677420703178
-0.58790778716491
0.131626245594229
-0.195179407362506
0.00319342242419751
-0.916828445193767
-0.743361178332707
-0.112371402387327
-0.527543697726391
0.318495032473325
0.622366399815002
0.256577403366663
0.160538305386913
0.358476277020303
-0.802398939567173
0.0407135963980812
0.343173081305578
-0.0379788788404314
-0.57509920368336
0.65137034662949
0.115312019527985
0.896961663986752
0.56345535847726
0.235229254028368
0.597364332541147
0.842071750578194
-0.0573356741824859
0.117093965634205
0.69158369420436
-0.18217377566154
0.957684815524591
0.12700814005002
-0.731475055516413
-0.527143681083979
-0.628254456128654
-0.76145993924027
0.248850727865844
-0.898663317113421
-0.272080689689959
-0.0921930928475838
0.579129247808903
0.51147999514546
0.451909305859366
-0.435329936809595
0.527096089844843
0.628227965664606
-0.580457856296206
-0.0181616879921121
-0.566069096903297
0.584587500451916
-0.126372791528348
-0.21187002298535
-0.207569622282744
0.314062607789066
-0.654066801268246
-0.863710202065338
0.331754885321155
0.223432453950909
0.53866791367407
-0.837151069673732
0.499225642657502
0.102178331576222
0.191524926754596
-0.00695450048460566
-0.617499396493105
-0.172608801674738
-0.428919855874144
0.0859506935772573
0.903352405217591
-0.972225503990396
-0.741228274163528
-0.663525311534942
-0.554483262357098
0.7747855573862
-0.939406552517797
0.26427488265438
0.796615268333554
-0.886889663483556
-0.956275465113972
-0.601335103056494
0.385196447394524
-0.0361702205081544
-0.0965603767545109
-0.521323197699093
-0.823949503853577
-0.206125548313505
0.163255161853405
-0.471462200524719
0.776414879436375
-0.95181437260509
0.341415156254978
-0.831669763868357
-0.0661320218234498
-0.987600629109723
0.938331276045288
-0.942148060958768
-0.328953427426827
0.206925095889561
-0.0120863035274868
-0.0752156717765042
-0.392583537793731
0.0231965296914126
-0.491741975388167
-0.84100267946073
0.936166463171024
-0.300403673196538
0.285982078391079
0.753427281654011
0.718230377561946
0.117152602983169
0.786443083121386
-0.958429667672575
0.0791646498965169
-0.839980497665343
-0.0108545143805485
-0.795827941683021
-0.82432991633522
0.571922160328204
0.0807551625559375
0.717231035275902
-0.000264009700493347
0.214682607168258
0.77892152029944
-0.95732406570623
0.255959905404395
0.382990970631175
0.143746030923342
-0.547812101255081
0.229270219639957
-0.983315913481666
-0.426864388536815
-0.370804725307038
-0.947433828576011
0.108870365769783
-0.0310408251081629
0.919651392133118
-0.315482814483656
-0.42289537804497
-0.669723816848128
0.840209723084499
0.562978267377618
-0.97558315321327
-0.130127163699926
0.295110033233139
-0.559240786487554
0.298712145943765
0.35175842671115
-0.531373213333322
-0.729568989686495
0.973861693438952
-0.487069048399583
-0.720732846891616
-0.757410426299555
0.922619086622053
-0.181657291230655
-0.0715345681087422
0.227700651253215
0.425780589547489
-0.840489754544424
0.355296481656767
-0.0767565109152926
-0.648487776460621
-0.943001786677459
-0.837726115027599
-0.993721804382404
0.171088575376731
-0.315940139407191
-0.853641865762624
0.0789331192022893
0.602667532924545
