0.280070429051108
-0.887638960384362
0.883831484046079
-0.127505298484572
-0.396417410982979
-0.179897644381142
0.342911103349718
0.622213288804685
-0.576151125960168
-0.559829477111448
-0.157178643484183
-0.658523311154453
-0.240516446375775
-0.229972803715127
-0.253023868777471
0.770975706711452
-0.661751080556084
-0.889659668634229
-0.188849542971253
-0.796664371267526
-0.192482660274804
-0.11702721003524
-0.483840459757049
-0.680145387949207
-0.210840536442261
-0.158100276889852
-0.118022415486169
-0.564382470713948
0.529646078351664
0.459298780564989
-0.591265635453557
-0.275684961875162
0.0170693838097901
-0.676668817800275
0.548549816821441
0.175478058003958
-0.736889450480729
-0.456100184131035
-0.157818946232589
-0.976380970041322
0.105030869228737
0.311460485661824
-0.495637800518947
-0.1690860285976
0.476389300824018
0.505623179838881
-0.402883351345749
-0.275057418779468
-0.873483526580502
-0.435633635905562
0.290531037532742
0.987064202925465
0.930537015059301
0.706181327761186
-0.184605462861339
-0.278677425188448
0.248928263698881
-0.251865099744604
0.437700877038728
-0.0785175246678745
0.348146452081106
0.0811292309826338
0.191428988627791
-0.380497191508419
-0.213099011078096
-0.49307779499611
0.0911495327831689
0.577796366920212
0.960967144342503
-0.696667154432316
-0.285315776174093
0.25898814424699
-0.325638314414275
0.671282992708913
-0.523393120118044
0.740228948322264
0.520662661002545
0.415784885757548
0.0219212847293217
0.508193946302226
0.867207339729345
0.462935764365779
-0.495872037861171
0.690830621820031
-0.952688491555461
0.781191435212809
0.98981917352574
-0.220725460361031
-0.409862350031168
0.672926509641911
0.141330825335281
-0.326182018606223
-0.926504228435286
0.758195299067179
-0.773424419646631
0.71151902088864
0.160047318332655
-0.137660729361669
0.768717906190428
-0.724453930818947
-0.985453181615949
0.244298173910295
-0.520312509236589
0.101455015076562
0.680010489170355
-0.424851899589665
-0.862394048759411
0.876536749599216
0.840337843708391
-0.359591129568485
0.867185526081842
0.868028222408046
0.000511960088214198
-0.942418793363105
-0.487831953949751
-0.0532347271295525
0.593594855399302
0.0510997987988559
0.554347555945084
0.0766147235303426
-0.067177896827686
-0.84597847486262
-0.426183774785267
0.962284784030555
0.450500867120284
0.835466757593871
0.457462172959149
-0.403413205277103
