-0.639270479832364
0.0762764725295805
0.719272042095342
0.120078390739564
0.202004776520204
-0.0527206701998403
0.966345325372279
0.292625862155808
-0.569752520339933
0.952611663157686
-0.376914732638316
-0.752411949271968
-0.218086987716737
0.331254270992716
0.707786630796837
0.22001692666427
0.34893421751166
-0.157778436460782
0.00820921217628507
0.966886641113574
-0.979484151065688
0.422141147204321
0.11499475543804
-0.364871393638406
0.635388616755632
0.35588629808692
-0.0748204080866202
-0.888309720317624
0.375298897854263
-0.770518697058901
0.882450868316866
-0.548051184862926
-0.620630875693175
0.405006853632428
0.627320176321368
-0.616689060066012
-0.636341053633927
0.265899757271142
-0.06752713797821
-0.29757097591856
-0.828954679255901
-0.645771681232975
-0.148210551396921
0.782793365063072
-0.150056643405178
-0.423671520776086
0.0264247885041976
-0.0910409147201512
-0.4360908458332
-0.513962490024767
-0.330098622676576
0.719123511324891
-0.639913285758587
0.585443003033061
-0.532933852944106
-0.38828401321143
0.265261917424851
0.398037250625547
-0.874297247759824
0.148553669746738
-0.975115010789156
0.136686597978502
0.840868850471128
0.611250074201282
-0.40188142764229
-0.752908512590504
0.113321973482589
-0.913578596299701
0.57835060235287
0.806327354286725
-0.584547148601209
-0.409145562755179
0.807374904556841
0.631018870805178
0.762888463761894
0.630316577284267
0.83288065104783
-0.62032228508428
0.0509992535566052
0.06478363768557
0.184254823221493
0.54262017202826
-0.684471186603758
-0.179822216292054
-0.970741257985662
-0.0856025601520273
0.212463169646106
-0.023464063305813
-0.690283278640924
-0.110528642863238
0.498916062424553
0.84604134397039
-0.938333668428857
0.0208916981900042
-0.603424986159379
0.640114269705503
-0.557478141920571
-0.187848071200326
0.464297274062137
-0.394059052029261
-0.0147450591893056
-0.559336065845383
-0.17249356434096
0.68895793083853
0.867487829714762
0.310982566747946
-0.449769408825725
-0.88672257662968
-0.290126808091629
-0.298817066676778
0.480151136766659
0.950502062938134
0.115644889892316
-0.226179506389535
0.300551679551054
0.64437588666452
-0.824063249673374
-0.106260268846849
-0.782628742220929
0.853794145093963
0.459656749400919
0.583552779472663
0.322456634928867
-0.601663263549376
0.30284952758087
0.0501396018015692
-0.850230220964622
0.52267926272101
0.979994447017786
0.719304109118744
0.0143794515552884
-0.116673383817539
0.560168232135387
-0.397036124247113
-0.754341977909952
0.651111305587688
-0.207439068884243
0.471572038026567
0.243910587996151
0.734286046641768
0.141052544999821
0.501477243351101
-0.904941390462539
-0.848502829790692
-0.676663504142734
-0.196962799766018
0.318800115200725
-0.673764088833095
0.372420040668439
-0.728999465525543
-0.549042315183632
-0.966124105934986
-0.319242044989785
0.97131876137054
0.527381060110037
-0.6548460373964
0.415677905132864
0.511691462697444
-0.289280835635441
0.915900638874998
0.014608860779745
-0.854468753477636
0.61015898256685
0.795703078316308
0.439680695762975
0.568593594463434
-0.159801761259702
0.870010188886278
0.464899191422678
0.711832652985696
0.870659022365481
0.047455489243927
-0.382677866138823
0.891015054154674
-0.985029937669095
-0.226084824848862
0.0107443104626263
-0.0301875354428233
-0.577970161684381
-0.0142122065227279
0.154913459570065
-0.385493702886275
0.695080191770429
-0.778644527880225
-0.875992648366411
-0.658445913522175
0.750448575311915
0.672667852642727
-0.0398429825671772
0.659054698452661
-0.725082930580742
-0.886277558313245
-0.690290052429073
-0.512244817478568
-0.32702510530659
0.382107134326262
0.0926702323816784
-0.728177059865249
-0.49569591301859
0.335405079317691
0.0476071387305698
-0.0351605263960889
-0.0298191083838106
0.589395677596974
-0.434258211611526
-0.205090243566103
-0.13843660238839
-0.0838490305646101
0.62163007441009
0.879628864815294
0.545062780032251
-0.951589448092776
0.825721357028624
0.310259625058185
0.781054244965274
-0.349926123989698
-0.948171578931418
-0.916794332546353
-0.209568622189664
0.0247789806305821
-0.669091192102443
-0.249943320249784
-0.683471887748242
0.0396384902428146
-0.498138176975896
0.647211725296325
-0.22607217933083
0.285748680608541
0.788871497190091
0.208485847281574
0.615371220097171
0.438140292212381
0.658725636709505
0.600940435252394
0.692805382117532
0.812737637921897
0.992596543272822
0.122106763716088
-0.0672326584128936
0.809689719010573
-0.963644227750072
-0.943637405402556
0.947470289750557
-0.911796075478764
-0.15573184724888
0.547875718818239
-0.696216492608774
0.995195461426013
-0.119743491717259
0.719779652015616
0.247207369775606
-0.879472939096208
0.743707487403491
0.918078078411544
0.518782252904851
0.183522716650349
