-0.999691954177946
-0.878347786100616
-0.644563777229581
-0.386506934597169
0.12869328962223
0.264577930574484
-0.78081828632792
0.951832936280771
-0.626701575490344
-0.167301450934329
-0.73846940208709
-0.138554136130364
0.434164031889274
-0.190577393041292
0.387237236539252
-0.0342624791191838
0.314507823370603
-0.152976533343178
-0.647607828171444
-0.445433812052381
-0.0917099287346772
0.663517189365268
-0.303564550638935
-0.176633250245903
-0.811246753810511
0.685492970080904
-0.97318619943554
-0.827617389533524
-0.287740832648575
0.511856517482661
0.243958709885605
0.535781084756337
-0.602415138928578
0.740451276556723
-0.590362144365818
0.686489238490506
0.112487390316329
0.781250444005447
-0.549043311010738
-0.454793698000668
0.493761849365337
-0.02405232585284
-0.906659540625664
0.0693369207880448
-0.89658707033499
0.733842218885951
0.509153735249632
0.425684686989352
0.387071179034862
0.553314573895299
0.836306672765998
-0.838117731314117
0.304978769691854
0.968231769140341
-0.970401111456275
0.656280658903068
0.619395176865978
0.521475676118427
-0.240421385709021
-0.470504968070601
0.710220483678242
0.428010090029635
-0.989306934921637
-0.942091857220302
0.908813592691643
-0.0448873504139478
0.477657803138918
-0.0503091244575458
-0.591107768206051
-0.469644409323159
-0.40373623449777
-0.303192319042851
-0.507760353007248
0.0830143985587628
0.218722596334008
0.0136901163704309
0.350762754110295
-0.812749117886605
-0.0709618462751212
0.711403643182593
0.327266044829601
0.895743855327251
0.579890174923647
0.232524024333963
0.574653766195112
0.747035414253334
-0.55670486321414
-0.441374254748527
-0.291742971532244
0.500583581248388
-0.9629954503413
0.538442397903298
0.160745535729312
0.79030774519053
-0.375303598244929
0.764911611566575
-0.312739266942742
-0.538209443507448
-0.975593916471662
0.464612431049084
-0.847065960417872
-0.584463647884661
-0.299621045973988
-0.387550493089575
-0.100974194648063
0.00605499300145761
0.890233017644768
-0.542894373664681
0.672426966996234
-0.0791167921202043
-0.113887461486255
-0.257515836550905
-0.835796603552159
-0.80318939266253
-0.706484490867538
-0.56167553376521
0.283806464972975
0.0392567793852667
0.801310515169699
0.38493465945517
0.420478534219405
0.147225506189352
-0.784544497840079
0.292036868749431
0.219297310177612
-0.947233177206013
0.510227651505249
0.088683680608869
