0.654838939313714
-0.824101771590254
0.325304762008828
-0.356130057689502
-0.489336626918377
-0.282628661510299
-0.282110959176453
0.943831651399485
-0.538679528198805
-0.689166316801974
0.606929696431015
-0.137935984424983
0.0344958119031248
-0.0307492260489011
0.361240814886398
-0.927793563213144
0.393119279923173
-0.506356086332024
0.355209069493867
0.48819474689565
0.437624975140357
0.109272204469988
-0.801252525569953
0.437069719320322
0.89180345214247
0.424058849975021
-0.555501113364811
0.262845255090294
-0.774423155964668
-0.779819137364973
-0.879624057730379
0.471253648628441
-0.799403935507837
-0.205035399575492
-0.670752463375397
-0.584524449215296
0.286432055253938
0.384093493042028
0.409995226666061
0.194108451774373
-0.963474058337386
-0.0145208363833339
0.138151075717021
-0.354881238521695
-0.0493855055681022
-0.929800488777529
0.10992117020908
0.0933541815838833
0.700834094979324
0.375241491013684
-0.258617511482693
0.518433205974554
-0.436945061664272
-0.932573905972263
0.952654018377023
-0.559549156871111
0.615792234766465
-0.00144441921971919
-0.691043190582851
-0.500738882995584
0.322836745464726
0.141841134558228
-0.260480666655612
0.284499263822704
-0.100184998355844
0.288742711834855
-0.606707382766551
-0.931930177498893
-0.906631181282591
0.382477547850513
0.199170471336261
-0.886100796113471
-0.561246170841453
-0.55380436228394
0.238792862271698
0.133787800130149
0.606066850184859
0.665412557528341
-0.620976597928531
0.688806120300218
-0.927533075830452
-0.152998689087399
-0.492678482225471
0.682488011680056
0.974023132012091
-0.560944150843919
0.583027689763496
-0.913175099689864
0.0611455128980888
-0.349477968027095
-0.383563370552348
0.109447951826935
-0.506687008625324
0.376236220783688
-0.329493672659375
0.888403701165242
0.241418523377973
-0.763248629753461
-0.637031336924913
0.60620999235799
-0.0876220816991535
-0.263414890398353
-0.835207823582893
0.0484753317607544
-0.918913970767375
-0.00614793219082387
0.896945012822367
-0.184706388839496
0.605408032819045
-0.0482693398853116
-0.436359268229371
0.691342124082163
0.669288684109872
-0.651642116371032
0.849814319239901
-0.476144310818877
-0.796470369606331
-0.343993145588527
0.506004862158249
-0.220108972388103
0.471922022533233
0.866759402253202
-0.935367854967946
-0.561619344538667
-0.0895148342592418
0.773409112416214
-0.88185318326322
0.148304173520729
