0.345505704034577
0.25105594549469
-0.231990974889872
-0.701786098061244
0.970050146441495
0.620418467942106
0.791442809920339
0.938743570010295
-0.866402952311023
0.908891478354413
-0.184881062325694
0.00075010930197743
0.35396316716215
-0.0981647978909595
-0.792079950439999
-0.494833809655629
-0.477337120670648
0.719073815323108
-0.433623869323788
-0.305026892116474
-0.443834436489602
0.270978269410119
0.602441931155708
0.901505207642447
-0.209368071121118
0.528755244626218
0.506818965797823
-0.346795715151224
-0.631812208411785
0.458152344093083
0.711020066054981
0.62911562810487
-0.37985167021768
-0.685174055424032
0.7706596151274
0.771413368467563
0.610606325506106
0.651571771100403
0.223035218328261
0.867175915608007
0.772729753495906
-0.267792798883437
0.671580743128639
-0.914271817137729
-0.115678849342651
-0.830177180366613
-0.351463111681666
-0.300778446258039
-0.710715585938968
0.294929273085263
-0.916478999517686
-0.00204564291722581
0.141365429819702
-0.80128963880889
-0.726337457286734
-0.823129542492082
0.100709945302884
-0.974464066050907
0.586007300152881
0.671473588194343
0.861343269466123
-0.312708818410432
0.483869646297725
-0.0401350829632347
0.491605598633552
-0.25104626635433
0.332253692275735
0.395369019992426
-0.731625333316599
-0.368655675032371
-0.0542708680592195
0.795280637062751
0.663018519407815
0.754957271438167
0.78569752037629
0.842064069233636
-0.448272540553198
0.539691667360811
0.829770723891878
0.0717436166218954
0.394305584674029
0.993299782165283
0.166302889941889
0.671532114290663
0.0887013067641245
0.442650164746785
-0.7686752878299
0.517951237170363
0.320033478392654
-0.196160768481519
-0.386028494472994
0.623429376039824
-0.654080044319638
-0.279185991503202
-0.653880405520346
0.737499743454539
-0.468626459561534
0.655176035213484
-0.196469713154466
0.324619245538466
-0.783137172731813
0.69841574361864
-0.625199320715957
-0.962677163880071
-0.743880436933993
-0.971245459855531
-0.860330320118681
0.272548589330193
-0.104912326129007
0.64194556708394
0.125339020969144
0.902866730345105
0.413204196809589
0.967895927385086
0.97896705183677
-0.704901041575035
0.0619582402349215
0.468630181410597
0.754438437047744
0.740433900432968
-0.735664098954444
0.375341250539253
-0.328567376594654
-0.95614069176477
0.883150970805111
0.778616954984013
-0.103508459290107
0.0423362771473557
0.760459334690278
0.393156963438766
0.340934213036854
0.330420767440395
-0.772705689150985
0.27102833138247
0.544052404179495
-0.947564318430006
0.914041414291324
-0.12197022277999
-0.955420135642847
-0.899838404149431
-0.781903304561348
-0.511127858801812
0.40839256626479
-0.45503302734141
-0.74270754270946
0.19074635651957
0.966451466077106
-0.136245328983365
-0.675951563160842
-0.3528901006369
-0.333604706363921
-0.860563242577991
0.232502276869652
-0.636859830299328
0.166986101952317
-0.615498613576862
-0.410467815275516
0.690911130961896
0.834945335385604
-0.903364155390955
0.0867956433672698
0.0936332608777223
-0.490652683009214
0.184772102722558
-0.465713423488293
-0.641378361697447
-0.192891297461867
-0.980410427559116
0.081964651415897
0.0510084247122412
0.102829870638622
-0.905954889793879
0.0620268100179422
-0.674542868367745
0.178214908733029
0.109233628142755
-0.0601559561849017
-0.705877284875748
0.469385685499315
0.233690057826537
-0.64369484732957
0.809008837893625
-0.36424324730535
-0.0317530825297948
-0.923862296003902
-0.0920652302084353
0.173680167917434
0.575342625995924
-0.464265885968842
0.218075584371077
0.936889817300122
-0.421691302432318
-0.10215578976782
-0.196271566161164
-0.767074384183089
-0.539709159257527
0.574933931157325
0.914469815857372
-0.0398003580194117
-0.356178959612086
0.0190554175107226
0.266845230190894
0.149548963111688
0.0335600774506383
0.967615698337551
-0.369529745674133
-0.234528830866467
0.482887250935747
-0.297868002419149
-0.976677054605777
-0.763407317613293
0.11023847974095
0.471088803095928
0.130582009648361
0.0161245989520131
0.243006825761885
0.704548835568355
0.178523918171722
-0.677663480720975
-0.138305999935962
0.82408902694381
-0.214396709793318
0.681632206526635
0.69548690845477
0.206333082362331
-0.233398656681981
0.979881794446654
-0.420175686882493
0.160929360157851
-0.740589766033868
0.476104952332188
0.721791715329502
-0.47476553589466
-0.402940923270955
0.160927288173083
0.0741259908934689
-0.811693333077608
-0.455185456469485
-0.205236150960391
0.728071481273255
-0.696758630571271
0.200036297113874
-0.389436857029784
-0.604763787221489
-0.00984130356847137
0.869890174482845
0.960852017615164
-0.172267683413643
-0.692354612260645
0.392242872053514
0.485786301149184
-0.547537687083761
0.57264510848372
-0.625095269364583
-0.203545503772021
0.714865364845218
