0.529872915044529
0.306675422999329
-0.815460917208174
0.143297589335201
-0.305019276347861
-0.70225836145219
-0.645091278402792
-0.638882212228701
0.144280351687389
-0.226043999061891
-0.178499886348201
0.147234669226968
-0.238787053488307
0.189642739684261
-0.590186489936934
0.938336103669648
-0.849317751952287
0.28689150771948
0.720141717794646
0.769742668625869
-0.159787896188229
0.674761767741877
-0.457709359532022
0.381509626195865
0.593160467630769
-0.252652323205608
-0.709760794599894
-0.604619807037747
0.0174850979186673
-0.768059187116417
-0.24212931474323
0.543074939072595
0.567860192877732
0.672863916543974
-0.632231144733204
-0.19770455718432
-0.18345440858988
0.188735651675835
0.238621598210608
-0.614433329180979
0.246839335979186
-0.457606716792196
-0.383181054666881
-0.13420496745432
0.269847210353724
-0.187036376007789
-0.893003632519016
-0.90096563410821
-0.624797527345042
-0.710993251484234
0.703011774737216
0.611288920886101
-0.86089509831365
-0.205399951254335
-0.113208088318001
-0.19442258329168
-0.294781501985359
-0.550825377874236
-0.481914886540102
-0.142630957137039
-0.206342476693351
-0.883297486606274
0.67144816744492
-0.907129125393281
0.389648126828573
0.736149646251232
-0.28431523725683
0.331062663374653
0.902164173792283
-0.968776199815781
-0.21755400594106
0.0829203140385818
-0.587653322605301
0.354740383121953
0.263595758541471
0.0606698364013503
0.975905038150159
-0.404049425234778
0.882145761721568
-0.397949119125278
-0.588371144654723
-0.905422437792356
0.675780356231496
0.897790653280009
-0.775859357088853
-0.489731617656868
0.347655394282732
-0.73113548582575
0.501806547751652
0.593836034516089
0.355117296059288
-0.491878995853899
0.837361706189688
0.146226705225391
0.965818268521261
0.861056736464068
0.873089747392167
-0.10737359660618
0.903173036688973
-0.782602901942923
-0.718237060667688
0.319444655242257
-0.108661530891183
0.121154340105618
0.466227692883471
-0.711602022019721
0.388561291919615
0.136218186887529
0.673468407766515
0.196672829625925
-0.827580237744235
-0.231397125626018
-0.892947835696736
-0.806487967194204
0.42919077681945
0.259946582739079
-0.826292386186301
0.481734996883496
0.690954866852072
-0.316188202467108
0.962043611074525
0.244659605278163
-0.0509821565433658
-0.809398902958671
-0.980600935413489
0.239652254051592
0.947324982091116
-0.508921522172141
