-0.700351171183381
-0.282500291569946
0.37523342109186
-0.457594514560713
-0.311281564628435
0.769749706586796
0.609956477971084
0.86144789585466
-0.109502725280146
0.828222497214046
0.772705921967097
-0.084361638512914
0.134285002176983
-0.559907347183864
-0.886370579052513
-0.840271124787116
-0.560214026231182
-0.34324860735277
0.562866426640797
-0.825534977583517
0.34104364282389
0.398789120793219
0.895272437043449
0.578686889728275
-0.0250991464923972
-0.758805270417471
-0.569565744220746
-0.802608734689412
0.556646493469522
0.641593971541348
-0.292194924277514
0.08739778575667
0.400169768725837
0.672014709275473
-0.543427359830292
-0.761611961445872
0.380753752963151
0.559948864655263
-0.605931177381674
0.307524657948262
-0.336877453959245
-0.181415856629392
-0.45628192988037
0.771517734312557
0.73993216177096
0.27539893420934
0.96189585045079
0.750533900382775
0.920314075907998
0.0802595936544189
0.773273521432228
-0.321530901256574
-0.511598936075027
-0.527830203300889
0.0499743120831922
0.968162467339713
0.773983169518613
0.0721367073921628
-0.789541351029701
-0.0260194743411036
0.922218956115961
-0.904080349098688
0.247333501425179
0.0143820005933698
0.607456212857497
0.895169792192438
0.80941524683991
0.271332815629214
0.618244704442864
0.632781935069176
0.524872268387958
0.533022137986246
-0.31128733301968
0.608310088614075
-0.0359536887560515
0.817125187767211
-0.417165927456267
0.935310937174308
0.318511867092062
-0.899902127603362
0.898673438859971
0.88242374493695
-0.597717389052514
-0.571929033436273
-0.36120451327279
0.124942585867455
-0.966726248156906
0.499024854753614
0.0475923654294064
0.59759368753204
0.738693740638462
-0.627079774929673
-0.670799840199647
0.109102692631002
0.797765747718623
-0.00962440085283711
-0.622345746173773
0.716915735042771
-0.547046440976714
-0.569202818432782
-0.0377238565995871
0.656684442733221
0.810871718131837
0.657833088921208
-0.946739045621286
0.782395112126342
-0.0649181793062387
-0.276517179051536
-0.754398965990104
0.630079665909521
0.726071572821195
-0.922401072211899
0.15776125803735
0.677961780351119
-0.970630768267059
0.252653419012907
0.7728344921817
-0.69116318739493
0.697417469947735
0.165510094200587
-0.114031733500428
0.580953892709248
-0.159047372418263
-0.450490756260483
-0.591160109098916
0.226755137404698
0.200927277847202
0.0647329311797165
