-0.242880174802482
0.360794506329632
-0.16559256933632
0.297671372743166
-0.354210500889174
-0.994955481310898
0.724015063416735
-0.00848091428341284
0.680725373640425
0.698120046812948
0.144924700497139
0.0391635706998862
-0.0464029514608218
0.42182102942868
-0.714318862840087
0.646831028233319
0.420634600204957
0.185378076479973
0.874186953663949
0.647747487402958
0.379821974827846
0.0181343055109703
-0.96428743627542
-0.998487939040789
0.252544846032561
0.724508048789446
0.30418711138284
0.783639222931645
0.148019632248976
0.264701302368816
0.841141437014674
-0.402684147776189
0.736232392447981
0.78522746070183
-0.957646189502871
-0.88232001873193
0.665957778573626
-0.274771200639333
-0.817466395794074
-0.256143632983939
-0.756595003492796
0.420349532969521
-0.865607175488519
-0.716145065112448
-0.287124704760375
0.734285528539459
-0.183669998228579
0.107795105461434
-0.450695368470517
0.728429094487008
-0.66506250696669
-0.25883912492713
-0.748589694526413
-0.0521128541761301
0.919180995220484
0.536490238399014
0.82992902528277
-0.613027527830972
0.553329134669046
-0.817036960193229
0.474124973471431
-0.222913113936983
-0.920373299383685
-0.640731957776517
-0.981003070351904
0.25286045651101
0.491297075185641
-0.936091211233075
0.461336456940569
0.908860624759086
-0.818774902720452
0.737226611683891
-0.303251426446212
0.466290488798559
0.804599662889653
0.852103391474406
-0.955243569867389
0.735583345654981
-0.93214667708638
0.171277962971643
-0.228606438816795
0.415355508259287
-0.493814764533902
0.482197825480416
-0.0517178558228059
0.584034439154832
-0.00703657336983253
-0.532182580700841
0.0143019317360776
0.147346792887806
-0.78408571009461
0.414424942656374
-0.746055009405957
-0.798915274577422
0.635091162071404
0.514781673807396
0.969251873171649
-0.927162080206347
-0.83003820135677
-0.0307392135474647
-0.708703079742365
0.430260998921221
0.696846115713143
-0.768988637814441
-0.0793038086615387
0.247025779704389
0.165968997784051
-0.531288485034836
-0.0587437435187197
-0.0894950453682085
-0.950511835651582
0.444321900925453
0.439479203951474
0.19704871365985
-0.23635379956404
-0.240766945954931
-0.416063717124167
-0.638134871148369
-0.992279709043544
0.501383262492267
-0.780988348150583
0.265794601597269
-0.698845968731014
-0.240866156539689
0.689382843428432
-0.445531772195172
0.653958650141701
0.379197172474527
-0.442553658204539
0.168127312507244
-0.495114592986126
0.895251463388574
-0.456687671399889
-0.23868667562007
-0.204502255367446
-0.347049767829583
0.526857885360339
-0.0949307205921661
-0.776313732089222
0.249771906205163
-0.892761544650523
-0.00257342491738217
-0.190624833037197
-0.581822172343467
0.580016382551697
-0.33109031026567
-0.180821334732399
0.239224395456563
0.676962151573404
0.161770233474885
0.822673695434049
-0.392380789191074
-0.714314800610698
-0.490315239909439
0.0880490807794629
0.845333557652125
-0.537423005976332
0.411160610268713
0.335218761386821
0.0995239011481413
-0.0819307249158129
-0.789140161364068
-0.850077565545918
-0.673038727193713
-0.896659757899611
-0.329888398827431
-0.735015879878693
-0.367971982852938
-0.187323863711879
0.580791156394616
0.0286709541596652
-0.582306027482049
0.324702134971825
0.0124593288479687
-0.269513821925373
-0.3050747841031
0.0182397779800888
-0.788321512532236
0.257059365084151
-0.34057641193068
-0.225437369010929
-0.143893333080715
-0.0899181016291978
0.0781739499825468
0.924785561333668
-0.616826611470065
-0.214325242556002
-0.362678792459851
0.348810324725065
-0.407848589024316
-0.970041129181824
0.0760165727545237
-0.0885997466267479
-0.0222468849874878
0.599588324767476
0.180587888836576
0.611848654692108
-0.125476414865179
0.354898594902218
0.116125128060282
0.894195998222908
0.0734387972708839
-0.69568650011359
0.645602025373445
-0.58458595601346
0.654816988823018
0.129194619302797
-0.846194250305281
0.288046460442784
-0.298516274067651
0.844211588209734
0.695499071577259
-0.686001039706521
0.275235678106241
-0.00142567449983917
0.782403131509468
-0.0548659139367167
0.40942263312132
-0.850051823515113
0.668400236279601
-0.446008905986262
-0.849698124092965
-0.393231655409098
0.514912736299827
-0.985888281206621
0.275295510690781
0.554200894601664
0.216560231641938
0.692660705386025
0.460554288949078
-0.787673096878694
0.386136528102779
-0.0722450019304574
-0.172854809102514
0.665353712736066
-0.025270548221332
-0.400137647954013
0.662564067472571
-0.342434873430498
-0.184512044610885
-0.183456544071563
0.11446478562074
0.798671305112835
0.906152006827168
-0.186533901061396
0.27445518119596
-0.439311992937324
0.961188228837019
0.636627773960366
-0.187890482253448
-0.665287298056358
-0.585639906979308
-0.261968614784861
-0.46627244170826
-0.88349281674402
0.125044204746219
