-0.995303346423826
0.163303366036386
0.640397596602051
0.701308605191221
0.408994499877846
0.464465473585603
0.893546260118146
0.400931775997673
0.893530770500724
-0.760108612561383
-0.70563616122887
0.79697825089236
-0.932754555838214
-0.944289993965083
-0.344182701834936
-0.659093755105185
0.139876290528638
-0.941836855906296
-0.336189008334472
-0.390406661826776
0.622648368174683
-0.395144831095051
0.592889599734988
0.131064853747154
-0.801768405832452
-0.71104518377342
-0.0839583012827443
-0.969524074216907
0.440261426243052
0.640664910691368
-0.562972452031375
0.572131517013604
-0.210295498056383
0.293064298074707
-0.590989840659863
0.377434063201194
-0.462342848926354
0.507167746710205
0.912469577712608
-0.866738715758524
-0.446524122394168
-0.135244961716178
0.670699861182957
-0.106828404147655
-0.51101493197435
0.306897352803509
-0.912016270467312
0.533729317914996
0.487821530442541
-0.0592316208051482
0.786833064974565
-0.64659017310732
0.116042032694996
-0.517133396937959
0.9380849544025
0.478438730489988
0.552225617701268
-0.535818223505414
-0.46247116653648
-0.805255462198434
-0.790931838022613
0.886667862273485
0.207413567576629
-0.77980579392508
-0.74867916497042
0.226273384296347
-0.925980147867778
0.16278203176059
0.664843586908153
0.891197826112717
-0.518983127245049
0.584574114978334
-0.0949057386731724
-0.659615119562624
-1.00708188865215
-0.920139259216951
0.0859903610820423
-0.42568045586783
0.936984723734652
0.610361881116614
0.968779749540338
-0.60281692492717
-0.710361023084046
-0.509035822167997
-0.0421499652898347
-0.800234107454316
0.067623708030069
0.527509541986298
-0.319819994742837
-0.133980995845362
0.280224198153318
0.37112502516567
-0.235816996173779
0.684758039349263
-1.02289269570484
-0.0172161652007737
-0.95277880240398
-0.631917850000464
-0.493895059906942
0.612996621792631
-0.653855377827196
-0.328607374364966
-0.488273654465161
-0.925928678255264
-0.44156861946518
0.510579991874837
0.466648620283121
-0.968643457912945
0.366592660400987
0.696367894447315
-0.113799197877952
0.602129926209382
0.248872902013988
-0.954206945655785
-0.373383783199408
0.703333623315515
0.427650480559946
-0.929795660907536
-0.107356637527801
0.815479580008525
-0.306947769722734
-0.761913469165374
0.437915559136678
0.699729083022462
-0.432081327779017
0.118718671921015
-0.431975525136667
0.293006857361545
-0.393584670320014
-0.00166452090505844
0.424021534276635
-0.953548430300456
0.0162658656878978
-0.700186376773757
-0.332352386313048
-0.845088505758154
-0.153664021813816
0.80005417069554
0.305340036781913
0.636196547235346
0.353685903322789
-0.268723104557967
-0.540789560830543
0.338183719181758
-0.465494501269072
0.703863730564855
0.78798093334898
-0.826575133735444
0.278766447555113
0.897215309839743
0.635169562981138
0.0667955666956646
-0.763776755745027
-0.221851047528808
-0.518855294712358
-0.797910389102182
-0.552591315057423
-0.949567098116271
-0.709321568500919
-0.72818146339769
-0.46829831363099
0.607710560480391
0.741636210453732
-0.583347020217909
-0.266935900271384
-0.0966305146180562
0.93650821830546
-0.509631480676709
-0.993224758244172
-0.31139627981106
-0.933657234244586
-0.606502446234395
-0.854187710671621
0.0560060118381869
0.619960982515294
0.310541050514263
-0.506023543625908
-0.40597833962896
-0.509647009775549
0.295013378265873
-0.996295802738908
-0.732795695979115
-0.358759933611278
0.89264347279991
-0.0517285929412812
-0.516010800377006
-0.0483904252585655
-0.709058403889309
-0.999214889156716
0.778660126037114
-0.441854152707025
0.211656973015106
-0.0582874159453695
-0.884493568520591
-0.49908680637666
0.877322346936103
0.307280349645843
-0.903392590220169
-0.15354687590725
0.612449612309935
0.96045114076214
-0.239003275624262
-0.084675310246509
-0.413698306575605
-0.101995148263833
-0.519794697034092
0.95712059846315
0.565196771601649
0.774498535912821
0.675062549504274
0.743318245597746
0.7788650235645
-0.35597861733749
-0.737403928949835
-0.0268542233166789
0.483177033437975
0.344174168174802
0.465173134720744
-0.253016050006126
0.0235188113953226
-0.137696569762605
0.895606374891738
-0.856578768900131
-0.97839549457122
0.641233985678692
0.95458034215137
-0.429344804044117
-0.948799761982671
-0.842897414482138
0.346792507923332
0.743879647610848
0.55754170109964
0.139034690164237
0.738143139281779
0.521387258631553
0.191330337215181
-0.0932433099812878
-0.0836890169613512
0.972334250864731
0.696360038563231
-0.884820184624207
0.454260761964186
0.362981491358029
-0.0776704286278973
0.519885235820631
0.518116873937808
0.007534563701341
0.172939585253553
-0.830791292375823
0.113240108205275
-0.991107950060546
-0.0320499790790309
0.500359356577645
0.86547431685911
-0.359054370107299
0.83634402238494
