0.627070140159381
-0.604434856520293
-0.647778184653278
-0.536529344717206
0.261113608016019
0.696395292686612
0.194228862416981
0.932532887138442
0.716809141421247
-0.827157329872781
0.672439789988717
-0.255391058539373
0.322664385124532
-0.153630484050107
0.159497296876707
0.283053826843592
-0.994380871759508
-0.676114909300418
-0.268402495643281
0.625696140696962
0.89907405968308
-0.871504135999217
-0.440395614280116
-0.2360245131181
0.967100740653336
-0.796960433382027
0.0882850513781484
0.712880876350499
0.842865396638002
0.277782014522281
-0.380794504841648
0.310266570781091
0.597842200728427
0.575951720561614
0.327539960042662
0.289928838329316
0.889940627902369
-0.554180033704789
0.744111669613029
-0.910765058708977
-0.872044090597974
-0.459422444946371
0.500944768056312
-0.658234240159109
-0.389757915085861
0.315691184999647
0.707331144344536
-0.439533937807162
-0.743824194212231
-0.99095320196045
0.889855826757962
-0.647691212204873
-0.683735932225115
-0.331560608379227
0.131555532628296
0.50003046344257
0.941229855663899
0.828339891115543
-0.605173492826872
0.432730313716319
-0.676543930001539
0.930538407948296
-0.519850540770542
-0.852534823406349
-0.664361783884388
-0.472130016428129
-0.788720961404953
-0.482692169292797
-0.325515960813636
0.0562292066399761
0.875677602380844
-0.829483304035781
0.957349657253015
0.053335045510035
0.611708627690632
-0.577748405333613
-0.48705103989606
0.157524592052739
-0.882436566067749
0.127740081665667
0.741154076121934
-0.81020799379923
0.35898454757724
0.392998493548927
0.209864312807928
-0.125763952145477
-0.651742197596397
-0.790720747696459
0.734667734193831
-0.196942690752055
0.0129427438675393
-0.116444191550289
0.00934954334926357
-0.0335585526399303
-0.927971786541062
0.220267685539942
0.539807362529659
-0.538568073757108
-0.51674066058791
0.747626627325709
0.102883933515158
0.183594452772774
0.780780473690387
0.908008359653959
0.897302251749703
0.34723154289859
-0.529411680555882
0.624210619265947
-0.219174259360784
-0.582095178955549
-0.242574393840273
-0.994872469760531
-0.903870336323106
-0.467756368400684
-0.859474928252494
-0.767473007439539
0.425447114071414
-0.426588521395911
-0.255715000568522
-0.158738178973631
-0.82126892273243
-0.773226119505916
0.338269403261636
0.339029535964026
-0.58670813499924
-0.349664128239988
0.934435121438822
0.734799355327112
0.899632845195141
-0.69106902610844
-0.725281884571038
-0.863434735683215
0.160070671957854
-0.982517718584655
0.499364033949157
-0.838209256415349
0.288794074790088
-0.182225549974207
0.267318649630436
0.504485967474404
0.757250372512991
-0.566755401451513
0.571227292478538
-0.976289336763122
0.325977531653456
0.716640495553609
0.879070451539193
0.0627392421669851
0.596841478242442
-0.0752976729045164
0.244617832058984
-0.49743651111637
0.105864679314583
-0.872255052978715
0.931992591166289
-0.222874056453077
-0.198899120132667
-0.355292007349425
0.777309615887377
0.00555777625801137
-0.0310016777301644
-0.709177545234447
0.63027050388848
-0.404212730930533
0.0153196864153293
0.26482948211328
-0.20183093745786
0.083550871493636
-0.130983973086522
0.227752102818263
-0.339527672303026
-0.648602788126795
0.141788673832532
-0.304266861418656
0.19795302535673
0.140266872826745
-0.377523943080418
-0.153929397165077
-0.266852657774378
-0.461729523347096
-0.492370046609669
-0.0577592902750945
-0.503904065857847
-0.239851008821083
-0.722665397224958
-0.876029705902804
0.922947710305966
0.468296861032197
0.0882493621752214
0.683034034573802
0.782300342865358
-0.295014724345536
-0.655499115322955
-0.0991482429938066
0.207535809467981
-0.952931702094217
-0.627059579771649
0.0626161627195715
-0.880966166952397
0.817934145778432
-0.190718047918528
0.517717963429209
0.26837758215263
0.471974030196834
0.525864779735831
-0.618308281318383
-0.742388440986176
0.107790436700203
0.459843567027584
0.062265745963272
-0.461127877399084
-0.302291385083277
-0.531416121526622
0.938620056344188
-0.0821190242906248
-0.598549569000614
0.32397105691404
-0.135582799133187
0.0955336513486314
0.16374592902495
-0.833922527817932
-0.666354810959482
0.723589757100962
-0.815345771913226
-0.822444956875668
0.811746682251405
-0.298943529515175
0.243249502967576
-0.455324179850294
-0.671342285266742
-0.229978696492745
-0.21718786432769
0.468768584356426
-0.620939271588585
-0.203128959883019
-0.0324884919598816
-0.102825467108779
-0.461568446055984
0.583946405920571
-0.834432700117004
0.446566645024259
-0.304739752322739
0.311825515532606
-0.466287227253426
-0.728553553087583
0.625165656551725
0.561978763685462
-0.700472487681604
0.384799041231682
-0.346047538564106
0.0769447226091411
-0.747060959041456
-0.127982098626426
-0.476748598015101
0.575511246585933
0.803918639052404
