-0.89300368447296
-0.149779361724251
0.898073259763513
-0.375790762694128
-0.925668674745028
-0.00981166975552635
-0.308318029480214
-0.691375286505103
0.853277487285549
0.312865172237633
-0.412210742617613
-0.203607951981872
-0.412671053281622
0.673844298419443
0.875813388010211
-0.506059239194199
-0.287060992545531
0.0393005164421459
0.216368945734636
-0.861099627386591
-0.439346177568859
-0.610331823440662
-0.769891509913173
0.0723941527796232
-0.923604517199099
0.532255983691307
0.969225215578462
0.0218877377011905
0.653268437964323
-0.38444593605699
0.721984532195802
-0.389929982656876
-0.0712600008253082
0.231092129044589
-0.789354329743327
-0.567023933339928
-0.512223712093513
-0.0791176840365925
0.40942146727366
0.00591879509504194
-0.687089038333766
-0.324048787807939
-0.313343530046207
-0.665690590195669
0.160510361205643
-0.894863728762251
-0.0186564367063391
-0.347836809186745
-0.713092069330614
-0.714313736168265
-0.229860477547841
0.294708811486531
-0.357124463517201
0.0178179766338814
-0.664432824740904
0.0965390735313819
-0.508475571833462
-0.844163039446371
0.790433479976258
-0.466832866414415
0.797149618381529
0.847275580566429
-0.79383299661222
0.81168396871971
-0.59771880816758
0.547592842317854
-0.00579234418032062
0.214426652098719
-0.751234301215175
-0.361164052700474
0.0432735558961785
-0.834945329565921
0.969054402257671
-0.621005399177327
-0.0924594599761881
0.698402584657682
0.102655147095644
0.34371304363412
-0.114952952023423
0.0508266321406121
0.696372058800034
0.636394272467592
-0.534798405083787
-0.631764587679776
-0.61943537167417
-0.848813056287114
-0.839565250109005
0.073183332283836
0.0546959594703005
-0.313367546991584
0.974691099407355
-0.858230890169087
0.841864763187707
-0.683196662848269
0.857418264631572
-0.177632191842303
-0.937810060754828
-0.547944953037448
0.518804492153616
0.294184891039576
0.861911698943315
-0.327635535516022
-0.200549667806722
-0.780226651777173
0.875304899254471
-0.190666918412287
-0.953116903846623
-0.255357506497918
0.920623404317887
0.94280905747989
-0.990756756496755
-0.908559040148035
0.265600600462167
0.281512490446962
-0.843709754009199
0.792979919340713
-0.397180450683943
0.777458132082961
0.119653914422357
-0.141129508323189
0.900729733464206
-0.299604165306729
0.857578465183691
-0.0497144050210105
-0.0761503372287162
-0.043204624012273
0.587700082780301
0.961850017619251
0.807372141636822
0.740424543466526
0.799565924060335
-0.857995705298564
-0.781734712245176
-0.117562999569807
0.968603777648394
-0.0310371116554533
-0.0259209946465593
-0.0558325766068377
0.61808810433452
0.985603129293318
-0.424099709754869
-0.631927629069484
0.914407814287284
-0.101400995642856
-0.440335573298152
-0.884840245076317
-0.643868366423753
0.211461581596076
0.447541250459611
-0.538425108099578
-0.738633187326644
0.614714424784835
-0.673709173566738
0.103220003137098
0.936426001664537
-0.625695870875518
0.420531588226736
0.05089544310911
0.954120015291931
-0.212004020376451
-0.759018720648494
-0.0945149966217013
0.776844554531655
0.955501027824122
-0.12688518435714
0.419087182988193
0.141463195709938
0.719126321073078
-0.71575531639608
0.11606678891913
-0.642565057434162
0.235883414338041
-0.365346618789947
-0.564588628967459
-0.089506787220849
-1.00061034965206
0.874701962903591
-0.620065703680454
0.454864544472942
0.448838669270844
-0.290510047485943
-0.386977986198873
0.792830466038548
-0.685733596913744
0.818600029039379
-0.10213595082819
0.118043208142638
0.309685413761331
-0.0162983334547739
0.0653696006811741
-0.156859534089792
0.406529015951536
0.139183514147378
0.608664311136966
-0.0442989144731895
-0.479896628986984
-0.506193804026393
-0.209176031291642
0.42713209212281
-0.258780703351441
-0.60994123844442
0.240844869019073
0.374420851154971
-0.215211666793128
-0.970563555488465
-0.223364859834454
0.0191686320230718
0.369400738807202
-0.371887692015902
0.859465724671571
-0.0622599185816659
0.0939997339628589
-0.900333312557689
-0.0831527862203365
-0.623816425518642
0.464075758832078
-0.560998188112079
0.570417802244534
-0.576544204642358
0.449315105750765
-0.730031401102911
0.181059260606136
-0.780332857066213
-0.154592510031161
0.0370690326387391
0.677931052282499
0.908914972192421
-0.353482809801632
-0.133631026655715
-0.214959831276528
-0.262995185486541
0.765196791918985
-0.382976836278683
-0.187029834750119
0.217451583538224
-0.143552741054987
-0.914519871407895
0.527482637941045
-0.490604166629938
0.713725060765874
-0.361125470025069
-0.256691720845837
0.244401501645232
0.915622321671361
-0.491264736448601
-0.401395725647953
-0.00606692898767439
-0.509544695547796
-0.350026934971223
0.897423710631432
0.0718834563610521
0.259540212503928
0.188403731289359
0.941347262855487
0.883018234342594
-0.219503806139975
