-0.626424074325767
-0.48950265352864
0.327338153362085
0.385802856334287
-0.454313343120294
0.810379423769376
-0.223315073987455
-0.613958684706121
-0.574113147079427
0.39637660370644
0.357275967551902
0.649395195726965
0.490096636988661
-0.792134901997704
-0.815912214535281
0.39574228055738
-0.993763216435484
-0.970120715998774
-0.986258049237126
0.294480220350665
0.430799005224536
-0.325531657272391
0.0027263524099817
-0.474500016767663
-0.87292094709982
0.123172569028659
-0.15602122421982
0.483922794462734
0.894316921757416
-0.4503470233233
0.0552117084515483
-0.295324851117953
-0.859305213984794
-0.908484654436179
-0.452388125295847
0.225390191834445
-0.0793381466338572
-0.994481202009827
0.693370736954696
-0.494661852235287
0.0830698769224356
0.177197119109916
0.328430421833527
-0.365618564606678
-0.0302506781366568
-0.705190895326904
-0.722060245157889
0.725741421544253
0.279032613532762
0.85273927034609
0.503382122477997
0.128603378199299
0.82715173007536
-0.0920869448731775
-0.412925107766528
0.521567336699903
0.654133402321177
0.0751938120147338
-0.595145129620252
0.442510990694433
-0.0615452084790145
-0.573979340340988
0.436704333797874
-0.139656459612058
