-0.59876317399167
-0.635309750176094
0.261207824267373
-0.967516352571024
0.839882024347974
0.202958879064606
0.544976037019175
0.391951095107138
-0.587353639300088
0.521891230024551
-0.327022343159859
0.156330813878738
0.889354977775312
0.353005773584518
0.558529898846117
-0.890234968492882
0.780529932857502
0.475752665978023
-0.793567818273932
-0.0654008453617436
0.3040191009344
0.148123740107841
0.288080363883954
-0.488422902586645
-0.089056381507274
-0.466519500753975
-0.535006041687976
0.78338928846079
-0.697190849606206
-0.169650319451641
0.432383439519522
-0.949670059680134
-0.274936112565915
-0.999013748631828
-0.638423230216
-0.148159600192837
0.124767622162672
0.713814290620774
0.759218182203168
-0.55727892471883
-0.369209996727401
0.458751502458981
0.795722276276263
0.113944629875213
-0.297887850828519
-0.691607457191973
-0.840165514646123
-0.867568039629821
-0.950406200471577
-0.180959557451161
0.402784131775814
-0.141069131275609
0.943206269917071
0.16602095592856
0.133653037132862
0.464091442242043
0.425739408797283
0.389308487001872
0.656979286976915
0.0983134440771016
0.395340914114336
-0.931025961358108
0.498151964716925
0.421755828049119
