-0.459086431906036
0.314090074432045
-0.941564739606824
0.34343247938444
-0.383733753736717
0.288483048999051
-0.53202482323979
-0.343051055766448
-0.424338266428255
0.463510761236311
0.573612584846956
-0.729292690611598
0.321833939757836
-0.884945773913569
0.157077480367763
0.642415276672195
0.553887145801218
0.825266147323577
-0.996080188048531
0.00995601879574367
0.64566341052326
-0.2180407373143
-0.272727783295523
0.675994653560941
-0.253372954589409
0.0496307163405295
0.453015355575261
0.0591635839998401
-0.685954029448526
-0.860700401158378
0.509547060146598
0.828332634910278
-0.778911428066733
-0.60035441820073
0.960483500569055
-0.31111505998761
-0.74014181910464
-0.210874329004329
-0.862016786735627
-0.191462746080595
0.489138015230617
-0.252157323457994
0.315693453132707
-0.978079773764233
-0.522285748439721
0.457556168909378
-0.52000779709339
-0.23901857642655
-0.371136921498517
-0.50189528951066
-0.228529818604245
0.455169229823123
-0.899382420801305
-0.247786450405885
0.305940631604754
-0.0291316357079643
0.146242431867346
0.9213189411614
0.040222568342603
-0.00180524083385164
-0.197684178343137
0.50898712223015
-0.894637558663666
0.0118250414516079
