-0.564541669184948
0.439028156786491
-0.0793080738575989
0.461577613111912
-0.633562345344398
1.37079418845588
-0.500185257576362
0.835927378368283
0.846196912927589
0.539543270148667
-0.76651145972356
0.929302369623721
0.594100099346918
0.862726601111554
1.2157146232949
-0.27202968655036
0.0246709889997381
-0.421083440687503
-0.309361117456535
-0.657539417304865
0.373148033397809
0.0451074320514997
0.645668902117008
0.153485207445544
-0.432854840154347
-0.423469126047627
-0.851223437935333
-0.516138729375399
0.607430777830712
0.165337060391033
0.0148275584981413
-0.208087238691259
-0.119592898449025
1.26613721269245
0.673464198522173
-0.0930629153616797
-0.212812573988864
0.826368419200149
0.451730653816723
0.0400428760243827
-0.154892191292829
0.195542399325025
-0.402786532866004
0.692840536476365
0.480188167237909
0.492363860611893
-0.404788700382738
-0.355962755005288
-1.0686260638945
0.193252132787654
0.223138048285932
0.868389239333397
0.734731434261714
-0.408097751223181
0.859152374439282
-0.680212501383038
-0.922708151669043
-0.414459128529619
0.163564430999453
-0.67565697351643
-0.490444746622257
-0.342077172596392
-0.283829164469795
-1.15439115965603
