0.653025117610416
0.849718025101637
0.784761985730708
0.770428368468275
0.89505927700713
0.133973863767446
-0.00902351155160053
0.108800275155572
-0.734303207741275
-0.283983453828891
-0.725106249806372
-0.656050285719971
-0.319501929868671
-0.176254421021952
0.289855233624548
0.337659140116737
-0.00206032092794864
-0.981033705906427
-0.838876986969703
0.137877693782129
0.529850044701417
-0.830274284756575
-0.528550014213474
0.344072014605418
-0.925262940499698
0.801774716556705
-0.115252697125766
0.149417128446811
-0.674981782288841
0.361518589615613
-0.775204930517232
-0.791737603876335
-0.0663696131447729
0.30756650368981
-0.111117161238711
0.00737031161232722
0.287163377098489
0.694502534314808
0.593839456250055
-0.609327592093864
-0.596383890229922
0.801754705961069
0.495811482809311
0.681502408540922
0.656245337117826
0.279492973054336
-0.948698529673387
-0.42191280608342
0.317445707164279
0.524020488811027
0.826499595005514
0.31245803501932
-0.691519416408403
-0.600621266694449
0.707446661452963
-0.180150094726033
-0.624719018877137
-0.596400860213796
-0.315176433057147
0.473018875571416
-0.00172790511558075
0.217638573499201
0.167125478012345
-0.352322854295508
