0.237397752829501
-0.50769178441289
0.765879149005175
0.478444785909814
0.457793110546363
-0.401467925239887
0.918882480448958
-0.54414915934102
-0.018939437693956
-0.586324138920817
-0.574632499648519
0.191671050423737
0.478536132261115
-0.361365595247103
0.921030881490262
0.888626831371653
-0.406715704382917
0.602217372590433
0.0397540969200681
0.451399023866003
0.123334347302452
-0.453013071953564
0.93856996160786
0.90052331465257
0.816907770369271
-0.564972118504985
-0.168469887781977
0.504404236972584
0.645578774687453
-0.593167598583226
0.533071698358341
0.765979197202965
0.660698638153409
0.485888425188142
0.45371214804779
-0.109173131739508
-0.443120696637702
0.36695916428883
0.789920230975281
0.157119792632274
-0.980308285257086
0.785703949368053
-0.0418609958741377
0.213948643322565
-0.843093295483116
0.802354368505076
0.906491727647076
0.338329110572699
0.162061246107847
-0.957023012642977
-0.521682551315139
-0.385398498276444
-0.228832528519027
0.59633303955171
-0.0858760136955534
0.364547714699359
-0.701256335995818
-0.620019401360336
-0.159479491529421
0.985482939216578
0.370758278291044
0.222173196804001
-0.24002971629703
-0.755355238943283
