0.645309980861216
0.31159688399959
-0.406683590674156
-0.497592168635787
-0.0831737358042418
0.909589107231085
0.573504262948898
-0.831229937786281
-0.386429155113155
0.802475064285583
0.483740328366822
-0.782421130224237
-0.430291145473967
0.687627820561335
-0.658816181662753
-0.125755592862871
-0.8266481711976
0.487160344642586
0.85490383110496
-0.126209756928667
-0.55600630651012
-0.0294565324592915
0.544463824444177
-0.0181661439596311
0.824774990716852
0.598150148704828
0.36742114103112
0.78018010692673
-0.904843970694556
-0.755108194975655
0.513028260194877
-0.216204087119159
-0.684041802644209
0.915665955505992
-0.804174359561481
0.691970538912674
-0.648366899508966
-0.742387175434728
-0.316648213927088
-0.0792094523978703
0.734382404663371
-0.856346404640153
0.935252702812831
0.532332656160155
-0.623437908233316
0.622621735184573
-0.380716339769383
0.712080365286603
0.205829841613855
0.663284475148984
0.308311282067145
-0.351945104158006
0.205127122391407
-0.822406431397978
0.273310547052896
0.186366902448294
-0.145259674187001
0.820370095061042
0.680373452373703
0.174846422703065
0.465410968418528
-0.385923890231413
-0.343027021756371
0.547116855917294
