-0.796823622697337
0.374367165277572
-0.213669975969811
-0.79604514624021
-0.254074971629018
0.91597225366647
0.756032796393976
-0.623342500657895
-0.630027048358154
0.955238659504926
-0.63355028886846
-0.780968972031074
-0.677285679092871
0.271529840766844
-0.592855441215253
-0.242478028482308
-0.920769818464343
-0.178546099660061
0.603619605683977
0.0134560293823846
0.24315686762672
0.457065996156911
0.107331853500642
-0.707589062033979
-0.253727375627102
-0.0159656006675157
0.990521438768132
0.256064338888726
-0.147319039164851
-0.880892796611426
0.324439763631285
-0.228843669464515
-0.611824662799137
-0.442503477331153
0.552991197351764
0.750625263439574
-0.716638091729608
0.534190236371535
-0.258959990654098
0.356633658730345
-0.780273116770468
0.948586110119747
0.955020522551149
-0.634029456601729
-0.436907726102908
0.0136050354746427
-0.351173433007893
0.659842185860384
0.0791412053282683
-0.210537677857891
0.375024276103159
-0.211291901252538
0.500335498345487
0.467896238309678
-0.681265175659031
-0.45631610924648
0.561231621493679
-0.696367089207722
0.0156268971677969
-0.586614736244391
-0.952755341907829
0.146474638348533
0.28926658645505
0.321451319921585
