-0.541530564558813
-0.0104851757224716
-0.671406317433186
0.168795654770559
0.756679838556899
-0.331807836975285
-0.67588680220793
-0.0725694427899319
-0.380317365816775
-0.289548046468166
-0.271651633333832
0.615859449172095
0.179549236612099
0.06899083668409
0.438025781392412
0.742179661817936
0.325843722509262
-0.759894099337075
-0.646593854314635
0.334266677428887
-0.344193560637407
-0.0843496933146809
0.379834985801707
-0.881907430981764
0.555327891116511
0.603040350307818
-0.321457650683532
-0.465315290973632
-0.634530747520579
0.532784038822349
0.692885026171804
-0.831592871923995
0.333492117066267
-0.827713583932445
-0.0258623491776772
-0.295827817806851
0.282476183234694
0.105409694112968
-0.84207088695042
0.951252101929351
-0.365124941907714
0.202439376094829
-0.149002329336297
-0.128681102947308
0.673042984467541
0.900335841879273
-0.434804247067089
-0.345433679601817
-0.249547963939351
-0.161084622998859
0.141139824477743
-0.769366424705935
-0.027804239792725
-0.200160967207427
-0.8116132898305
0.495956969956501
-0.893676139944897
0.224424738672149
-0.304442434273629
-0.330219855705696
-0.66929164022517
-0.915906013503274
-0.143883458104687
0.155005566375478
