0.914988241322707
0.597151272327403
-0.362404277295426
-0.137026103191405
0.293627618089515
-0.618772079610552
-0.800318309197491
-0.152977610490016
-0.992446631755361
0.93020017118486
-0.690046915138955
0.895101924051665
-0.078549546298093
-0.66077190314113
-0.386415008269614
0.828309459887278
-0.41565226619774
-0.83848926462525
0.315272020491666
-0.906167390072485
-0.926670154210398
0.762684414803582
0.512781883836566
0.40019420389103
0.179130920604239
0.104410619640422
-0.277876704430635
-0.653356194340887
-0.0382250964287596
0.487366656827677
-0.150435953332019
-0.358947732313127
-0.7669556277128
0.767825652443536
0.468784247530539
-0.78203266996071
-0.153108135811668
0.0393400490898321
0.726319899993103
0.966307479475021
0.783843025059098
-0.0283152842925056
-0.522813812605176
-0.0227074946958186
0.23439573912639
0.141336057778546
0.312772924950735
-0.130355388668419
0.883285821270138
-0.964344238309142
0.777583048694504
-0.679342992776572
-0.486862423732137
0.441204511528647
0.0922000151433879
0.824582140238774
-0.193988283335665
0.510394864936328
-0.646789258245231
-0.925733686325681
0.79463490918106
0.0228000327913454
0.910722100144115
0.562538167657207
