-0.587067214479888
-0.212584635484413
0.421025528109173
0.717125057733908
0.192633549159531
0.465865391059782
0.502852823205987
-0.0759629917502338
0.287788413305285
-0.0818582767781294
0.366879743172645
-0.249646312397802
0.712864422878281
-0.27088719603197
-0.592977278837992
0.634048553130345
-0.0391437644218943
-0.558577470133415
0.910662341606943
-0.201548388159305
0.182722551825648
-0.00654935372587256
0.0100044053546549
-0.318827846966072
0.678739858209576
-0.415347714839297
-0.105098352951172
-0.549078254096505
-0.295588454945936
0.88457650207085
-0.903964885580279
-0.907004602538128
-0.173247696367092
0.279086109677657
-0.370434575920375
-0.425441724525192
-0.150729824556235
-0.470960609565357
-0.789308789448344
-0.74080738288586
-0.779942162944676
-0.150399510654479
-0.574045128952396
-0.396496148611565
-0.961039631273418
0.734309610245837
0.187486323112516
0.40709496473958
-0.555866001010584
-0.561044316251045
-0.501645245419807
-0.229647706700321
-0.276321639576194
0.0939618391325363
0.663947910421595
-0.15656936582801
0.174814011468337
0.0482943276287697
-0.701235852329456
-0.908832219666939
-0.223677530267848
-0.0578939361032938
-0.892772094072305
-0.537979272264782
