-0.980966870834405
0.428483543270741
0.0195696876766538
0.584675757107915
0.83623553659718
-0.402529231173973
0.12460412483595
-0.0699609893927702
-0.534510366512508
0.903734990474753
-0.700919262871706
0.234030279704303
0.588826016936133
0.478100283590463
0.74619456627998
0.798744206308397
0.442802091024182
-0.111139125767162
0.48135495730589
0.221875999016491
0.874686107491474
0.230453930835993
0.930251019241889
-0.312299290048183
-0.416002405964678
-0.34023305493333
0.148648555156793
0.147280800527836
-0.884137575443644
0.660589746642675
0.828480714377101
0.416207584075064
0.293907837921116
0.9019227292923
0.58254803349372
0.564623278939876
0.06860263542673
-0.0070145599581661
0.0850232072756002
0.907491964251911
0.580270355997644
0.540088418599063
0.310000060242272
0.99950040963208
0.208836867379276
0.0159106235457522
-0.618800513930538
-0.447092986049775
-0.853568773648842
0.561510859650194
0.513001362477579
0.283851637137564
0.790641720448082
0.780028336414118
0.442185898845418
-0.391600571676227
-0.224523734090014
0.597020056090686
-0.879298365341134
0.593446028033603
-0.137876831873559
0.89780998929644
0.991063206937926
-0.301235438078356
