-0.991949487178955
-0.847576708620732
-0.60453344149059
0.827153892507868
-0.450863090875913
-0.880956698618011
-0.220479279350192
0.283484483946474
-0.16159672717362
-0.369959127057294
-0.29857531144981
0.647272631702121
-0.293020527322875
0.878568008931646
-0.389096150916505
0.708290904160483
-0.568907817711756
0.260472692531438
0.0457743963750581
0.19323679503292
-0.526404860214737
-0.89730464387816
0.253401973099226
-0.581217366175458
0.917620068180843
0.242294399890328
0.729848992972941
0.828777339068669
0.314963674296199
-0.941084011254656
0.637875166325864
0.581341451549813
-0.497558740508682
-0.285506864629276
0.03985396302059
-0.467591212344766
0.568383190398488
-0.269849164425661
-0.713230524732706
0.563113386910409
-0.311337914159894
-0.0820044735830706
0.167575710268836
0.964492556048008
0.412417305491267
-0.342162491832513
-0.724587532465815
-0.443860861795743
0.931671041126117
-0.39008886400508
-0.616684552013935
0.193365175332035
0.36420395324976
-0.339938771291972
0.596742908885769
-0.729247596673387
-0.633849769327203
-0.60955162673238
-0.705324708516731
-0.899816592317304
-0.600304784911832
0.580116757575663
-0.451826649935365
0.554564723435919
