-0.450275439106732
0.173227804722764
0.936207099703118
0.358583304288921
0.274518958167292
0.787876246509847
-0.570526385497837
0.633548959576691
0.950824265458753
0.209606787572245
-0.128542012081163
-0.706041802173629
-0.637591999025406
-0.674919154732787
-0.517498195182346
0.326881280964606
-0.10948633037483
-0.470390872794603
0.766184659485323
0.935443857871719
-0.702898702425597
0.628233038265477
0.729685062787921
0.82093917531761
-0.0878400131152096
-0.089452897807303
-0.506339107644811
0.0430507209607109
0.181531625945435
0.746445792170923
0.627529971967882
-0.3114656206697
-0.86959355184944
-0.995411331662877
0.664011921564023
0.170569600478514
0.393486287056728
-0.604799794107471
-0.588111609458505
-0.623429097418933
0.0844412660843614
0.592197611065667
0.630238792155871
0.971263595056322
-0.150597233639267
-0.931886565909674
0.931375851846511
-0.90456315792019
0.978720343509039
-0.612653751424081
-0.863747341902106
-0.586018258407433
-0.999104294363226
-0.334644211486448
-0.899095889505855
-0.580519363233548
0.347666968183564
0.705299418504
0.810177677462471
-0.0778420555450987
-0.247238327558745
0.446015518842633
-0.443934514558373
0.0900861714764865
