-0.99047172243712
-0.982563590808815
0.699927968152738
0.60972250405264
0.658101572320975
-0.400582293958228
0.604011362945026
0.450723583672402
0.0322021176750535
-0.719407076223761
0.526377910463218
-0.806168269089851
-0.0718329798859479
0.138296804639604
-0.483293913046437
0.294669125862897
-0.115222996647469
-0.709451606244292
0.192970886999813
-0.763521602227911
-0.231945911327099
-0.475656360347659
-0.266785449127964
-0.00214819764356402
-0.995416369508365
0.726630767655407
-0.892133509927041
-0.265499007257882
-0.644551355976814
0.789428338391286
-0.239404153067182
-0.315161708598165
-0.236227525115063
0.242957833270731
0.0460472369695402
-0.798709732986681
0.00727248616598297
0.402419072360878
0.190161333666588
-0.079128050423649
-0.0542561746701687
-0.0822110247623942
0.562690810170866
0.117984995864123
0.209033027384558
0.0923138613253183
-0.510313932754565
-0.347197415543995
0.782142865776787
-0.553959043813668
-0.0800224726942638
0.403981449232184
0.0992975336139935
0.57019996573388
0.165552737436521
-0.195050966629876
-0.360868983465924
0.249709494428333
0.104292262968158
-0.526363918415959
-0.00538750934977044
-0.184887802659775
0.656953540152127
0.99297436959768
