-0.911994258765054
-0.0738843486571519
-0.176468808066499
-0.978139707257896
-0.562908706202216
0.0772100452886995
0.0673941060877256
-0.910088765341834
-0.128450954026779
0.517439636954779
0.549481069768503
0.979645420476823
0.0534928673097016
-0.936381959700769
0.267265779913421
0.647622456288684
0.00924807770071237
-0.0818949761983536
-0.206641782106505
0.345246827132491
0.653639849974591
0.113209471570206
0.79090360474101
0.223885310002628
0.628388794515966
0.588992782822466
0.790879532313509
-0.989899766744546
0.816750016156902
0.296984431255878
-0.565982355501871
0.063859529217641
0.54248157273938
0.241365548075929
0.805768550413999
0.215161283917335
0.647541685262197
0.643583863852823
-0.103298443232215
0.902958800518148
-0.93783130863056
0.728683017226911
-0.579637673804326
0.0998597619292026
-0.757157440125374
0.15397856530398
-0.120967774248147
-0.706108727118955
0.78138973336783
-0.56305050783917
0.831274256176192
0.368251196020861
-0.91878705248154
-0.52977981782938
0.557558584783442
0.372683562636969
-0.4105003277305
0.855428786576857
0.354356181033005
-0.25979099179933
-0.308823695077612
-0.951762231320533
0.744617792767045
0.698558006228162
