0.357865642286516
0.12259388296115
0.446728004285792
-0.548885244426901
0.256144471061756
0.336494401395363
-0.0202316493959717
0.0811769732050929
0.120585132614752
0.895955846314044
-0.35543062859363
-0.26318383853943
-0.959122128741803
0.366305626593564
0.619417621938269
-0.899557155394658
-0.610339297771083
-0.803178117061326
-0.0236544709675739
-0.25197386980264
0.107225328220135
0.234882041363281
0.134415156953901
-0.635592054166084
-0.960730756217639
-0.893772741742432
0.894053952923463
0.517692266228323
-0.936318158502595
0.973986224389498
0.21469650397471
-0.432131918160256
0.0020425213437536
-0.055622225180971
-0.626763130542787
-0.893013805457038
0.783090405642292
0.026752955821698
0.498397063493623
-0.094595512235149
0.336504583819136
0.719876785380249
-0.0811061503760903
0.29590140703655
0.0471521765851059
-0.762565025185846
-0.00831263788717035
0.213264273682611
0.784997907439277
-0.543573743223806
-0.610782959683859
0.756810134422356
0.170069493639249
-0.412096222965609
-0.793390052583556
-0.829608167148028
0.109766951113486
0.777244639990634
0.333398668801066
-0.666935564799766
-0.848926484691345
-0.292071727550828
0.41677166416085
0.710478915208127
