-0.287317878439728
0.914418383621595
-0.406238803328446
-0.481649940522816
0.560661594409621
0.687255139130262
0.145444036085129
0.17843086220069
-0.752247847158966
-0.596397785686088
-0.800982367289369
0.995435587601366
0.752339950707799
-0.195864661133198
-0.532383283610389
0.556309559664072
-0.284335979479457
-0.967143066563398
-0.669279382428358
-0.592273390663072
0.141602765799521
-0.206362645371826
-0.974849105233388
-0.514314028981349
-0.49400947312187
0.607063652160569
-0.829878418878593
0.282622144068532
-0.243049996353
-0.497939174562795
-0.314389546021582
-0.797229640000062
-0.190074472399428
-0.479050386043647
-0.87603401792764
-0.980908935686399
-0.488952889189523
0.279018921259386
-0.955347093049076
-0.708396982089045
-0.433893137709663
0.801049235017116
-0.233830122398598
0.121482897398326
-0.856462666606302
0.412982274926766
0.688657862756687
0.101975399690831
-0.551052455060933
0.872675888144431
-0.146139429343701
0.212078134394421
0.651403484099211
-0.825260666778383
0.795335864746844
0.64261457507618
0.231179913835403
-0.442429015978709
-0.397802102538864
0.49257481142184
0.686701942021217
-0.362342131950782
-0.308344770132795
-0.993585897577576
