0.559088028512601
-0.164137169473586
-0.232364034592874
-0.790356920370939
-0.542911639259368
0.440729745827992
-0.941126069440254
-0.230069763743702
-0.427499475242192
0.187225489581215
0.327676641230561
0.669536279846485
-0.691991384967892
-0.501063780741574
-0.886050253753955
0.613515277409286
-0.456033645670395
-0.972945260801201
-0.803112956974241
0.0807442353552055
0.875091466100577
-0.80620415814401
0.138443400004589
-0.0663774723047013
0.00726356414124485
0.0438538456470938
0.449522765242148
-0.537298389207769
0.1531414602358
-0.677648955747257
-0.817326188546881
-0.604761926889004
0.50626002365268
0.215738338412556
0.544735843884038
0.41553147982764
-0.943151374185782
0.586312225875815
0.37610100596789
-0.0783904116768759
0.0436020866790654
-0.301859466639315
-0.915066506396351
0.253403844620533
-0.0910618695703651
-0.891656032674402
-0.865149937165959
0.421094252528761
-0.9787867986707
-0.393842285574991
-0.967869151851478
-0.260265105480639
0.344850005058879
0.85432269497785
-0.1955314047426
-0.410241573370495
0.977689152493383
0.731220371131319
-0.436341729153065
0.716582766670609
0.180523478453809
-0.295855840768552
-0.597108285449755
0.633846680332501
