-0.0507766208863638
-0.562070637242846
-0.951652033743696
0.838183517886643
0.0442869535953427
0.39244240456913
-0.299377414927039
-0.167244755141511
0.306618150866364
0.0784576389969813
-0.307878640127668
0.685177142414444
0.0200984187895958
0.858817969533548
-0.152623761436123
0.729834187773259
0.146200794934827
0.659960835608475
0.87598357377001
0.60228838787126
-0.349605755906927
0.311027270314941
-0.148526981534612
-0.615203363514605
-0.924508883292532
-0.591466570273259
0.945949805575775
0.112135837508786
-0.688525952080772
-0.764147263369324
0.452951942403694
0.553198602462187
0.741531299197889
-0.0920546835406965
-0.868073033527671
0.454550253809045
0.572397040628141
0.837625406959378
0.414195770811215
0.38999014323894
0.519115369228703
0.646191233570068
-0.531410372198347
-0.646570556963499
0.585884126336126
-0.987693381074916
-0.398506236023788
-0.510585644316038
0.085439734678133
-0.668801510330096
0.266753857554192
0.332066858237256
0.458668321821249
-0.561886208031828
-0.271976441613814
-0.294029237385196
-0.433798541553518
-0.733768066425899
0.391741157008784
0.826758429584657
0.202705623791939
0.243843042732493
-0.544663641003652
0.226573333988777
