0.57976948404331
-0.900203135157433
0.808351603160851
-0.197800813361385
-0.57308589616919
-0.0158695353727843
-0.643241713521012
-0.0891519088176207
-0.0168545998969473
0.588416504480602
0.937094215108624
0.253529880300364
0.493884125663117
-0.796992253659725
-0.702572156400995
0.918328664567113
0.0860972361161903
-0.123015500237185
-0.768726954724291
0.162459169548839
0.301243365959596
-0.880999495273075
0.839836102213772
0.610092817941354
0.660296813657749
-0.612992197947651
0.526499004353434
-0.120494392138036
-0.922425706938909
0.0626515424277002
-0.424569637700654
-0.972618307244114
-0.97998146180888
-0.998688311335658
-0.900412321229997
-0.310498851221287
0.688794933501539
0.111243408864713
0.34615247199864
-0.683699813881745
-0.11420897638066
0.461462312615896
0.210132213158519
-0.928832046255338
0.387936212306091
-0.0253186051828302
0.210212115474724
-0.872789003356123
-0.606836081957123
0.591637461221017
0.519370454814099
0.212469904649858
0.450254836016998
0.806038753357941
-0.0899919199583848
0.415619925894165
-0.171886672678284
-0.962814408981784
0.55121790254796
0.840155860127245
0.0688370976873904
-0.767026672876133
-0.540915358683158
0.846694056736637
