-0.725238231255621
0.317491313536461
0.610027136611484
0.0846680803369035
0.87443901965381
-0.67705466177827
0.696368089887155
-0.0236803352080172
-0.501645531830064
-0.988801109099406
-0.305053851959385
-0.397476948439272
-0.825542169262431
0.705482172250322
-0.982911278118838
-0.975984405590815
-0.169327758498665
-0.53857459212517
0.24299601836162
0.28774270112821
0.0766541197175027
-0.884352679266186
-0.681491139969515
0.749012785954792
0.922831009439306
0.208644898588558
-0.964666190320591
0.39050977042557
0.721481688565017
0.384489121583352
-0.649159914509705
0.267880200013247
0.12474036813539
0.659465333459459
0.676878933275417
-0.564932127518823
0.975197366401463
0.30747990300136
-0.587778214262677
0.374172416098804
-0.466721942686239
0.688449386968714
-1.00599287807344
0.657102325585018
-0.607166250869994
0.87813916481037
0.805080446204209
-0.759219661825573
0.028518282572539
-0.492153103289839
-0.617890505993294
-0.470609408442787
-0.625224327359503
-0.22180804236977
-0.608508952125611
-0.36522023396388
0.965648940636779
-0.672293838012609
0.620156859362206
0.982572015724584
0.290402819864855
0.381375584277334
0.43862378483088
0.969984161136527
