-0.153560051665523
0.794646851228277
-0.0500629628842352
0.0469194824361869
-0.00421587825838987
-0.776351085123389
0.0903698283839833
-0.0896576879479575
0.983746910415453
0.702160043251837
-0.935438952670142
0.739278645194023
0.751011526462877
0.179506283989069
-0.428111568104533
0.209676370667076
0.733036410973012
0.415777081957436
0.916422753225558
0.384052527104283
0.139228002163204
0.721721022465874
-0.358763474694405
-0.779792943025996
-0.0681739246938896
-0.589656656379753
-0.190811421347885
-0.807875677274227
-0.538806728753071
-0.418855813343678
0.319103194782173
0.775845457761596
0.749322499677342
0.261523621051648
0.949686269730682
0.89792212478833
-0.537621929016486
0.345282461070734
-0.00561566588384475
-0.479469310200319
0.480963171515191
-0.982898366942865
-0.436215432507213
-0.415586336218236
-0.719221799199892
0.620881912308453
-0.973306723767581
0.277269322610139
-0.428394757628896
0.189027142771712
-0.423458182371634
0.0106582384705622
0.579735929026509
0.551407496833848
0.0520426351646758
-0.978212255452331
0.834124761159684
0.568708416348856
0.561652641492639
0.150129376701076
-0.676631489068251
-0.239793851054622
0.791087275716189
0.535278377887572
