-0.501593670274509
-0.964563943134134
0.0628762771855924
-0.696934526388314
0.824982023836662
-0.72905319680865
-0.655918913480235
0.0916726684924147
-0.772618164994237
0.441491333063538
-0.62294206212011
0.454909599310451
-0.819760109886306
-0.785309347448963
0.587071162232382
-0.911632014732968
-0.743248628661075
0.785352112451528
-0.126511661542243
0.661826279134213
-0.78058128887415
-0.197588348478354
-0.401839349449037
0.770105371086521
0.382143705228932
0.550608996823705
0.558829027089149
0.25767719203475
0.0316720528522372
-0.327816899295942
0.568217471691822
0.447751798842662
-0.452846093775818
0.204008180793298
0.369070326004256
0.709295976111739
-0.462392562004964
0.103299579134092
0.592190617142166
0.399054858412903
0.898565889743093
-0.786124712360597
0.116260655004968
0.664168294023179
-0.768175245433693
-0.522248215950016
-0.363206886540968
-0.855419351336653
-0.261722086737755
0.754671133495374
-0.666193736089915
0.497025202366004
-0.0320753941096612
0.644503314922397
-0.180847545458989
0.889969718188656
0.98297115489792
0.0834107165180515
0.902774698678266
-0.432447328563374
-0.51956986739691
-0.353937119122577
-0.351670239249884
-0.88428225013447
