-0.42938893564517
-0.0900521233817294
0.0857138779986151
-0.445154992743293
0.92471436457126
-0.402462599241503
-0.630669793961838
-0.0374692640109495
-0.184958756017821
-0.349898068192953
0.110387170703882
0.807294266735335
0.13123406786336
-0.340848163144922
-0.275040362756871
0.505726690969012
0.055113106393075
-0.102389624772982
-0.222914703731241
-0.844379190689284
-0.370148522672118
0.631734548299293
0.724301116531303
0.353814266906047
-0.290088520358457
-0.0989813131714704
0.176154865946113
0.24920602923636
0.0915469022565958
-0.533529472073119
-0.79637442047436
-0.0216116056197894
-0.0194862959287065
0.772695664028179
-0.104285333550068
-0.988293310011169
-0.347863433496908
-0.328270850202677
-0.703575090239607
-0.596959720201995
-0.617168078410596
-0.302209361874368
0.724933132374349
-0.287310518669737
0.104350030485432
-0.088707704673902
-0.235767302038767
0.113346990474796
-0.704458584333785
-0.322521954949746
0.643966437442381
-0.552100366824237
-0.0809039120475067
-0.901015016944198
-0.0379177925732775
-0.357789042032104
-0.454976666497935
-0.318470916132144
0.0375246253731075
-0.367120986988551
0.386331938580142
-0.164588653037444
-0.643094216806688
-0.914049671515282
0.297121472085319
0.511738566535528
0.00373876769121332
0.488298084561491
-0.178795817507473
-0.363691507802236
-0.44504260628692
0.151754292167373
-0.146950066959776
0.344317291244144
0.816169696601369
-0.415888835485205
-0.0541044070253695
0.202306125413182
0.53528673017144
-1.05002884431252
0.642891131414564
0.99362777607683
0.0770044375389016
-0.0806829575178092
-0.364176696442243
-0.352667830973178
0.218205159185699
0.887863145317549
-0.588334930942122
-0.0803363113262909
-0.956448595018898
-0.2737333789893
0.713700619741985
0.536906504033848
0.756088112017524
0.507484096016583
-0.380249791635591
0.764924456183303
0.349462472143128
-0.47789883346132
0.714997275159056
-0.756441334684032
0.548521421387704
0.698465060102303
-0.467435387959843
0.884125017334204
0.0798733113493941
0.0216793583459549
0.194244685651179
-0.670080773937191
0.830228839716355
0.273218872174729
-0.582816192263156
-0.448038226588004
0.449014803148071
0.0805150841669566
0.760300776510151
0.444434625628619
-0.881355664143793
0.377605266971106
-0.992074993862459
0.656351455045055
-0.53044089586538
0.523388360304578
-0.873750730735812
0.798201001422311
-0.0644768060249282
-0.421021505668277
