0.76503003378943
0.473127509578822
-0.617648648121214
0.291709895590238
0.836528140027228
0.600521107456515
-0.948355800416677
-0.179266625115149
-0.807164666888762
-0.691181735313407
-0.564683789212878
0.845461297084969
-0.728831836955334
-0.814207102299354
-0.408414044781789
-0.131184762140627
0.013273458365795
0.00130867885051118
0.426302400172615
0.524839265010975
-0.346483377650603
-0.747014981426246
0.664157394536027
0.640642346179687
-0.0402626201633582
0.873721001521017
-0.221792728599594
-0.571322734027148
-0.752153263716365
0.911042191571181
0.472545305288885
0.18743345360546
0.0476370116456247
-0.944379738044232
-0.275708264235332
0.668112137148525
0.418454478757634
0.259935265891172
-0.860852615277857
-0.793934582824544
-0.622397512620554
0.122620270967869
0.639937955969025
0.892257919631655
0.799292108798998
0.738109030898385
0.119551988823424
0.257799125073632
-0.232970495734075
-0.04276829554487
-0.613253177874528
0.135470000485323
0.48381276285854
0.746249848166212
-0.537893530297305
-0.276193309124498
0.0454315405266384
-0.172131114295672
0.582311337306474
0.767346020478453
0.0396638163299255
-0.763023499327262
-0.687253785351116
-0.984126234577332
