-0.441752919436647
0.389805840993978
-0.469746403606546
0.418096505190344
0.869124780037402
0.951028412156285
0.205334534289515
0.278477782672116
0.982883277599264
0.944360603088663
-0.119765354671896
-0.61874177318265
-0.943320645298508
0.234760897082056
0.475730809323532
0.852953392319849
-0.558570426294859
-0.557970266825036
-0.96432384527559
-0.158883649890218
-0.288492159941172
0.412279815887407
0.731819179005079
0.884095012930844
-0.92964677729092
0.509980278568326
-0.0585458818554879
0.427591590815819
0.761753358034493
0.0780991635503437
0.294002087784537
0.145547985251675
-0.986399012864901
0.964104922972987
-0.102154009493332
-0.730109356106562
0.389877108758569
0.495781705469546
-0.425931040165037
0.942718319905847
-0.22138865620762
0.732650896264246
0.240347906138343
-0.935389794175679
-0.833048687882878
-0.734784855150091
0.957823666491771
0.154652005413137
-0.556212864121967
0.0417091494524029
-0.198152621130877
-0.414520163318504
0.798234889161977
0.147378216257325
-0.882464878358389
0.393043207438566
0.399457226209664
0.0363839696707588
-0.586213130309006
0.278089565321061
0.801547405199773
-0.269455252183633
-0.699954911884343
0.893938671400842
