0.436538487557453
0.314129968737264
-0.356405695292548
-0.517384764223133
-0.0404078648086055
-0.794056276744711
0.540673674299592
0.864370963729251
-0.114179395010261
0.82256147142408
0.0421074884019168
0.839886311844833
-0.837866860052072
-0.780489521321649
0.971958558526485
-0.886531667661735
-0.753843805706019
-0.370997320665702
-0.644119593154914
-0.783398569576221
-0.805302081330311
-0.250701099185025
0.552823366201975
-0.659347570046713
0.225632452309433
0.185821015277354
-0.619392554365773
0.341714392165085
0.28826536026707
-0.380908458129122
0.462605891284979
-0.865577623508991
-0.776168186362957
-0.352284049498088
-0.598536922498383
-0.473732029845644
-0.496978238454283
-0.876702704199628
0.983772438979548
-0.415395262694444
-0.825030858134323
-0.256081900170779
-0.449803799675702
-0.323971442030691
-0.989881925351994
-0.248369889661614
0.511550918181882
-0.25951075598659
-0.72216944088996
0.386983732737892
0.640224052648386
-0.525800949784745
0.798571470771985
-0.873472229436076
-0.904868260382743
0.561595891674891
-0.708282053049663
0.702551601754781
-0.0186838564332557
-0.702414351444164
0.826438713860154
0.500090720041902
-0.782667821397426
0.453568535031744
