0.928979359320155
0.330539890486575
-0.488987177376887
0.492320314584402
0.317370971728037
0.545456870567514
-0.16654868794106
0.103673028259249
0.510638878856413
0.696608550115349
0.428373033400756
0.749329030164962
0.152553916269503
0.155910735283523
0.814103720489181
-0.624186800884211
0.0338809171700951
-0.391483881516726
-0.0103665169477698
0.255878158318328
0.578689098417089
-0.424848836125478
-0.508321423418776
-0.51819568086463
0.957321084599535
0.529267130540548
0.571862691816167
0.603229280813245
0.211257064264052
-0.852967611619995
0.1696252648447
-0.980301444024553
-1.04923772379304
0.505627784726708
0.0316192486448932
-0.633726313591092
-0.069103361122271
-1.00059754408596
0.194742318634196
0.217181290891591
-0.964589868545252
-0.98347892739852
0.143100350520215
-0.908230089055289
-0.806261471172655
0.272733303749757
0.466386497556852
-1.0249140352646
-0.830135110318249
0.52610824113454
0.195123804978952
0.388011154958255
0.393244018312046
-0.157364547056665
0.846457785838037
-0.902857986861642
-0.873278416389693
0.175167230616282
-0.137714395602065
0.587486180850967
0.119172662202125
0.0619821402251416
0.388852706568684
-0.613254647581791
