-0.57480888867923
0.357901330996508
0.299159086016271
0.188204248688872
-0.165294741865797
-0.538008459718753
0.88133757353122
0.473118662829724
-0.933278537945554
-0.318731677198062
0.0812967482256527
-0.397535087954249
0.452271641553562
0.914320477437295
0.270210080826709
0.782981339722959
-0.524904315811559
0.586870406431583
-0.615953418019987
-0.509661616959556
-0.351416785924434
0.777364327752588
0.0921215430013766
-0.0971190165395526
0.693774115525459
-0.0438104194460284
-0.893949858594699
0.740493922662447
0.89446643852646
-0.261786024904741
-0.237306585864125
0.423318485727306
-0.752965211077384
-0.311967274092754
0.807736406189536
0.529641907545988
0.172830198271643
-0.5002990498254
-0.927655534614362
0.681629359742648
0.777819997821338
-0.082244294520648
0.0874239944957081
-0.584925010786177
-0.260053454442922
0.314762227536469
-0.650093276532952
0.832784362517737
0.700068426735583
0.859762591071057
0.833883862082094
0.0248790784253477
-0.915251564304043
0.656884503760424
0.539356802083648
0.827919230892562
-0.145087542840253
0.459887015248227
-0.629469936709693
-0.910414020183283
0.498034598240933
-0.522105884821615
0.316810131659904
-0.678620927031841
