0.902647042227388
0.553314397064584
-0.00109516866643459
-0.501825556756036
-0.484317713238246
-0.197816406278034
0.504985465688424
-0.33235324908312
-0.105567446828696
-0.166609957846595
-1.00088093628044
-0.747803185446855
0.834621546811194
-0.312305603095403
-0.705917619811671
0.152067013954229
0.682769926293032
0.194851673334787
0.414214469561558
-0.316472752990761
-0.875164310886864
0.598777602709755
0.0386958965134762
-0.865560203212202
-0.274998622007214
-0.6361466817515
-0.546435408210776
0.935034381616904
0.218803315657991
0.0708764208219821
-0.984263847238826
-1.05098101467606
0.477343023000549
0.303043776918379
0.0165706049245371
0.38478499132893
0.558029973885791
-0.575430432195591
-0.775101814262391
0.347492741012997
0.401182005970214
-0.0549378325841765
0.610620548422886
-0.159438593109567
0.550665772996726
-0.557356646829543
-0.692790693520793
-0.44370416847203
0.273787874285792
0.00614052902321636
-0.16376408295531
0.554177026448165
-0.209589685320141
-0.187415558268636
-0.459180118067338
0.892732925114948
0.241472919020622
-0.881482280856687
-0.0911913714181086
-0.210270344263477
-0.64259671171169
0.0605955696858436
-0.504168397597917
0.342055392628061
