-0.367931294606641
0.0317821438786367
-0.936963661932248
0.88460559873005
0.140798759006922
-0.0214307417417981
0.173869124512286
0.621232847201769
0.907552024177459
0.376231129361912
0.936777366047332
0.601840768336851
0.867327957950007
-0.558909972795522
0.0853579771899893
-0.0058926772661073
0.49379546545051
-0.68925127551746
-0.686924166827285
0.516793463620644
-0.490264648483053
0.184497537767166
-0.219566097573594
0.225845780065417
0.00210248891124023
-0.608989106474204
0.177135561757534
0.685478001249676
0.414826641905079
0.530299942389363
0.291187559304007
-0.687041455489364
-0.0677648810179641
-0.425216390874594
0.0356885679154915
-0.925034616236657
0.82910423836894
0.0220408759328063
-0.0411424955891874
0.703468928459177
0.82111868358872
0.662267028142717
-0.719309768355435
0.661887119489563
0.676418450691967
-0.187725570062925
0.328132580759373
0.251534935860747
0.502963433851574
-0.920405717485242
-0.7019499238366
0.574764887130124
-0.15890971911255
-0.523995828269101
0.555308116116843
0.786817965626847
-0.533655410244538
0.147400482089301
0.256710739547418
-0.381277585100697
0.039288670046704
-0.805066814408838
-0.561480753361597
0.242380004397939
