-0.536605301274462
0.136188468588138
-0.261112359291969
0.407104025568796
0.90292407345815
0.95792192905928
0.771566248773726
0.847249675096608
0.696610635150495
-0.763776053501219
0.96062961781985
-0.365669930865753
-0.00206418130618302
-0.729811557014429
0.0917411158476494
-0.653072895134788
0.902831927447253
-0.0240709917345091
-0.398102168076401
-0.852405247135636
-0.401971554453359
0.602878235242353
0.918653308980657
0.352409254132535
0.514394976379654
0.570214957538133
-0.872294063930236
-0.391573898640183
-0.61287639048231
-0.790979036273376
-0.705474424019649
-0.983026717545921
0.429236031045353
0.912225855152824
-0.588848484244557
-0.361621650524954
-0.219310791522259
-0.262609333148102
-0.162978685608072
0.512088888503883
-0.791188499031775
0.793317696014037
0.86096089744492
-0.109272677755901
0.563987146639981
0.078195081045799
-0.25367714374233
0.9213055801793
0.750365844325685
-0.260912883043908
0.426572400732627
-0.87548406759187
0.0652796117354007
-0.481687966383914
-0.10927574890129
-0.90481012150098
0.261723381608567
-0.611022133824332
0.700078181304488
0.798824934389451
-0.306506916651856
-0.899714316584472
0.316478438629681
-0.623889035069969
