0.3861370358681
0.375599161182296
0.78054506633169
-0.0189347096389367
-0.0517098796115953
-0.135587254296998
-0.186280558261746
-0.412912868289998
-0.475048820819073
-0.56193700055523
-0.490271094326488
-0.821769512710613
-0.795406419245398
0.560299022072301
0.823800949301743
-0.417037268449677
-0.166288072101714
0.222346558944338
0.31201677182025
-0.227018602215851
-0.679458490121457
-0.963782873786973
-0.341209888380273
0.194946049168832
-0.236758008163646
0.891496019093253
0.0963476460714183
-0.173918414536857
-0.664287750253113
-0.363046858134968
0.502404633268196
0.856103646347434
-0.238778038027792
0.023253320230664
-0.462500308649163
-0.931044337443138
0.52194861028718
-0.469449812073766
-0.574448959458732
-0.122614811242636
0.75689954140097
0.536792891772351
0.838499458242879
0.417482849468919
-0.624545564586955
0.691162335696327
-0.749268761664603
0.0104435259251954
0.748452537354935
-0.868829399599193
-0.513225242534906
0.24466304775809
-0.372266737844933
-0.814439328668705
-0.818752306029703
0.22379654946843
0.00433125828252834
-0.898773720203065
-0.569359111203221
-0.951097400845712
0.726176278007611
0.342187297413927
-0.90621025202407
-0.48234816314839
