-0.235385588128385
0.823800183194475
-0.659487248659583
-0.432241303899623
-0.853825869303523
0.442566915566536
-0.52284633692896
0.57431608118629
0.214311630949383
0.256809533881164
-0.0876022322848321
-0.376057281565822
-0.858256777051238
0.756180194003155
-0.249764219080132
-0.0883840320092285
0.561567950444578
-0.465303579428331
-0.36160520225849
-0.801075335278548
0.1721961554961
-0.43623898892008
0.490208529032679
-0.236600132741203
-0.596051944749536
0.0266266281848748
-0.815596011918602
0.483416728365994
0.16378900937766
-0.585160045854836
0.572084000119676
-0.255448640477702
-0.743832331398065
0.67798027587635
0.791744689882755
-0.85010702763895
0.577363227355383
0.156266751722413
0.846821916252756
-0.143980378258545
0.275169767304993
-0.423712565822789
-0.865837911025787
0.570933023347168
-0.481204335264592
0.82339413334467
-0.558309983312849
0.2032200145478
0.576894525379648
0.862448644659577
0.458955057413454
-0.958123740305147
0.233325367377916
-0.769271756823958
-0.909448075389429
-0.368976502255582
-0.650022000765514
-0.831589879798575
-0.380971570127216
0.183436907939636
-0.836022619665086
-0.332443452907878
-0.715198189703452
0.943312277078673
