-0.804821288342049
0.984384047895452
-0.355285124620646
0.0868190892165806
-0.238923614238783
-0.314459635344428
-0.482709982279561
-0.849287873332789
0.104346845339667
-0.697013134976533
0.697446498956044
0.798776703471957
0.442406131493155
0.887241985091054
0.82590404257086
0.422605424381271
-0.557747308829588
-0.541302928305012
0.224626036311328
0.389714714239457
-0.118696033468002
0.090069529299597
-0.278043030788278
-0.203220507573147
0.386972739981759
0.702345951382858
0.675223625193318
0.736421948407984
-0.712917789032047
0.0733129376732824
0.150818084219781
-0.11566549123678
-0.175979720387997
-0.814223576422839
0.971832565206346
0.330198553680543
0.126850493900378
-0.753937057753212
0.305300529474341
-0.787475754830989
0.729773732336677
0.428057859322113
0.184459737595319
0.638538688151547
-0.660172573764397
-0.680197638951788
0.508528947840228
0.398159622129963
0.0388663703665701
0.232770377239989
-0.38280368268618
-0.438755623615264
-0.97894741113531
-0.709934998252053
0.165003609779342
0.316216001018275
-0.592741434201086
-0.172908990475476
0.166777079805551
-0.891580686995604
0.13162937063242
0.405735654544401
-0.856933135406193
-0.227215877344954
