0.943950557642819
0.114634095430074
0.442898496935874
0.471319370459341
0.559988555360982
-0.0716677878903207
-0.590962242050507
-0.618002047484822
0.260377896397287
-0.269975941108135
0.566498171346272
0.684289159038744
-0.607175029784351
0.549523453299831
-0.399348999078878
0.707061570231474
0.136194600896751
0.328498892127544
-0.88011387814861
-0.670692381687395
0.399832798814153
-0.387984395152794
-0.843403643061289
0.086885864987239
0.784715866156266
0.545672945093017
0.469077673879323
-0.0636597713249018
-0.649146478442333
-0.108981616135108
-0.724322834146194
0.0495139413425447
-0.596515147140505
0.319674564678924
0.127334734232733
-0.49684067972268
-0.392910504791233
-0.417597161779897
-0.38148031225211
-0.219201728361932
0.781499571675855
-0.612402934641533
-0.393220861268719
-0.492949037043443
-0.645340353900305
-0.902761026484518
-0.0975942817409693
0.860961147983351
0.176164345342492
0.379667925153934
0.857574411591
-0.715019682619381
0.775893601080448
0.821272452817366
-0.62408281798187
0.236949736118634
-0.107199757033726
0.0330377749503966
0.314495358892996
-0.378874460807371
0.509062695895511
-0.679463828208105
-0.0119495301928216
-0.880027389114476
