-0.769390653758277
-0.546295756263355
0.872703672680266
-0.369643180102059
-0.193614373656159
-0.0229175268071016
0.296723185331698
-0.701052244683423
0.423904557551979
-0.578328497771535
0.017062564670874
-0.654834898077198
-0.446227437264789
0.688252822125045
-0.192622477466001
0.295381366370807
0.0541058026815028
-0.98080125536498
-0.2641243810112
-0.671970267713781
0.409105353749931
-0.131945107583955
0.322016016719156
0.857621025285335
0.513542827364831
-0.90792824728409
0.452554903121863
-0.300580496045612
0.211254224035092
0.55125617614232
0.871138965044892
0.746995360825569
-0.601838536325821
-0.790048291674419
0.669057595041159
0.954906592383789
0.622473631117006
0.678078821716614
0.959767803752081
0.52669372824937
0.991036771572466
0.391165297850216
-0.107660795164866
0.767114872126072
-0.880323852946779
0.882420315511996
-0.700193245331
0.304442069529249
0.980125087197536
0.27504328212183
-0.657639921797513
-0.000347230204830447
-0.767797261855533
-0.412403296290219
-0.187245111436291
-0.233157930055578
-0.913096354157464
0.831388262432413
-0.991333782610748
0.897399543803156
0.454078256117099
-0.343117107353535
-0.408594335363444
-0.176868810659187
