0.334075882188604
0.997251243136216
0.248270459490162
0.891718734783703
-0.549602929197996
-0.593633214965731
-0.257915062679799
0.0490825595919788
0.458437696936931
0.946054233051845
0.154574559095884
-0.759543486332495
-0.337931437638018
0.221669714600379
-0.173803394023431
0.375104558672867
-0.478885728353684
-0.235119990628134
0.977007007582307
0.807168446031816
-0.0601607044205617
-0.25927223816087
0.930480318268958
-0.0218566182738278
0.788089386934979
0.87348531993739
0.296188275440596
-0.536618299096171
0.520690128495046
0.902321848122376
-0.942366996707488
-0.0656154326172865
0.954614616174241
-0.184475780752524
0.0532884224617525
-0.122636767405431
-0.245569286257238
0.0253232604541869
-0.65432130228782
-0.976349909989116
0.952153183368801
-0.540130640900754
0.659730412140212
0.510846937935035
0.757539290366687
-0.281525970153987
0.622774128724263
0.407813206023317
0.296486856747172
-0.90991495862778
-0.533295315912212
-0.117844242509541
-0.638188456921611
-0.404320309166447
-0.00458213254925873
-0.545386708741544
-0.179747066976066
-0.181162495067115
0.20197624144036
-0.0833000477008332
0.955824053195447
0.243207007913867
-0.000927092483534334
-0.807114926456821
