0.751212097754352
-0.709827225277784
-0.211355027664588
0.395457558294133
0.567717898998015
0.849411926191728
0.87389310121658
0.108836068615347
-0.664469607737167
-0.637141496012952
0.282033467201093
0.958516886808927
-0.447081428289877
-0.14329437959354
0.192570281663552
0.840929499982862
0.169939162495088
0.333385162680596
0.0968178439311719
0.931664809556199
-0.36950105723584
0.290325941556024
-0.235527775808306
0.495359421998765
0.668256426988915
0.838009290518472
-0.0299986219333745
0.1216443506693
-0.175415900618095
0.23762379051152
0.850226775498926
0.204279824414127
-0.590035496862363
-0.459773623058531
-0.568230644576857
0.659703786238355
0.750150166885231
0.29636983917164
-0.622487396620518
-0.315770965894316
-0.80290094668166
0.555791319561178
-0.850348791112528
-0.252673483523886
0.906781359456226
-0.688254675741477
0.199616749283011
-0.703470056306469
-0.0248328296350238
0.38748126642322
-0.439057122882335
0.753954465961085
0.665304560901212
0.674496401115794
-0.399763328451086
-0.632113742678653
0.341252057217071
0.459774315609417
0.128325677401265
-0.461264049687822
-0.0155817341095611
-0.822562115247151
0.302182041241568
-0.108170045372331
