-0.862486542821535
-0.227822287874257
-0.0296001192170945
-0.997494484971339
-0.201155328309188
-0.678253533807102
-0.739076733575238
-0.48856158420426
0.657895520001759
0.962707834087256
-0.0279224768802513
0.841845755728516
-0.439474348387019
-0.397984429497256
0.19599671058304
0.517217663456108
-0.717297589863547
0.976597525973735
0.406148624782693
-0.414086710667434
-0.29757033002563
-0.663866750241366
0.199480745706063
0.765941559749845
-0.827201038705194
0.50387995823113
0.181507363552655
0.886639140261335
0.515495271198475
-0.838839716881913
0.748995594610498
-0.917256048625677
-0.969853810219643
-0.499306250351766
-0.0387139869634308
-0.531416277778714
0.40681490623035
0.984279267536782
0.222831608569043
-0.447361944895686
-0.961054366321022
-0.646899927998203
-0.170184381518206
-0.873607707704654
-0.480452734314905
0.568563074986089
-0.667679062957841
-0.184711089149678
-0.660950864619458
0.11401185398107
0.733183539938895
-0.343354662963318
0.438734052397548
0.107221599083292
-0.122156097801643
-0.523339939488316
0.936903844046821
0.169425999911496
0.377031114931215
0.705220870714634
-0.679858749083496
0.750083597778727
0.126679073308771
-0.693224456287441
