-0.308992043255451
0.0784468374731806
-0.453525605541012
-0.454820123546706
0.45743567837699
0.25373686950236
0.346228606162873
0.977141328963005
-0.079972309764593
-0.483275019482759
-0.503850683712328
0.00717070741855801
-0.787033987225195
0.198176228419034
0.880823563311685
0.346637032586115
-0.686105691103005
-0.390711837237008
0.641292388518079
0.877623346543669
0.0770664968480412
-0.398080155231929
-0.716263580248168
-0.839890435738117
-0.770241630048287
-0.861509708143122
0.0192214456409986
-0.373149799383383
-0.493577685453658
-0.767866195248147
-0.250507599745253
0.177289050025075
-0.530049444492144
-0.49904839968218
0.446115248867942
-0.164710347241739
-0.862437996172996
-0.491395035247806
0.90389905782247
-0.193946517366959
0.895106396252249
-0.121135128897255
0.59048925305596
0.986067568879322
-0.241985503577231
0.49827650052311
0.520554112228386
0.73574551269936
0.188639279922355
0.407491118356953
0.438337804017106
0.203795313988136
-0.841553203592609
0.237149686631623
0.73095503760736
0.123781227244901
-0.14286079708991
0.521610155310064
0.363132955395526
-0.907803345508829
0.282896775322796
0.284229223573252
-0.0160001249780288
0.954227125789095
