0.0292699752566269
0.644554348846025
-0.604873491004949
-0.398365056080319
-0.422066434065173
0.404503686197083
-0.24614503640107
0.871648430767912
-0.00834233628860598
0.857418775551041
0.54224781808311
-0.445128601126619
0.040090654495949
-0.97952142935501
0.225477671249084
-0.187294046912727
-0.215022624125168
0.299264373631218
-0.0157931419270197
0.145019787049521
-0.298143371732635
0.00711335068099733
-0.731023182582364
0.4756403964299
0.237339663745015
-0.20808970474099
-0.5636279602294
-0.490433858294156
-0.474222419133482
-0.874350329588617
0.221477230126843
0.566268441353878
-0.4027598885355
-0.304398774128202
-0.239099915372432
-0.98027825794636
-0.319046934452284
0.272858896627448
-0.987633622675135
-0.835317644417385
0.699292134192549
0.871236611922171
-0.627979420969393
-0.628602328827092
0.173334449059604
0.773342637065967
-0.390350420771525
-0.925569493886318
-0.489016308562186
0.474888577835956
-0.237717122134069
-0.659702586813427
-0.74083295056585
0.717160105469314
0.99361794180899
0.455094536823212
0.64794472246498
-0.212440793753009
-0.0759280293242217
0.365878128249409
0.840508229393655
-0.868575100413711
0.861615970963706
0.293478165144197
