-0.561604845679728
-0.210991870644931
-0.308079932655008
-0.708327331442301
-0.672590104750586
-0.630987984102039
-0.646340995327328
0.810414738549524
0.996003696053814
-0.113153117528345
-0.163264265677862
0.939659980931848
-0.564527371744208
-0.059276797233545
0.419971674140246
-0.251000028951209
-0.0225131194253517
0.653927621155453
0.502029965601851
0.861734621421727
0.252942470664879
0.0337538722201912
-0.231146786419945
-0.142260439709284
-0.775371055706489
0.937381750115217
-0.462399299028331
-0.125345052634271
-0.780992558157443
0.949437828232845
-0.481826315314542
-0.194402278970832
-0.922622256496329
-0.188090953352183
0.697847130514332
-0.400203223074713
0.234015047049528
-0.5550969990692
-0.177214982892751
-0.64413429697123
0.818582469752677
0.160866576687483
0.0959003570267344
0.944377986690651
0.76225917603674
0.406460069785482
-0.0273458907623476
0.678781305806726
0.234449010764188
0.918439023378458
0.102603012288642
0.16871582524159
-0.0941020948679662
0.431217910206658
0.383242807778604
0.746961517214763
0.58444778446434
-0.508173884184087
-0.754779743141006
-0.00772053919233873
0.572266774386858
-0.677699400787842
-0.165438706299199
-0.898070281103167
