0.446314394749714
0.428585140500944
0.0181513018574106
0.609859848553878
0.991959381032232
-0.585145000897742
0.511222208217195
0.461761859048645
0.831897694999153
0.83097745544207
-0.503216697167465
0.873983082138547
-0.599321859180348
-0.944104027318671
-0.671087993650497
-0.0727884907063437
0.9648981049847
-0.490016769269649
0.39563998935834
-0.251536338937919
0.794564257489146
0.55943111213074
0.839473495294431
-0.773102582292885
-1.01488335838553
0.947494137699753
0.411060104722731
0.950617625646132
-0.0582483119274722
0.343306892662849
0.753319961228751
0.0738019455778005
-0.275078947028227
-0.046696464551264
-0.597507975581274
0.0290576589775414
-0.0493221411100063
-0.232223377593886
0.209621133982255
-0.778842290592644
0.363642863772903
0.648633488393734
-0.979138825572643
0.278635100699972
-0.849366410151628
-0.553771941397603
0.672783312348464
0.574663949869846
-0.598960972150459
0.596587739771669
-0.35840410950135
-0.582141317271671
-0.0123596743451782
0.566458201293141
0.516182570422528
0.90414241968137
0.00996988355245044
-0.181984488604558
-0.948599582037575
0.810557784956736
-0.608380239940371
0.449577205150852
-0.754414521393421
-0.0977677080374311
0.825376595330769
0.804619922405489
-0.527935512809615
-0.504157723427002
0.779938704599833
0.321683626717627
0.561699751608218
0.473988926599437
0.62673666885895
-0.794628654689943
0.341143680159148
-0.597391181274631
-0.992883041142714
-0.635549961997745
0.319725785264186
-0.447818614685774
0.956944111113295
-0.611336698674076
0.644537971766672
-0.244012147192454
0.918923484590752
0.63724511250831
-0.249109636372357
0.347680913051584
0.735518977239766
0.10725496123083
-0.0801435205013375
-0.545861151862429
0.287115112874142
-0.692420602906047
0.318382026746968
-0.794493776751155
-0.660546598771496
-0.6302129140898
-0.664135637486753
-0.89692459768425
0.00779796168744204
-0.335710718870882
-0.262379243017698
0.383319464436049
0.0594401617507989
-0.196597257174969
-1.0598889773159
-0.183385589318954
0.310890659517951
-0.393971262776622
0.0698148394198553
-0.821071791306703
0.379203126456122
-0.837010063475726
0.848190415918057
-0.57475139115519
0.152804317595883
0.197811925399698
0.391628024999155
-0.729842978823629
0.526328942532207
0.774842225978716
-0.678854471206324
-0.552266722453317
-0.431445086950564
0.773687492231149
-0.457086384242748
0.741618160749551
