0.301276246726966
-0.971157317286437
0.0975043976668226
0.372731916150657
-0.961007576292632
0.281643103036247
0.394147050249464
0.753585151370079
0.815839907053918
0.213347684218307
-0.515173497306026
-0.786633491724534
-0.518792705190444
0.976323136250776
0.548660840371243
-0.38791488194868
0.688965880643146
0.847102642068995
-0.0629761796095822
0.365713087340299
-0.266009737354972
-0.361703120805302
-0.619847848355557
0.639186440403084
-0.713945893634155
-0.985848729101093
-0.0581654149465698
-0.274045530613623
-0.130615730783965
-0.482548442541741
-0.558792977508793
-0.98980671598813
0.828631197595775
0.457334375357329
0.732609474202882
-0.683527761476312
-0.0304328027495299
0.779216858820237
0.911600878355002
-0.0315936160718663
-0.680213133970389
-0.353939194862877
0.947126053214358
0.750503790257374
0.0402421326052277
0.444850341100836
0.298272870999746
0.0566262772962023
-0.233009848582617
0.929981909955338
0.40832654747081
0.408059154024616
-0.361457819837662
-0.588695295204121
0.270891030583097
0.693161165552969
0.00216496628212678
-0.681859672673219
-0.945166180920376
0.179824887587516
0.668184835738966
0.118227569177468
0.283545843503205
-0.528367611159924
-0.950101834051263
-0.527536315071973
-0.559468993130253
0.348623995610044
0.976042535084223
-0.238321689844131
-0.197669565782756
0.631434742243847
-0.0518764962987175
0.28626537167481
-0.680242520923187
0.538911584510721
-0.393223352162467
0.457372232216062
0.449608513515389
0.522027356689575
0.181041195608951
-0.928051885401157
-0.955722756923055
-0.396197643550544
-0.0559363805969161
-0.0629698436945103
-0.842346281131747
0.510364903255969
0.500960804699764
-0.083579907887898
0.463719287458003
0.634100975934101
0.18886004592319
0.316967459163799
0.991644703583473
0.867862459958327
-0.331949947819026
0.192912858238745
-0.567980570386678
0.421093020159873
0.461329732342046
-0.255047006104244
0.34340426156586
-0.611831561610671
-0.840759959126594
0.438535792121057
-0.417352771605633
0.659534420798677
-0.0316085656995909
-0.881693343433631
0.263655827729412
-0.0439300008660802
-0.0971037672071245
0.1932739181559
0.15647324225055
-0.773156982642321
0.97430259038825
0.0878938437531457
-0.49632401794716
-0.345579271316955
0.663604486971642
-0.403406966188182
-0.491501536260839
0.725575312041128
0.5434461803716
0.219678538455158
-0.623264194717416
-0.517732702325877
