0.109200948794961
0.293960914539382
0.780754320669395
0.380313723432117
-0.25555822209403
-0.400206658895279
0.639960148955019
-0.616007989154733
0.633946298202339
-0.0936861870948662
0.165979022827038
0.0171657198787463
0.32050699149777
0.885793034560833
-0.15222396739043
-0.734041811885647
0.934351777070436
0.119443089723792
-0.325828993004247
-0.0893025405542878
-0.934618385665384
-0.426665598636294
0.622094715860702
0.745164196673367
0.056723940213538
0.400004168897776
-0.0263329485113983
-0.251385519868883
0.155933057013732
0.771030811342936
0.320322647860284
-0.81362101055056
-0.241882614968274
0.641620400918388
-0.370978349533628
-0.342654500161516
-0.543736857411816
0.324611132443259
-0.429710632437306
-0.859971289650899
-0.526534635709597
0.560936125231082
0.32068105280147
0.482725587986519
-0.218319076122302
0.979924118589718
-0.332152446998943
0.673620334275396
-0.283299002360928
0.39559299296476
0.839602812446591
0.659347434726827
0.785596681658645
0.650225230125693
-0.479065983262003
0.121358922279213
-0.14036803070905
0.0752089004700531
0.0356733571320803
-0.490586481668459
-0.321627564216291
-0.441671724281131
0.42949808648736
0.429058463783195
0.850934191686318
-0.830729811007944
0.212359189923823
0.198926475072722
-0.989712970857856
0.313268843486418
0.596290614881127
-0.0819622916437175
-0.787314088140146
0.801096074798654
0.112520562483583
-0.0394207863469978
0.512243928708857
-0.0626494774626016
0.671739216555199
0.210584320150378
-0.399068045833987
0.999544283801452
0.806455308590126
0.3873921869183
-0.046576832876987
0.138737410307222
0.330174662863142
-0.915044213052437
-0.387408033857004
0.251463879455769
0.483436118083179
-0.736105351377479
-0.145076307855451
0.637706324136984
-0.98798240172742
-0.715490787967126
