0.82129682192806
0.592445701671677
0.0433813216232415
0.0890263058409314
-0.723968083772014
0.826601684700654
-0.687164815027196
0.934114871592089
0.507938150619048
0.0600583290340719
-0.667463312801518
0.435129238478126
-0.487334452996445
0.828173843557243
-0.294125216117557
0.00479001824425799
-0.478094387884437
-0.817339247104599
0.86987779695993
-0.817075229306203
0.112483050055817
0.94529257711838
0.713308477094194
-0.432057279853166
0.790900834471882
0.804113123951761
0.74702673627369
0.897648332998421
-0.709894499171165
0.413829592403735
0.234617191438038
0.280088183102954
-0.672798010121613
-0.245457346590489
0.276887774991465
0.505330218962331
-0.808346698901149
-0.989328813283099
0.833982071126292
0.841866426467027
0.820955908523962
-0.431168094796449
-0.172200030187892
-0.746401371104246
0.774135848718771
-0.706630451636363
-0.786941256101623
-0.181809846349886
0.930107053334748
0.664502029275451
0.874165378019444
0.24559353667673
0.49310929932175
0.626602382626957
-0.989740412564017
0.450530987191484
-0.292426812768866
-0.855830366237628
-0.726186360370705
-0.142350776305987
0.591366916467795
-0.943607033808782
-0.251880372074817
-0.371088375586208
0.433667355626958
0.653323288923359
0.596713064918974
0.903670020337137
0.219987323841506
-0.146847786056605
-0.878253176245401
0.811971903845353
0.328759045092188
0.125844863830943
0.515377310730034
0.533880336684945
0.660299088791413
-0.235368381952482
0.814048487171015
0.379481649367723
0.914249006827614
-0.0320387452686752
0.81517203558339
0.384524885165435
-0.178122005937429
-0.276681190696351
-0.953157466368894
0.856121090133905
0.240383989154443
0.899382905760727
0.83683181700942
0.613527222498646
-0.332082198127592
-0.936687771547478
0.731800506470968
0.887378223066198
0.0445937944036905
-0.934796301181618
-0.291848879855242
-0.931837418252416
0.0177539049217235
0.00671517171316484
0.99483312943195
0.848884817736562
0.267066194208252
0.479813993195752
0.828141803710812
0.323800938861841
0.345398062824753
-0.262197280921715
0.989095885361314
-0.107371096576547
0.420634810946479
-0.0567788771428519
-0.00961797549275374
0.389339160751997
0.00819998317497934
-0.438116019929229
-0.0315994618531881
0.0727364893558816
0.7911274081097
-0.441299684009679
-0.250323114153107
0.954635092036848
0.994278482781164
-0.457655810480634
-0.168296230368045
0.52845034958627
