0.340824274738876
0.219702894518402
0.865036125826632
-0.374969067910391
-0.327702967804647
-0.531448363553592
-0.454106031135993
0.585978271499709
0.60844338026194
-0.262058657596013
0.0648985584714119
-0.0809415615124568
-0.973816097321278
-0.740770484622889
-0.171465780984962
0.140814677030993
0.467884050255522
0.451742516018806
0.416023639438989
0.90998471023935
0.758803723421799
-0.559201916589415
0.600587348999373
-0.981360062250418
0.575874036307109
-0.86291717473556
0.455201979333499
0.824273930186743
-0.0294645256859472
0.889010454780833
0.644764856448904
0.136610955488214
-0.809538714491573
-0.344589928587406
-0.0615764785959908
0.709751453528058
0.704043605668302
0.571404972703029
-0.942012413785619
0.620731664819195
0.675420299192265
-0.68067820443998
0.82755213975845
-0.584625929503903
0.168323428619356
0.805212353167506
-0.829376311795686
0.432550113174021
0.165161797698894
0.634191077633019
0.651249957642474
-0.444182091823479
0.0409066125688405
-0.488027003444412
-0.110457224893068
0.264319526130322
-0.26344690783557
0.945007606384835
-0.303445546851663
-0.26724224535936
0.665947953665994
-0.668277607867975
-0.7774328007181
0.610986553408781
-0.637876438221537
-0.507878259407723
-0.233745768362159
0.716158432008852
-0.606061273897344
-0.858820796485714
-0.682677614378819
0.327262464068349
0.073852267692527
0.0572991220795879
-0.0182998489681248
-0.897134481935312
-0.749580024380242
0.693872218496893
0.0471404701024842
0.700776720020966
0.333271227589491
0.637646268215783
0.219895908674652
-0.461651145937146
-0.502749752092288
-0.785770300492137
0.367463421006067
0.687520798931265
0.184521793251545
-0.798092422292653
0.710663896746883
-0.881133170464179
-0.720187030456315
-0.415917077580194
0.518014900673998
0.687620495762415
