0.565296037820484
-0.201433570663801
-0.176768649099375
0.682547060028718
0.849041311614752
-0.478163433682148
-0.0205260298378238
0.708968752338702
0.824559642483752
-0.812202753041592
-0.544252702978981
-0.216406469243632
-0.0295474163006738
-0.0233953549219668
-0.626155400920129
-0.59129692635865
0.0929773294472379
-0.166300937344136
0.572964306650074
-0.917550190617609
-0.21119430884715
0.0856800225458019
-0.384550897772318
0.796234145294407
0.0963655024703832
-0.729554082681165
0.283395356916084
0.759973956405214
-0.393309026666496
-0.191083376258153
0.444070546913547
-0.329505366313056
0.61467742043825
-0.836163559232923
0.538534747055479
0.0480702104059394
-0.0131953384062966
-0.164381922943394
0.625806053895688
0.0811797487002913
0.847341281810866
0.394910060326998
0.466276455315256
-0.329751208591505
-0.0637727060700144
-0.0601685151363265
0.730335744365556
-0.213554686630199
0.948084741887006
-0.769621476695911
0.549011347428277
0.0179895652875281
0.355428095009403
0.777494702102917
0.907892676436427
0.753191897896437
-0.650303423596448
-0.212006000346838
-0.152737545281276
0.581372461450066
-0.258436140809408
0.233097403627817
-0.450590456329051
0.00911998529524814
-0.591754609809468
0.220325930629135
-0.811281089726951
-0.0195417557095346
0.794596834937879
-0.702094806991042
0.0327336331053112
-0.468828860033275
-0.0162024805598802
0.391447810241504
-0.247914114945215
-0.481017192364205
-0.451330917442288
0.733666465754658
-0.0770996104588866
-0.12665799787681
0.730571987624888
-0.310229912115991
0.349823780436423
0.337952467674343
-0.502895193225009
0.984365665379375
0.566318156413311
-0.601320202082662
0.75932219834824
0.203106032299288
0.390013971392517
-0.977012406369348
-0.593701754423708
0.843176949303415
0.770620866825771
0.120605745147173
-0.19571061915534
-0.10862130371214
-0.284219653459573
0.341508494558873
0.67146100906026
0.697384726092846
0.409704287192879
-0.214670031648886
0.00114630886711561
0.757329935712385
-0.595849596992773
-0.125915223410992
0.847924900079854
-0.249363563730211
-0.0682437280569305
-0.877705199024861
0.969482916946093
0.986395785248836
-0.299093276697336
-0.845226025448492
-0.341942519647426
-0.753334734332933
-1.01011257216131
0.56736465496475
-0.983933009906524
0.611502163140561
0.153693736754706
0.558315214754521
-0.00694505992247693
-0.0686493244739849
0.84907062829163
0.865407985617494
