0.347223980919928
0.529232246443439
0.135583032268135
-0.0256570028185751
-0.625108079096967
-0.0453063841641969
0.406897078155649
0.783629126789518
0.640982516952563
0.176511618801966
-0.0945676268347471
-0.624340714698356
0.425123989360304
-0.578936818132992
0.685699045324775
0.546804401366241
0.721970894195265
0.942567754202761
0.252633117463303
0.733738776526249
0.984628090787462
-0.826735350026996
0.798609508115188
0.203719729603783
-0.791891641229439
0.503180627108283
0.239477788210107
0.411619928892327
-0.941371674536901
0.96200600123331
-0.682315485244941
-0.625218080910077
-0.699708660617139
0.280146860854394
-0.184524856147322
0.513655298656954
-0.955124484984102
-0.932496077167597
-0.570953407519924
-0.373370132860679
0.357213523945164
-0.144869679591373
0.686510499117261
-0.83281967770891
0.497649965466986
-0.80419794042085
-0.148553917198441
-0.667323529597416
-0.0549083233125333
0.124452529404582
-0.383269613872833
0.262664874688178
0.169107345072491
0.194816194609254
0.834187124139243
0.932486165633569
-0.726513263280499
0.00336476386327932
-0.902818420271162
-0.569600563976423
-0.457784044594774
0.101714050119553
-0.437510775142084
-0.811846594989976
0.342578939468916
0.162191541915976
-0.116490161084355
-0.582321852612781
0.0304351457053225
0.453660394447668
0.699736893902121
0.914687329185026
0.385984652943606
-0.891374011093766
0.739929978703113
0.225468190210751
0.695792768662761
-0.553709257933658
-0.108851269932777
-0.80648609961232
0.681431421069829
-0.511670207190038
0.270851095207323
0.536354772864679
-0.858484753437272
0.35690943335633
0.608978975631228
0.464055808470806
-0.257639885239222
-0.0471002433665797
0.288546422402617
0.450884063793766
0.436734649515781
0.600365497143394
-0.188612420705185
0.00688109061412034
0.94488451665338
0.95379245411561
0.317574308569979
0.168569028286553
0.96186441225105
-0.0842085322511933
-0.868458642185125
-0.89039258590628
-0.93768902252483
-0.130258935084029
0.605339463022116
0.768838894915048
0.837045312224827
0.273202551121826
-0.966419640073172
0.243040496438834
0.217521348834157
0.503042755073031
0.959921925757
-0.98126660514959
-0.870260998422912
-0.0898528247925384
-0.204501670681392
-0.417079464887864
-0.424130739982798
-0.6133380069044
0.657879939914951
0.801468342744921
-0.309454730836799
-0.0460380818494126
-0.551898613698931
0.447054624098059
