-0.847502036386645
0.229135466686453
-0.49540281614986
-0.544277293675227
-0.858213520194996
0.512615872931986
-0.0230703719140728
0.813051494661524
-0.547284740631607
0.312739713168501
0.992843699623267
-0.0742723618562309
-0.904052056606186
0.401577485283081
0.194821381142622
0.340107311077239
0.85380392645117
0.104757685466026
-0.0084839605473736
-0.721197114725409
-0.374701095000136
0.873426064545347
-0.893716064504351
-0.955817736026911
0.00700267067753205
0.0887379338111036
-0.489330870208296
-0.297844387212655
0.934157029756391
-0.260749425572386
-0.698491544027398
0.974732062822003
0.831683530548167
-0.700936616340551
-0.402895333782037
0.179956881042174
0.121384926259316
-0.781565440696335
-0.368151485418609
0.333932955153133
0.0183572692486074
-0.52179955355057
-0.966543668954663
-0.0685900490821032
-0.711150502106265
-0.261631293566615
0.561860637796144
-0.590334550963211
-0.401706709315128
-0.779151342789717
0.376669071852476
0.852168843816693
0.838147093265953
-0.204464522970121
0.752767056550055
-0.768240276365823
0.532298713937255
0.235643772639472
-0.618106053319594
-0.796157424417956
0.307608110776475
0.484384886264032
-0.410933003950636
0.842491650895383
0.230048807366196
0.509446193664074
0.120367690517403
0.695674473723509
-0.734208880236543
-0.987246553733341
0.717075185118801
0.741591658007582
-0.388366562120075
-0.413161149302938
-0.23719838197528
-0.206381689372481
-0.825615791313262
-0.594374056149493
-0.7917778295229
0.359498813901325
0.339709024637237
0.652554592684472
-0.662352931991899
0.942975774473553
-0.0582500130889978
-0.646840110983989
-0.938839806320897
0.774006455368104
0.563583848725939
0.751932797039774
-0.0842916625574474
-0.489703424071363
-0.173068676296872
-0.415314768673086
-0.465806681628484
0.891954749299963
0.802501549035979
0.360633313962179
-0.903986714918014
0.420193388101943
-0.372697890525013
-0.190884329826115
-0.878258485301114
-0.770282052728345
0.832826536496282
-0.291553266572567
-0.508399408682782
0.420863556850111
0.365483256390122
0.693964174901953
-0.228097254966039
-0.813647467210106
-0.887708304141962
-0.298170462016852
-0.045142521187588
-0.176399839294828
-0.318721402943464
-0.901800533634969
-0.246851146334216
0.656554709206826
0.0727948664913762
0.708619957217375
-0.15436590939079
0.543341759159021
0.815543418701146
-0.674162137296283
-0.812834233152736
-0.53958604311202
