0.883656202728593
0.557820538689287
-0.820932850843462
0.86844108221725
-0.934781817147712
0.69742099910136
-0.578372484620055
0.506561458489993
-0.806448186227034
0.877065523709495
-0.734203761901155
-0.602588230108466
0.921943494625123
0.605612036866798
-0.602451934011724
0.0687668523949946
0.746249106059174
0.8124577506163
0.777067048379415
-0.705861064137652
0.244984657611372
-0.188619280682175
0.860221608580073
0.408793785894001
0.878807759153105
-0.456510022723864
0.269945793458273
-0.293949849500784
0.961499019069314
0.875288354683026
-0.513600980553086
0.818771261584623
-0.850933641749258
-0.347700341619842
-0.631674037464812
-0.0978594359536208
0.176325111023664
-0.822777423217241
-0.218704879388352
-0.60210555559453
0.94328482060856
-0.101071308425585
0.0266379761392428
-0.0631050843545062
0.664290012131301
-0.929502013721681
0.597718447850396
-0.338295614123399
-0.385522750242079
0.433614061759966
0.417559957989959
0.242885335500376
0.434204865524373
-0.313804415497941
-0.0404846538646452
-0.807257214365807
-0.415425745913534
0.911385603247528
-0.04916138864872
-0.108311589359108
-0.950911055912509
-0.566807630273575
-0.689038289735689
-0.487269513894379
-0.274428187976862
0.651097834780965
0.5485900516613
-0.496714748244185
-0.374902013923866
0.869136602848849
-0.494832781479243
0.180700640491543
-0.813668220973936
0.974878037607708
0.282490814514252
0.478922693398186
-0.822584795863684
0.14892819988517
-0.72781926838186
-0.30015365710075
-0.193124835365158
0.775630376841495
0.948343474583282
-0.931478041151546
-0.0815090360260118
0.428714894822407
-0.0912301590668567
-0.152541201628604
-0.732929902426391
0.359734981436175
0.131147371156
0.135091177969219
0.150983192922506
0.490884463085028
0.207042771210505
-0.388497417592353
