0.285655315547819
0.858570819910813
0.877626857471714
0.82623857647939
-0.903753582393358
0.871212792074303
0.960489276860873
0.498064775149514
0.280055421395109
0.457623982079767
0.314939320549529
0.526605001804908
0.389578335167211
0.496061947018504
-0.41803957129244
0.895886197393864
0.389929604733917
-0.775793476251804
0.035736838239672
0.0742990674723864
-0.999051182891169
0.776443858929757
-0.609475280063848
-0.746420614519189
0.86000855883161
0.990115385685504
-0.683812093368626
0.569798387420813
0.689102409660333
0.169889459993032
-0.0393778200018272
-0.392631567354815
0.0857089243900247
0.0376019691358824
0.623468267225075
-0.307328894188318
-0.731785657186562
-0.738067755436173
-0.429662700950879
0.891982265699056
0.585187410558718
-0.460332865504586
0.404996999284749
0.576804290588167
0.346515522098937
-0.296618165629862
0.509778740028631
0.0169667408235079
0.264728655078477
-0.369665324153472
0.766141387474729
0.893499680286775
-0.715076593513886
-0.299573321193416
-0.380445328954154
0.479131015494344
-0.117789847173131
0.0179670296580258
0.459309065257944
-0.0566311282240603
0.151892695405165
-0.884671436588681
-0.815299809022952
-0.648714196488201
0.602690413834819
-0.738848244640771
0.318527325867413
-0.533780859374691
0.189959403433838
-0.676380370776874
0.902261679443892
-0.165333869032983
-0.300672950423374
-0.665030961744869
-0.677665463070679
-0.292195087260051
0.544573341140183
-0.864369339268426
-0.51822161175422
0.981917778504667
0.904218239218094
0.904577011101151
-0.115998642281331
-0.351196316749595
-0.854046136863494
0.488740828939328
-0.946453915523851
-0.784534293698642
0.474696510386543
-0.791341169137992
-0.616125550340481
0.131342647273198
-0.498064888813564
0.76205494679659
-0.400660755378801
-0.575116790031016
0.258909453183023
-0.669373115438492
-0.60909415216561
-0.59325565182068
0.558282000392438
0.00790372994520637
0.232038846260253
0.0697346211690326
-0.0758121619782208
-0.812481772799268
0.307064118127354
-0.652481854026358
-0.197213631342328
-0.388482122917221
-0.0559512556719319
0.28620746248755
-0.963991389725589
0.890624297837043
0.141754870433865
-0.211099241403906
0.714609081427732
-0.450568821406992
0.422585069017217
0.211516824436249
0.285237676439288
0.910034727576558
0.149737471710706
0.40685485805306
0.38492372205102
0.664631623517399
-0.252014699546299
-0.277568551759215
