-0.0432302442976367
-0.0640536820322583
0.960561371175396
0.832068108651395
-0.335490246246482
-0.100567416479846
0.0657537403034874
0.363215583051615
-0.606977942038402
0.211716200079114
0.707429496051847
0.954059097659706
0.326645501081223
-0.447631104963356
-0.0673777350589813
0.927089295758894
0.414887342661347
0.783002874457043
0.494669804034331
0.0576131010793233
0.458928719093514
-0.936191684236324
0.293859911453133
0.741896415427552
0.664182927195794
0.775654887305325
0.0277895525036987
-0.0323321671628524
-0.868062100229289
-0.759166225632714
-0.399002195369862
-0.912848070699788
-0.738473438914806
-0.224371094533758
-0.454268109786024
0.437974918470259
0.467339965669139
0.863373925070758
-0.694003509157345
0.372023802055942
0.746072751647023
0.638113119659403
-0.0522109723756065
-0.490506210913671
-0.791670525411762
-0.703932529716903
-0.454766357942454
-0.556047431945648
0.729139841777927
0.0605898526578914
-0.490409652081822
-0.981730397363747
-0.933743735292427
-0.29412001554534
0.735194188642801
0.42500372859086
0.861829637777321
-0.403695512120499
0.00954133498181106
-0.256629870800053
0.326668779812716
-0.422981294747352
0.561257260477317
-0.275565961578809
0.61261328662348
0.957718343882906
0.695103689735848
-0.887342204827787
0.301339731831826
0.29827225971362
0.2040513429105
-0.828085822805289
0.882379223155821
0.699511730263681
-0.181664723190904
0.713051893611272
0.234196718176755
-0.333101516510447
0.267234487889667
0.0635477495453864
0.895924652118503
0.617436164158667
0.733915336781481
-0.66981257154501
-0.475389263777019
0.0754208815801457
0.547086611865997
-0.130497170771714
-0.056318446112639
0.378005172580623
0.532234581978875
0.895582385559195
-0.943213234168002
0.597528526917285
-0.885649193592042
0.979268957543541
