0.403943790936632
-0.556937214238336
-0.552697636705476
0.139743779724564
0.460887721801369
-0.743077923993812
0.759796433912134
-0.00661393903470687
0.688569654196465
-0.641018361451663
0.08324712272954
0.219167780540234
0.752041216697145
-0.247903672236462
0.124029703778993
0.790130610357745
-0.59391137119079
0.12788100102026
0.983136852842818
0.986230907731508
-0.0677447524188864
-0.0674243177832225
0.338618014474392
0.370846118253237
0.0220978649035494
0.62042925072467
-0.691901855422595
-0.733202258467293
0.615990307859639
0.391456346487769
0.589562762292791
-0.122109802314031
0.925652423586679
0.861478488898947
0.255756022827466
-0.703224451951459
0.0629020169106453
-0.830612553337073
2.67047927991932e-05
-0.367756875189204
-0.435860380888879
0.960949416517433
-0.260055681841925
-0.815845444462054
0.484021090281665
0.0669722124702815
0.693783277865342
0.0245269585890908
0.68413130782451
-0.40472095390888
0.430337441047006
-0.127562014803282
0.491239725319521
-0.62701762446919
0.213597587767841
-0.804182225155973
0.26835750458919
0.800540278344247
0.543184612075435
0.803417777827192
-0.780474387676559
0.875679271294165
-0.00884986580277402
-0.15618000061096
-0.185337719504034
0.101789307439483
0.0137014822765495
-0.394855488567002
0.222538357738091
-0.365159949015367
0.649286333561794
-0.174391728122825
0.514502231695709
0.207989548786618
-0.382344052629115
-0.102364485284568
0.663387590292143
-0.590912617832455
0.550602281361739
0.456546132004891
-0.54096169264437
-0.479777322670053
-0.617167019134545
0.482379432345398
-0.754232353574329
0.812705113713106
0.367113119133014
0.77549988873537
0.930931914869012
0.293620937718876
-0.268621353297095
0.919763916772029
0.261282496979353
0.953216586565013
0.70491788868477
0.357836548044809
-0.0087192962863427
0.492232583444522
0.0593036307674781
-0.289252123050927
0.565501031652712
-0.404500479541654
0.253058063019714
0.469501570725549
0.915657775281765
-0.44704206796162
-0.759776046663401
0.135232630805858
0.165704254483484
-0.258865137346036
-0.941196124616684
0.33804903628845
0.141439967728396
0.451646128524814
-0.236034935947348
-0.994112160774944
0.107118937341549
-0.455128095340269
-0.675823126776875
-0.487479914338056
0.25887822409863
-0.974869479545557
0.76302792617361
-0.790813653441804
-0.408382234707988
-0.538282165283353
0.717646229640565
-0.470996960927832
