0.562924205420064
-0.212857222585852
-0.473106241210543
0.416953936598727
-0.367670481398238
-0.558684885717899
-0.574572534596124
0.418764772964054
-0.766027826404003
0.643105303834125
0.54821659089712
-0.738992669847986
-0.859944786577745
-0.847609774524361
-0.0875089242470303
0.88478614118145
-0.0113366449155162
-0.487727509570167
0.437518169418419
-0.640647618640876
-0.833970385411
0.643767330776306
-0.189442739134829
-0.65648179423955
-0.695350559984755
-0.308754855175165
0.453077733529963
0.0426741043293908
0.430467682788601
-0.647003237270557
0.925074875022586
-0.683262882818605
0.900205953170461
0.0802693359013313
0.0332841281400466
0.917877920810587
-0.636118809941093
0.641144669984386
-0.00692173870785768
-0.431476216135626
-0.866452511989989
-0.0612633078707764
-0.400819254632129
-0.613871149264075
0.427828612644201
-0.609496666261118
0.867972275880962
-0.250502110730316
0.164382576926988
0.136014713147006
0.941854213146465
-0.306212825751793
0.923859246456113
-0.554507051996977
-0.877779855849491
0.92959690908178
-0.442539761292557
-0.521892552010048
0.528826956754979
0.934371911445595
-0.0110038982046858
-0.0921134039199414
0.216430889940967
0.79477762335821
0.000265608592255093
-0.286847288705786
0.531711723587598
-0.45972769717136
-0.00716483791802442
-0.0977998118656216
0.313239178434651
0.606570379478552
0.764561243631981
-0.595755336585025
-0.170589334238376
-0.16175578696537
0.0246496681657914
-0.0753411918505289
0.758411093057736
-0.0137007649609807
1.06848674825896
0.257371063600733
-0.390006431746582
0.174699756832861
-0.901287135933541
0.966051636816019
0.77442356259028
0.0325731591690532
-0.0315908541385668
0.864520434984342
-0.0604834217109933
-0.399305821961937
-0.535045550936381
0.728327193116581
0.281097756027706
-0.729405901504221
