-0.229482674783745
0.77743678476534
0.670129307197397
0.890168910479305
0.692905868460548
-0.101402966416675
-0.706305364373983
0.940990436849667
-0.517747087513937
-0.0229807535577306
0.244491398547092
0.582837841332616
-0.96939842562115
-0.808763773694985
-0.0401555935071439
0.506936442036058
0.304846204759794
0.29602238051124
-0.0815943197688687
0.655455505153546
0.326014586456076
-0.805722401259681
0.610005001404084
-0.907939720112073
-1.01456631781029
-0.917332035591313
-0.662555514655223
0.521490841780736
-0.906486346611871
0.960933621590471
-0.502655272766688
-0.937080335927245
-0.0815076086274951
-0.55831420183017
-0.300551889541736
-0.133820504368198
0.516762940421933
-0.602113983249829
-0.242226705120181
0.0634496871716776
0.260185701512091
-0.840114811867035
0.596364763033372
0.100587730469176
0.413379122922925
0.751757906095228
-0.300417069421307
-0.396702025282565
0.339971820045372
0.809578688412688
0.447445837767063
-0.144954690649894
-0.0345597217001868
-0.277204150896475
-0.698393237855435
-0.460864849542585
-0.193343290355803
-0.2091260837792
0.0577201479212256
0.453226369059827
0.0751922894876273
0.264717655343053
-0.555675942119912
0.30950619142803
0.962119370326972
0.205624046837638
1.01090716539331
-0.0992583434598324
0.795822102047224
0.518338686676448
-0.431947385983454
-0.468145267143058
-0.469703462481776
0.599342840901614
0.277490879908902
-0.144954705576938
0.843840689719358
0.320433048487283
0.0307706109004778
0.301851033779201
-0.453210695081608
-0.627702426238337
0.803437656567446
-0.175284245294916
0.392016285589346
-0.853980431456268
0.528088639905527
0.462386378710411
0.503252418573393
-0.97968177062694
-0.873223575404942
-0.48061257314604
-0.0532823148676841
0.54195597542887
-0.710333176636712
-0.263350757696491
-0.579331083030065
-0.765634931495055
-0.960900033547969
0.298827443282201
0.0687054378859046
-0.634500895024364
0.693938043881029
0.226102100180486
-0.722440129963068
-0.375489532636911
-0.520790004087387
0.88407314412373
-0.184551610961603
0.59814966078651
0.957697651074783
0.865414489017755
0.183452504013598
0.929189660726027
-0.617734292984994
-0.394621722462683
0.629277942509572
-0.312028635570338
-0.602296312550785
0.272716011240401
-0.449054372740288
-0.658543539680935
0.202001302180405
-0.0691093046156398
-0.1165245834176
-0.876741867678678
-0.609575206108689
0.841490941492024
