-0.912468642565417
0.162236301663069
-0.142249071577071
0.0415884551200002
0.199976268300799
0.00502415674988908
-0.579633064110066
-0.249382438404512
-0.115500092715259
-0.0178641482421246
-0.4557387235937
-0.545856240329218
0.280983645251669
-0.347220464143951
-0.0768985964803478
0.121213641593715
-0.210580189440803
0.442737706635909
0.0612760740639832
-0.656409285965219
-0.497439113209764
-0.396461467541192
0.243081178145458
0.363228704207281
-0.218853800359155
-0.0363655498865904
-0.0279450240720178
-0.591455736681643
0.548862152866274
-0.0703086549122342
-0.240118249451086
-0.0635592449785872
