0.652589869310647
-0.0722240667628371
0.963993495464814
0.585400124904705
0.693468201566424
0.915472180274459
-0.625472492053248
-0.616102188907905
-0.663482445609792
0.761345938722949
0.731420604972654
-0.938641727330139
-0.354561090794761
-0.844771638727675
-0.99735726131522
-0.510751097226617
0.439643028599628
0.291436645659433
-0.774727289517718
-0.268980844675446
-0.891794481976564
0.526529690344985
-0.677253200027458
0.538072528035543
0.682435145915978
0.715829161148309
-0.832708372955631
0.893613066914023
0.373441345549707
0.0174787179130897
0.250994566485008
-0.907591565542154
0.0945019810081656
-0.180108946235125
0.892673675015949
0.938601045872349
0.451824421187251
-0.00787785195529284
0.547162342273085
0.254949730700809
-0.202191933728084
-0.920672215209923
0.278622367609672
0.0320541329514797
-0.104491379615396
-0.669909936900839
0.713187259844505
0.60675296990236
0.836498123838403
0.869170316338017
-0.708865340738011
0.896786356348493
-0.394354659798627
0.524359693248319
0.246364256256211
-0.447807921216655
-0.0395321155768055
0.373601560333788
0.802070151054022
-0.374599918026761
-0.0411725669412251
0.0131647245926404
-0.499374852035158
0.104060461356841
0.883290573888219
0.427308890958414
0.623929625887645
-0.284521334896187
-0.0294284400231123
-0.7373064326867
-0.273334510435167
-0.926964123391852
0.636439388009759
-0.1234543251233
0.56228244570203
0.851541339850295
-0.386390432217019
0.621320062684253
-0.956747234186167
0.901748422361527
-0.405542117908289
0.63122086898701
0.716239327725574
-0.0422927997682484
-0.215123399157293
0.542744983897565
-0.801664578050501
-0.696212283423176
-0.272910318172325
-0.882835410186574
-0.668947300686098
-0.651113601167271
-0.853089071487734
-0.133406667170351
0.267879710799367
0.361175061931134
