-0.278927735361697
0.248162040681925
-0.939563185137116
0.192617743026251
0.0190355406592143
-0.00904253093189166
0.583717796095965
-0.977409573654819
0.371471401733241
-0.732809503029744
-0.350329138698512
0.389656675189097
-0.63533969676586
-0.652452436683675
-0.860562764328963
0.38204428823065
-0.69762761270292
0.0106204744477099
-0.00216139751024053
-0.307544318533325
-0.70539168353606
0.151973121992967
0.459433731853947
-0.0616980253691422
-0.808961443224167
-0.907518847555579
0.0243697985748627
-0.376127954844167
0.0248196928985835
-0.680296607743704
0.365907572286742
-0.928177132740985
0.481884798064726
-0.317884468376106
-0.54450825233672
0.828060381500041
-0.136364579808583
-0.972263363645416
-0.250988257498736
-0.897778663817722
-0.958495293375132
0.940436473578323
-0.729123344407123
0.566855737389155
0.344234521524238
-0.61240691522862
-0.860406826015018
-0.625990952664409
0.232281085090184
-0.988632892128343
0.440213956004584
0.806531808126633
-0.131094134535652
-0.68706227169505
0.399314913964424
0.487846674372233
-0.656203395018509
0.921289608797454
0.333778719519201
-0.30083684735514
0.0793881704200465
0.448646338489926
0.0881066357564789
0.408887648443639
-0.282282656648791
0.774802359467526
-0.5397902538256
0.516209895258388
-0.876749149825745
-0.78764535638903
-0.613656507502342
-0.84221837056203
-0.0552249490386365
-0.9185601506234
-0.210332328099866
-0.893753077411838
0.621831617788223
-0.985725845853169
0.343054623141633
-0.245539770096529
0.475513456545021
-0.905438281954363
-0.0633331888910775
0.622837275416121
-0.421481680561852
-0.875688477075123
0.298432122818946
0.0135624376702756
-0.0133648683773675
0.0916496439698608
-0.3630491563958
0.276396259808618
-0.979379924399445
-0.684540992758746
0.256970167936333
-0.940717389648054
0.755768039587592
-0.00880701179769275
-0.317294419409024
0.372107022640401
0.627110641428479
-0.0222191030901904
-0.360386107849885
0.270422183904564
-0.420854419617809
0.0359490352830512
-0.000774429474679156
0.137065047142369
-0.873725198997367
-0.396303288853486
-0.37846833879548
0.600005677928423
-0.742128159034955
-0.56317430999631
0.332504643652417
0.721742125287152
-1.01208741931318
-0.270102579956487
0.338403334635228
0.336226728688673
-0.714602113658148
0.328885296342911
0.648891377421466
0.484336638549389
0.421470053945464
0.878302785210941
0.0438792343686443
-0.379974900641903
