0.363484469112007
0.709426820041863
0.431762779443181
0.0533475215967938
0.896389557924636
-0.918459083418574
0.16370286235194
0.72783751683822
0.431580598554102
-0.719635059877455
-0.884611426603796
-0.572632258128761
0.726575525421978
0.340895977566135
0.22990243763986
-0.719853355221556
0.163586400333669
0.709533472602785
-0.316661231368411
-0.517614184399888
0.571614814914393
-0.89182373530788
-0.933430339171774
-0.648351224830777
-0.0223685043031784
-0.731687860497849
0.822446057396842
0.563967666807892
-0.495126027521464
-0.763702229956475
0.168164539663562
0.433496099601
-0.138022972981804
-0.0546432289247116
-0.183715042594988
0.482185336488154
-0.921030658687496
-0.114272521105765
0.977978548923287
-0.407987197903203
0.0224186271780779
0.5949068082864
-0.166921825411122
-0.603425900782302
-0.427485347965576
-0.272084273583041
0.273232392034797
0.123272612844131
-0.862040379891602
0.450208265907517
-0.337925203177072
0.392140225063161
-0.769882706411922
0.532209294227224
0.292762535126201
-0.881171698343893
-0.407045723408031
-0.17546566074126
0.16597393717186
-0.121203255587114
0.00792589810915321
-0.105375836766368
0.859455305216541
-0.193416383683666
0.773704965801981
-0.523957495719959
0.144915353850256
0.538125975339205
-0.818985194080935
0.103733595379735
0.0793172163313682
0.388556098653883
-0.914729043712347
0.267443658635132
0.429747978267429
-0.105486337541845
0.941651349272648
0.011960318752211
0.0562276120666651
-0.884091918596497
0.141422440783666
0.892479504651549
0.898552076579872
0.738446599018471
0.458329888295109
0.546820652940576
0.696894969300794
0.308293288483585
-0.907156581793988
-0.278317069278483
0.642691659487031
0.994194166502031
0.649310283034829
0.916191517495785
-0.424343928225734
0.140844663551991
-0.148713113217268
0.0285506538411892
-0.964014368405947
-0.202859466949984
0.484586653691978
0.427400847147389
-0.451547286512958
0.235945815581045
0.353251005248781
0.925168325662201
0.12676027141148
0.0921280523814976
0.195800655011561
0.629090123798588
-0.724637620101505
-0.749514261369703
0.32813043868739
0.841589091710662
-0.570835174394768
0.403073416041104
-0.0158922322599713
-0.0830263209570865
0.84751272517634
0.258929919033962
0.481849461270078
-0.136659389310413
-0.159780545788712
0.115361651641407
0.628951247638309
-0.465414612945984
-0.981195449820786
-0.155455073556994
