-0.918443869455428
-0.637728484464291
-0.796145244419954
0.247059288339407
-0.445557077184599
-0.192744468540585
0.193387773501304
0.195883797707752
-0.742823042403495
-0.0702238835969986
-0.0739338407981712
-0.902745248485347
-0.0688615991255397
-0.103717402955997
0.695018979796822
-0.185435469374351
0.643820949112932
0.358438770707152
-0.181632286769678
-0.0636873801748796
0.278404296246229
-0.323190255093619
0.720050109845382
-0.575457682002737
-0.102520679330098
0.156135890092284
0.561271906392022
-0.121445078233217
-0.0531588485307988
0.887658508269119
0.804205654441163
-0.923600322285549
-0.04239969379616
0.153844360527652
-0.528260947731512
0.721793904746565
0.621796453445955
0.0999438746694807
0.715005374409673
-0.941293400525435
0.600790683000598
0.155051353140513
-0.178276773281684
-0.143519388958775
0.305988785502714
0.103619559979933
0.371125700104797
0.0542272294838957
-0.229790666107863
0.348348333170728
0.208785876183895
0.905323987462419
-0.352554434995821
-0.175258590656127
0.0186558470376686
-0.521850355481638
-0.345511622457095
-0.796598750626467
0.750683658693379
-0.374034750433695
-0.0511872037765977
0.116443768398899
-0.840486499654592
-0.606735715370412
0.947563129956785
-0.855554763299171
0.467939695592002
0.507262545424726
-0.354077837691203
-0.430736395876823
0.633218976996085
-0.828365062556074
0.468190032827005
0.344166470888852
-0.311867229123447
0.370720653522904
0.158010690259484
-0.585499979105264
-0.0435675955834201
0.491061251602236
-0.511087878156078
-0.292515543870944
-0.419867710577665
-0.656173868932015
0.734470664612968
-0.682176591392388
-0.482577217859398
0.36672568568032
0.788633339442826
-0.485645551725344
-0.768909040684087
-0.32845959487308
-0.620921241513673
0.315505816792266
-0.422757131442135
0.383420144917601
