-0.0975560232503905
0.27753125955442
-0.199565820625561
-0.608860946031594
0.0488091928414814
-0.474653946531334
0.488455769116347
-0.79105652805864
0.3337723999494
-0.200230521830257
-0.961542273078939
0.594453887870832
0.530129699504462
-0.779478791627687
-0.016635804993658
-0.570013949850847
-0.976468919295188
0.046445173750258
0.34021681937875
0.184998543910538
0.244125421911452
0.709862413708271
0.790143425427836
0.701628254642977
-0.364964808127194
0.323989750628093
0.942977339653549
0.0156191500886756
0.00249514140445696
-0.650358654831363
0.539382769037921
0.904852508971779
-0.456410059234035
-0.440260462397441
-0.598054225995733
0.932471584736902
-0.378159166807452
-0.338381563708798
0.770764564135873
0.828275844046523
-0.393023719152614
-0.692860687901565
0.324738765005494
-0.892664953558469
-0.214588437731462
-0.431433143927034
-0.175337846852698
0.676696414022452
0.676196190603942
0.670592390615973
0.773448656357433
0.305466043605855
0.010138635555071
0.646793588231475
-0.0607985053384212
-0.135835019085109
0.320674561780961
-0.0437104707055821
-0.695216236080761
-0.185871187913428
-0.00712393932400602
0.0856073696136037
0.589839587509528
0.207397891206077
0.747235842960188
0.562368197642709
-0.421944030363593
-0.727257791097416
0.0656063057436252
0.595168530919867
-0.28188760102813
0.0737284076743457
-0.706217787537862
0.598002453996522
0.833258771951525
-0.461679985568485
-0.102917073918969
-0.426306211764566
0.442273051932293
-0.237778011434516
0.282380114781704
-0.175981494005727
0.234633400289242
0.652961814127777
-0.728896410294317
0.684800330789414
-0.708439531146426
-0.307303152563414
-0.0666038600741022
0.687498838119895
0.758950002005437
-0.736953644458568
-0.597888715284434
0.253405434853661
-0.582245067031383
-0.66240645294748
0.330013634766098
0.511563541237788
0.152601886708904
0.0635630695207969
0.590874319642584
0.728520212126097
-0.519191591481133
-0.343970169891983
-0.208418941805582
-0.634822327185077
0.316807763332717
-0.0407005615270435
0.424468696006891
-0.682731030025783
-0.297063825465507
0.709169093717246
-0.19079165803107
0.59503757188978
-0.349616225701522
0.5973737822938
-0.151197544335753
0.277331477160316
-0.280079303929026
-0.749131156259989
-0.880346509616323
0.713188112492618
0.962776472715879
0.122231123120374
-0.472117976788959
0.672139547919253
-0.906779539976149
-0.431881406967985
