0.710060926838712
0.891169216242263
-0.531521239304541
-0.671218391319957
-0.408574430099493
0.119604866907082
-0.299926645050935
0.785542146026137
0.787405617333614
0.254859296736217
0.0131837085411815
-0.0752427247961809
-0.324129087891363
-0.475990295889256
0.000811697310593261
-0.441248683137235
-0.245445597569865
0.768774234294359
-0.319015254724368
-0.285101212227698
0.541500327807403
-0.367083308026531
0.243655514634697
0.0287551370873443
-0.27099179905909
-0.931320663484812
0.406603404436457
0.375800757895691
0.0721497967040488
0.479970245448835
-0.102959931751154
-0.0193107485297723
-0.656077456679522
0.469179539337894
-0.465121548039454
-0.242307980910809
0.075402414978835
0.185945926128095
-0.840680123015078
-0.382892945709487
0.253193372651098
-0.671187591949412
-0.983521065900843
-0.158380332300708
-0.682207995792082
-0.413536424385829
0.378373526813446
0.767790179231989
0.521122141805149
0.260034874307056
1.03613086166457
-0.928506426597195
0.325355853186687
0.641368794982584
-0.917376407236198
-0.199333376431006
-0.475973695864754
0.509059941223681
0.783809343795499
-0.105285170955708
-0.818384287149374
-1.0116622234256
0.183770723467818
-0.427628540629545
