-0.674058711678766
0.245215878206741
0.306617612864646
0.199310408596131
-0.184650589083318
0.500068712405105
-0.764107769313034
0.81334349786941
-0.792638900817882
-0.00483628701456548
-0.59436168723949
-0.274204449942923
0.564533031530876
0.989054626111028
-0.797485391674214
-0.877139730239027
-0.702259800626032
0.0602413249042775
0.567972133540603
0.269904293367576
0.646763887169517
-0.584404904762914
-0.679971635041647
-0.436635318054923
0.850072255065551
-0.7290224142346
0.371790922415168
0.635928392361667
0.83575741561612
0.0140889781318225
-0.405740861553672
0.0400696626602105
0.929150844729932
0.553954138334589
-0.760886061115364
0.660617972371798
0.932528712246576
0.655631522012318
0.94781703527398
0.304131043409205
-0.0617094322002932
-0.289894012908391
-0.827173846202554
0.951888158874103
-0.0183547291434656
0.363159865155273
-0.507628165176243
0.229080411139932
0.726577206432672
0.626904810630146
-0.850307986487155
0.499988363234928
-0.172514352493709
-0.993434309055405
0.556195140061986
0.936287166050613
-0.575862459807126
-0.577050274269107
-0.792202711276868
0.122457621083471
0.306128181031492
-0.748958010201216
-0.432159166221406
-0.572225431596641
-0.983334873672601
0.478330854435361
0.999136929741735
0.337610901888203
0.0251212783398867
-0.871953902993022
-0.135543283098332
-0.806686177639069
-0.0829035674787586
0.161552287736652
0.106398389933302
0.833082017205403
0.357392838177276
-0.656159857196594
-0.462461549568637
-0.303882389093545
-0.181244069309653
0.556144884736742
0.883770921685386
0.366451178749353
0.735923717979902
0.733819340190591
-0.825408153148335
0.426403806593199
0.863212605546431
-0.413136274297326
-0.249117697373489
-0.581328275882108
-0.632237400569675
0.831845619131731
0.865442304616161
0.0138893990863379
-0.66809435117751
0.0882245666650371
-0.599087502789213
0.108287965647752
0.346573136610315
-0.346927916227505
-0.456770972112338
0.51977414058646
0.569558174140773
-0.392295004798792
0.290308993825576
0.746394981748484
0.539953235225922
0.861322706695614
-0.939497098864969
0.00109123918302065
0.15384459482512
0.398851837134941
0.223300698045694
0.897743150230194
-0.487070913986552
0.360224172481827
-0.370454047758442
0.45882652211079
-0.559589351005208
0.10526837162954
-0.569824516715797
0.724694699550427
0.777249281227208
0.343178952750248
0.597622056905217
-0.70424912530052
