-0.222913271293528
0.399651999698714
-0.041325678508613
0.329034066134156
-0.751726711339979
0.5471452403197
-0.861492518980014
0.930805610992088
0.600776562089758
-0.472274289200695
0.59319817937928
-0.46225081983623
0.185642211726355
-0.425812726435924
0.621248316923463
-0.517523690152179
-0.454249422568403
0.856910952343417
0.533933466703044
0.342742905819338
-0.257919633992541
-0.780011025254385
-0.389309763604211
0.806469722664182
0.893940253095037
0.564445352855832
0.950699141554037
-0.0388045641890126
-0.186212531152832
0.304479943226712
0.0808153131043646
-0.202801222156171
-0.967149539651173
-0.658342297487756
-0.778299920438155
-0.466852246572591
0.187220209050227
-0.537658315764986
-0.39703114056853
-0.645139767384788
-0.770611430938904
-0.438544120851133
0.907635434923191
-0.0681426114729738
0.776223453303239
-0.73663311619615
-0.176823762027404
-0.132881882393637
0.299366103391673
0.955878674134409
0.95435428403571
-0.297313560937593
-0.349842984541518
0.26564394845903
0.423907952695145
-0.0192400490066919
-0.243990692247104
-0.870449602241915
0.42175931877648
-0.724267538813622
-0.824052222443096
-0.100003547750812
0.644283663451507
0.0488275331295258
-0.674137852975782
-0.448876771147325
-0.0675575185086864
0.378964313977119
0.657602032506738
-0.943348201693981
0.0875054330056837
0.794015032608209
0.846506090424702
-0.151915334316654
-0.532675763336408
-0.743684223082792
0.0198861278899426
-0.177447655025528
0.162413651191524
0.975426269773122
0.567986209240312
0.874128326106547
0.259226398687849
0.0141103769261903
0.141510452320671
0.583449766342367
0.941926792971806
0.0463305615048713
-0.188897396944667
-0.0324975599132649
0.305398774285723
-0.355452838329816
-0.345246084425244
0.372755271821159
0.706469018655694
-0.0608833067274031
-0.118382960614667
-0.642133350536424
0.958396289162817
-0.217136439274678
-0.508179448157074
0.599052520950109
0.369808165103419
0.528628228279704
0.513203901761698
-0.725056664576097
-0.866131129397716
0.953246478816483
-0.808658524376334
-0.277870430379942
0.845025533720953
0.669528969692757
0.0147397016762113
-0.452029512274666
-0.964608338191834
-0.436511600403181
0.552144937704353
0.588439889346456
0.762531929589727
-0.846399054305954
-0.185142088505891
-1.00977326424004
-0.969092772735487
-0.47722919535909
-0.0459361855636639
0.18381974427161
0.0267553484423023
-0.687015002872077
