0.310347027955789
-0.377307666701233
0.474638434846248
-0.130440620679104
-0.933070966688042
-0.26658849310709
-0.152899734420934
-0.895287935110597
-0.551406837413193
-0.161962309992887
-0.198485929285459
0.143743838029256
-0.817657718084195
0.228189588745514
-0.125129651461511
0.76444423982466
-0.738949822607632
-0.903962730043007
0.852180998591955
0.627940197234915
0.195462861577738
0.0357953984873969
-0.546883824184841
-0.263262813861351
0.477163608145146
0.396595392980032
0.801176373432058
-0.0783059156734047
0.220779125682374
-0.594332584435903
-0.101019703882058
-0.66038776208586
-0.0325497017225702
-0.987616975465304
0.389130115949955
0.688377612952826
-0.981933088341873
0.0701638311063415
0.0443218750468149
0.927448711881473
-0.145204488877484
-0.923985732390596
0.33078513722925
0.639679145550007
-0.744126763581419
-0.228763481227853
-0.643731559615842
0.952985235455851
0.473362415559781
-0.826877396510122
-0.379386274024757
0.439250386736806
0.214843788547335
0.710724427034303
-0.216587712446288
0.632066394587956
0.926637723925685
0.0422630830866213
0.618950651434109
0.119615282122088
0.38696204502051
-0.317458071288688
-0.904823055554094
0.147525768121916
0.497313866378496
-0.45806625290859
-0.465727652308418
-0.901839533003101
-0.894587106757819
-0.145047030848783
0.0307794097002143
-0.25014244116867
-0.513806496516972
0.873016733067973
-0.965820134716882
0.116186636718601
0.254119093993114
0.906367318847991
-0.885301330872803
0.141592017258881
-0.724905962134989
0.559347195818724
-0.102461929289705
-0.957354855280407
-0.57525466037867
0.560092134169309
-0.455814930029407
-0.399316923758999
0.238999922933542
-0.160788868890048
0.392151300777534
0.319774896768153
0.197440849362819
0.510875491932455
-0.324213219255196
0.0791238139593892
-0.540957667003668
-0.67868050733929
-0.905105552536665
-0.564715668995904
0.952034534123281
-0.904528158213346
-0.228400731779036
0.0289978490136887
-0.153372989790603
-0.116945252210392
0.691526211821033
-0.212419798473393
-0.124503521929786
-0.598111344754042
-0.275690897808695
-0.0568113654928238
0.115222723923879
-0.94403743090771
0.977941948891801
0.612618696120123
-1.01469574249922
0.85190193207978
-0.0808362437658686
-0.552430248040371
0.591035908529973
-0.964455391721296
-0.959291110492893
0.295769351546095
-0.774441839260684
0.890690228201266
-0.573405114647356
0.420870262669348
