0.557356234425763
-0.662488911347743
-0.66778374561614
-0.863596999539427
0.684308404251538
-0.153236310340553
-0.973768046388154
-0.978508977594334
0.061997129039768
0.108835238705582
-0.315850489431163
-0.728954997012092
-0.387863865152682
0.00996915044886434
-0.934069907403544
-0.867292770187412
0.532901349363968
-0.900402282952325
0.019445880125266
0.406435257228202
-0.764773526073415
0.32795150461479
0.744830308445569
0.0820959050555761
0.0427318107629053
-0.87598231422191
0.125299539606796
-0.305182451615254
-0.268323068421571
-0.0561953292628444
-0.0268384668622877
-0.395211374244065
-0.814373786433146
0.881090665572093
-0.692375718866103
0.929448392914515
0.385645423403518
-0.758710183400247
-0.131881902233543
0.459347114174792
-0.725472419110143
0.421005567050963
-0.555371025763981
-0.416528385070222
0.964821361432072
0.198203612732556
-0.689140590275241
0.0422720599695384
0.687065881994675
-0.290556662316369
0.139617559598301
-0.178456819580596
0.739821120394829
-0.391593608314233
0.0640742586601026
-0.342754596199219
-0.319471127965186
-0.779115964385307
0.118145969470705
0.996747657964009
-0.493050558835455
-0.840128454242983
0.255867227304122
-0.997654134392517
0.66673806985155
-0.286643232386926
0.557649790813427
-0.589017646155342
-0.511332757320598
-0.744674498561983
-0.00323004174332511
-0.388591881352387
-0.387983935200987
0.64075229199534
-0.371147966959318
-0.440250295586375
0.605290957133323
-0.579681947586523
-0.79192901716964
-0.332135772548898
-0.0668485022241116
-0.289237196529135
-0.566614345911577
-0.909122988005023
0.507985120289617
-0.841328616065482
0.92028088693691
0.887674416139399
0.746840478840373
0.236239465070435
0.0229801826531527
-0.723912158935569
-0.957790088390455
0.40570149424267
0.28380388840021
0.151852381122135
-0.661949260515998
-0.952716361746976
-0.0144044756599837
0.042069849555823
0.188262416941197
0.384564795840924
0.41987468510842
0.287614920187488
0.774609620508257
-0.135722825366321
-0.263946035921717
-0.315623997671096
-0.759356740837286
-0.697468232485502
-0.775419998257636
0.706972051563765
0.0261728957491072
-0.887000846888224
-0.0302427343534405
0.69210063776788
0.801469315178257
0.667523303920296
-0.701906082288778
0.532521251889064
0.084847126570434
-0.799842097084908
0.759374088173586
-0.503935370392426
-0.504923355237763
-0.626034236869001
-0.939884332341625
-0.559778817960387
