-0.903538049380077
-0.745293635724219
0.485094899801326
-0.226802598469903
-0.0651009644241999
-0.581312141188386
0.749335642613778
0.356574436338739
0.883989516856385
0.3185389900637
-0.828550917779074
0.153172738212401
-0.980949166679147
0.97642132453491
-0.110811481679671
-0.882984811055994
0.774244068037922
0.947197966010996
-0.455462226052942
0.839051348680348
0.732918959056688
0.436839318993658
0.27526531341271
0.173910937432729
0.453979961209785
-0.674379692450399
-0.754365113282467
0.391749835244782
0.971073301192908
0.491840908806829
0.596204918594577
-0.438458752006245
-0.226895484119524
-0.551291777128534
0.103617869664059
-0.925366578257641
-0.404906031461347
0.945183234128697
-0.506550537002084
0.808894892859965
-0.796721720340554
0.751629496703704
-0.264333521179729
0.711110694882118
-0.537204994846818
0.294868971829302
-0.871321734619947
0.916227578654166
-0.10371321029886
0.74551130215951
0.0841152268253945
-0.0354595861237587
0.608579498776281
-0.200036621590544
-0.0581325621260174
0.505564569825224
0.499007085355918
-0.578799052601056
-0.77631968390725
-0.747051245747824
-0.584796035855339
-0.592255039136077
0.355998838643737
-0.302030142612154
-0.166072411762314
0.560816897806014
0.0994875890918127
-0.0657200136262784
-0.566860528127977
-0.348735238038886
-0.954282433206791
-0.797904759458551
0.418148878133893
-0.424505968315024
-0.572604272575204
0.0741545523042704
-0.859957679006125
0.281111818855302
0.578964499822249
-0.913668267337977
-0.919093174983758
-0.45918731583474
-0.932920707039564
-0.162763673949102
-0.966175791189059
-0.748194887594503
-0.315603177991573
0.741710715386624
0.245369759421131
0.394743327336519
-0.155628345059996
-0.945460339422984
0.587002992999454
-0.663647792469717
0.274153379040057
0.95889962864629
0.121620494789653
0.731251426443358
-0.409102765707642
-0.219039909148916
0.693925479258933
-0.0105132293646085
-0.674072325115109
0.144520901130736
0.449262158407434
-0.0504895406873704
0.25942400325537
0.944662505038834
0.158599855244116
0.402179355678248
-0.241993065235194
-0.732309404031334
-0.376546429847412
-0.44618449893978
0.790937021792563
0.491020848541208
-0.251962968853161
-0.106406414078977
0.141976417402514
0.721247543924276
0.472792076838898
0.179284382906146
0.552656669262984
-0.916514771078474
-0.497495735062821
0.985843568664189
-0.510017503875141
0.69531395121529
