0.632792996213186
0.64909938961397
-0.885064911889367
-0.876818611098844
-0.645617245701993
0.896900686121959
0.17787631727602
0.708244027611509
0.188864101463282
-0.455114996041586
-0.954939859773122
-0.841829309312435
0.628386659447044
0.0655855171149683
0.416866489308731
-0.858940838703175
-0.0453085189601342
-0.43453227631863
0.152339032894972
0.42937322783118
0.355150906446191
-0.254864600031149
-0.677389849832581
-0.194872297698626
-0.0877517652237183
0.870968267083445
0.790640325021653
-0.340755352062528
-0.0523011951179461
-0.425986282261998
-0.579690998378532
0.294410564486407
-0.593832977091929
-0.238153687500908
-0.670922885076225
-0.493257271174794
0.22537287055923
0.664785674891129
-0.742539595752446
-0.863703235833874
-0.733612470768229
-0.200488491692089
0.193353350351759
-0.330175682433644
0.629641374681703
0.215251998343199
-0.862075605353496
-0.391733502060396
-0.0411725627840102
0.433502685885291
-0.260865025287649
0.910833876942185
0.377213483109097
0.996137963387739
0.161803003863875
0.942494148698991
0.351967601817524
-0.502059372577995
0.70565759592767
-0.781998993489312
0.515981875965023
0.363027192273158
-0.127953871062211
-0.66049372811907
0.172399783829783
0.179934049985279
-0.747050677409743
0.3034255784393
0.634197171698897
-0.0137255729074262
-0.767565764980176
0.100366797657189
-0.872518607012058
0.417877616415826
-0.955941377356771
0.0917094566469372
0.0386268205190124
-0.630636230278061
0.464404504824168
0.908860750172935
0.70030087179872
-0.904139060252324
0.409045214943144
-0.253279309994772
0.29766082416954
0.219454282311684
-0.697229566280357
-0.206137536951964
-0.0523075844633574
0.647761392484808
-0.0250894950080646
-0.228760693458308
-0.906379030129875
-0.767572267420059
0.424780625282651
-0.927682935814198
