0.108357599889012
-0.280895972093177
-0.261302394600695
0.102074926546431
-0.671164171547904
0.152508886927867
0.98943385195942
-0.985644601391094
-0.464182399575899
0.280477787307502
0.710865987842173
0.816591812635159
-0.584372661124423
0.991917151044318
-0.229587722806557
-0.250236717742548
-0.768977145811224
0.595002490942683
-0.408176563927952
0.000321969038993617
0.650809043481038
0.180426375808393
-0.0601868821883816
0.652105172157005
0.106745232972959
-0.057943601277859
-0.214176662796209
0.443276184043951
0.243044912856906
0.487172144043815
0.365589888332227
-0.311244408861792
-0.825311283324985
0.686590624814623
0.67608018581634
0.492295208934758
0.15995720333963
0.422555040097415
0.508901504638146
0.161884178216821
-0.212657892915552
0.14017431772557
-0.391460513330199
-0.00319992648974759
-0.35604296040328
-0.0327832979368843
-0.36112225013304
0.308342600648657
0.730969026071807
-0.182087464661888
0.474475169978475
0.289776640264178
0.99010437636087
-0.376500965742594
0.00618723772569097
-0.193958760541668
0.346790753301824
0.490878202219259
0.0103063446595068
0.231494714569063
0.123455502810953
0.101861036334478
0.79388164790441
-0.436234287670774
0.532558282431631
0.487094305175994
0.649597745372775
0.32102826348427
-0.459752898487207
0.617773583794948
0.338525334779264
-0.882607189144433
0.223854671176773
0.147547009097162
0.622726133242263
0.246325295580162
-0.082042717376068
-0.409808578273554
0.200610562083409
0.250451581894815
0.62511085851207
-0.843789888977459
-0.564166370103603
0.407200629790238
0.470656078759605
-0.314681908147552
-0.169175180001813
-0.02649222229914
0.181711670835289
-0.345257041104312
0.196686808205071
0.628098547829397
-0.218069407441977
-0.112846973516677
-0.623290989826739
0.0384256724394058
