0.842119126287287
0.30808321023
-0.124086417493673
0.855183208840876
-0.655442750234746
0.123082508846622
0.813178840677115
0.111838191674614
-0.309824240358674
0.694252465084325
-0.450251349237489
0.469190816368216
0.450915505411421
0.658650167426837
0.234552606503603
0.715842084320481
-0.411556859890271
-0.284703892556736
-0.0888093884551243
-0.19546043386748
-0.644510984118447
0.112962246904506
-0.185602424057276
0.463827034140156
-0.290861314557227
-0.470243331083581
-0.989264254290723
0.735337906494882
0.266050395806615
-0.736531336336377
-0.695882075648256
0.947691050262085
0.187102128475686
0.876826015143735
-0.83214363405613
0.349910455839061
-0.407733100292481
0.874490500977511
0.510130330956808
-0.799726470280173
0.897045769044371
-0.311727271822184
-0.341851410062753
-0.0360569913628393
-0.172036448056897
-0.434202694609238
0.90150246651104
-0.145091238567458
0.724869688546899
-0.144579214329951
0.00142127122466734
0.505135602063148
0.658112692703994
0.0891666311512507
0.25997058430142
0.808691972475672
-0.800866111974933
-0.537316462300931
0.128135504947795
-0.775626897091902
-0.963935982292528
0.784898394088475
0.466612848365419
0.950762034891481
0.700434031942199
-0.779497583880261
0.896883626641912
0.868801484871083
0.339853401844513
-0.745785230733579
0.691497884705789
-0.258514710264065
-0.570624432416945
-0.997083666257908
-0.41492604603381
0.398593329540274
0.540101418976155
-0.150422302937424
-0.845627252983488
-0.858531399415063
0.551413543038305
0.582810579896504
-0.445666052687519
-0.875075541882764
-0.871842888303143
0.251949318279696
0.445827304803353
-0.050015716455594
0.679199089871315
0.841525031073277
-0.807295433407599
-0.508228085614917
0.245482840425932
0.807049341125716
0.48692239052694
-0.825395990067507
-0.959438458854988
0.333772962741071
-0.299746321454181
0.79103704795819
-0.279484537659664
-0.0504495475335124
-0.860397019810396
0.278451670714163
-0.28679798837405
-0.0154548373198202
0.152793174310909
0.068079307671979
0.00592831700890858
0.21663956910668
-0.830210225759772
-0.100568051486252
0.927907712716219
-0.379526619053593
0.210074464832132
-0.412225353043241
-0.306613299719134
0.602366324259549
-0.806125046362812
-0.800627607475294
-0.300892529338366
-0.0216798814235666
0.299831270160188
-0.341674247637781
0.567179182270817
-0.399040190652556
0.777362839739753
-0.308718950193575
