-0.596617383517652
0.521066016443039
0.204811104001715
-0.999261445690475
0.115406961288515
0.0928786594642416
-0.176470252241915
0.622861919893276
-0.933093704660642
-0.169579773116679
-0.513146630182161
-0.224071361455439
0.0213009238206392
0.095681172983275
-0.275723424750865
0.485425425478126
0.439201694925295
0.902219530257522
-0.170703784359928
-0.297882324114824
0.67800516050273
-0.0301958382391507
0.716167894465667
-0.286957606216321
0.509813493841295
0.180664469719827
-0.322333691846616
-0.273216744798952
0.0449542042489738
-0.362405810977473
-0.443870661593225
-0.217082902089962
-0.0825593656662431
-0.420167168065124
-0.101951793040704
-0.342938082087622
-0.207770062630354
0.109545397964342
-0.18779700367192
-0.251488524984352
-0.244383097525317
0.735590116227404
-0.275941080564416
-0.77511574615927
-0.160115669061635
-0.210476320159678
-0.989965090442523
-0.326956531700386
0.493824024565765
-0.41891716359144
-0.737102590426092
0.179057986713824
-0.996094982433843
0.11706948578201
0.982641973069322
-0.463594661745177
-0.0048153296152349
0.0492145083484074
-0.801431418312468
0.877020262098316
0.0628574783104263
0.744917094996803
0.998398133322602
-0.0503205753742897
-0.157056722744168
-0.435262333533287
-0.188971420580223
0.561862201987931
-0.989891421545179
-0.993092993470412
0.499217983989984
-0.482318279481056
0.903946540801999
-0.645445999263299
-0.130731147027248
-0.710120765951369
-0.712374465428391
-0.7234736130014
0.692574859379229
0.639601102253443
-0.861679539700869
0.90448957365238
0.612085390240486
0.482192121212605
0.833520949649907
-0.00604118790156738
-0.830309536430622
0.166968908750813
0.496426373326959
-0.863728093549427
-0.723432001796696
0.481273063284
-0.512226509390381
0.149558652494922
0.861998254885195
-0.71696220776123
