0.703774243944279
-0.685566525431105
0.963111303288622
0.381210842534433
-0.624573689022158
-0.896994607550723
0.258621001992841
0.915402919448252
0.511062402174509
-0.759501895942467
0.144070516562883
-0.178274354115868
-0.462050753478317
0.68949901070246
0.777642632137562
0.716737789911189
0.871749056379466
0.772374214364085
-0.580051146626987
-0.3904011070399
0.458579537220033
0.250457614670811
0.380153556237966
-0.59869451841798
-0.419536591276948
-0.281443887276975
0.412652596101682
0.618849527700932
0.270437205178582
0.316617329304121
-0.111911237616724
-0.454981856861688
-0.350416129862858
-0.986559208408552
0.82806144892311
-0.104776854269028
-0.848829089473687
-0.956808620410177
-0.520268406455489
-0.369793840539034
-0.0594565097540771
-0.547165996851254
-0.113928806491385
-0.992698170927274
-0.550889429751937
0.734352156808247
0.0192912859749484
0.794075093351558
0.0538758572076969
0.814686482203556
0.263492240164073
-0.998898815754491
-0.924068208393015
-0.56842894995503
0.00966544484962588
0.600138477464178
-0.40987851181206
0.910222484349789
0.507757277408181
-0.00222475120030427
-0.780568385262397
0.252181685338851
-0.97920976136424
0.629658493046887
0.0968855509441803
-0.597354122486984
0.658251431805011
-0.251640035216178
-0.192543330327712
0.408960708540145
0.598007906560263
0.888276880428054
0.566891654262644
0.700632802132127
-0.857169325974896
-0.217184649281126
1.06992723578829
0.58789418475202
-0.893087973434287
0.293926365342948
-0.488458152027249
0.770018192821666
-0.445167443221203
-0.825948943852611
-0.237370199507389
-0.818445003277806
0.326092555700153
0.366915518972315
0.398579024729141
-0.348248867986826
-0.747163065246224
0.749085349786672
-0.876779792334455
-0.424467282488722
-0.746506948004753
-0.317121724469189
