-0.177527007874986
-0.32216640828059
0.233691049578345
0.20717356276409
-0.551417970100613
-0.865348451352855
0.790994936720756
0.639705969773302
-0.269064624834513
-0.28225476920272
0.0323127416248288
-0.115649990447448
-0.723615848159071
0.726124463772841
0.704515288219655
0.551954037528771
-0.800601136656331
-0.0641916087456206
-0.313977551515343
0.736464540671412
-0.780712359120029
-0.529156545226032
-0.322360451834768
-0.00982240422348241
0.550972664701755
-0.514236310277805
0.605808594109657
-0.00706591268441108
-0.683130035713639
0.771855180349676
-0.837600748198638
-0.40743246543978
-0.789795125296161
0.679056082093811
-0.356462386090253
-0.860707953985113
-0.847943093502488
-0.75544987787683
0.819404366976129
-0.486673459891096
-0.471822488127846
-0.893792913717669
0.970490453518677
0.651186815540067
0.589526145505254
0.564349525607588
-0.742515294471736
-0.353551634324492
-0.195356367876612
0.343978860426998
0.497504471725934
-0.00418450691475751
0.376665214582709
-0.124462053520499
-0.598178347917844
0.856369255838868
-0.238910455717686
0.488758344788484
0.26271060170768
-0.0685321970523443
1.00203205393049
0.73619175055698
0.509886996897143
0.0902853956605989
-0.0978272332159102
0.947868270253854
-0.522680777145253
-0.263637797293176
-0.942112603572402
0.243868987591523
0.824884791836614
-0.118524204336176
-0.422310867116333
-0.906323791048207
0.577389122452243
0.893290612834903
-0.727993943663747
0.417563440185619
0.100165289276362
0.598914511473317
-0.429456308854319
0.575683028257864
-0.91080736155772
-0.762805216273058
-0.653482617270698
0.966638294858931
-0.641429630774277
-0.432027014509647
-0.88531714716243
0.495432707931913
0.00223488486077392
0.188302520698584
0.842916759691274
0.190654506692108
-0.848838719367204
0.170224387667782
0.859936550110877
0.576761740020544
0.72585492465925
0.38908418643551
0.691307564841658
0.731845611265451
0.339790858552282
0.630891167366549
-0.449123482878216
0.655447452015804
0.967879123424167
0.332510079618263
-0.172476723547915
-0.635314240597492
-0.176699665134201
-0.113382100538422
0.404402723470859
0.717861992972868
-0.683051409245946
-0.302768757126755
0.676349761274328
0.207323574724411
-0.767341217745444
0.328177050799661
-0.971242492303566
-0.00981834805684508
0.72346820270139
0.490101124090652
-0.464964026906964
-0.425263571735249
0.715859998125132
-0.88635681372693
