-0.626512115160808
0.296254980152417
-0.442054338525355
-0.441918842105102
0.65048342028758
-0.653743973197254
-0.384602329144535
-0.8096979005947
0.428325059353154
-0.999753091876156
-0.284578492188009
-0.881491947377349
-0.940923845922464
-0.759757996632284
0.752653490430334
0.727356637806193
0.294431957026578
0.421125143085974
-0.946938792585851
0.754812747013879
0.399047927474026
0.560256588208371
-0.837996313786766
-0.326653655523378
-0.990533143012421
-0.156731792918232
-0.181608909420066
0.180477638905751
0.439378702445787
0.555674071890577
0.80033737476403
0.230306429681223
0.627602819708749
0.787448431947958
-0.76936195042682
0.477162679859281
0.129330233164426
-0.0631217188576957
0.0374584407445359
0.517796567686465
-0.335199839031612
-0.59537698907161
-0.240442907094592
0.775752601312672
-0.43389498028865
0.150901253454674
-0.293452032520059
-0.299892838878522
0.872982496205293
0.419665065633809
-0.129756583343461
-0.637972447731631
-0.657975683921806
-0.605888994634649
0.0714239961975063
-0.469721302769141
0.518884139717902
0.323324430841495
0.842897639702986
0.090681359827859
-0.455254806119965
0.820553990562341
-0.991151914609138
-0.424624113361169
-0.222411892204439
0.00965502086658952
-0.489389905070544
-0.770749225552282
0.451735044345903
0.557987754244799
0.756888713491966
0.907512935533175
-0.0979754467952069
0.841476961671263
-0.993468460233873
0.52970359879108
0.636334180314428
-0.248094074361302
0.738224758690807
0.697191911878366
0.791182220660726
0.0449390777861537
-0.501452520421142
0.894442971558621
0.253604348487653
0.347153864881205
0.777816048173843
-0.0445219745091638
0.274249843459534
0.687211093396196
0.788560884560864
-0.0988488897874036
-0.542623793472231
0.856501604892193
-0.790969601742902
-0.142175375170748
-0.472691980714562
-0.924558684649073
0.0945260174533796
0.383463824311883
-0.892308827695857
-0.28953438125995
0.261945257781816
0.151237701086259
0.301995748859424
0.559210481202634
0.924853169411773
-0.744943421394253
-0.580217045979536
-0.945739697812566
0.36033645139503
-1.01481816571552
0.0675922469554479
-0.0996562056512663
-0.271031221588273
-0.218994153566844
0.185091539193864
0.130421847670727
0.886235125506931
0.164094934287747
0.262949203398969
-0.350058452070809
0.46016303116876
0.702558273650055
-0.461341763902996
0.192330294931397
0.669287877170594
-0.420555681204477
