0.131541398698838
-0.42307748594334
0.0883147320068563
0.255742413126581
-0.589017640334806
-0.482511951474568
0.952095463015639
-0.733747467672931
-0.824198150142446
-0.0645423625910947
0.321050526124412
-0.964096108560234
-0.431286508308377
-0.867490998795786
-0.109875684625284
-0.0576687676141966
-0.495906068252955
0.371844193242066
0.19561156614769
0.349818690994188
-0.77876088879235
0.631055677520931
-0.0775908338423299
0.0263345262120909
0.0631971454810997
-0.193504805780787
-0.936935450232746
0.229339231887821
-0.511120385480442
-0.565183162976405
-0.839531199498508
-0.0579122163452291
-0.971913479787675
-0.236855909129897
-0.400082984268914
-0.592443213736908
-0.655582446957707
-0.865954901567444
-0.872441243516052
-0.596539218118712
-0.26944293261951
0.856439655647514
-0.474506136880593
0.124254418333187
-0.683288918796538
-0.710075427261265
-0.872058449216198
-0.456030687865472
-0.453271600727824
0.48403716586147
-0.16557276191078
0.420948517780098
0.621530474784427
-0.133386239546752
-0.652370473034545
0.0355170138532734
0.269170255458632
0.463831066495205
0.624685471978439
0.448517707300281
0.783702857161249
0.114771405093019
-0.533715218880408
-0.890845247014996
-0.344129127811864
-0.690952402246556
-0.0656326636683932
0.707236044497016
0.614217315152544
0.270413916811335
0.547984284748418
0.544315355952775
-0.437727679551032
-0.122306906386185
-0.430915124880072
-0.0156451301579021
-0.40527097734944
-0.122976957334439
-0.80161250942581
0.0404934096664379
-0.0703335471342387
-0.288114809729726
0.673663038772857
0.172579943280252
-0.353093614264573
-0.225970392238072
0.49563612480277
0.770852023977812
-0.870609868929219
-0.250382805325921
0.218819742491854
-0.0213542745159636
0.965580976683702
-0.643232579018695
-0.00844547378384767
-0.251001648059964
-0.314997025428162
-0.49630599478924
0.0939868966757438
-0.342674187218769
0.311298393387293
-0.921653005006846
0.341787216105832
-0.290091377764138
-0.480653864033286
0.516624122750457
-0.596235376880428
-0.323111766255634
0.137108322556303
0.99636839088701
-0.53596645097212
0.348942012610773
0.58746655519346
-0.281600321477092
0.612638286287869
-0.967614867039117
0.896443859832229
-0.77744990624032
-0.889524973691818
0.808973967513737
-0.237203157960543
0.245146864864662
0.814717791337537
-0.748319185235088
-0.576598540603345
0.695981389758594
-0.598569308182828
0.907053965179065
