0.674317029751945
0.679379250247526
0.171965449565787
0.886955083033703
0.0450874394941589
-0.700694585044655
0.326339752961847
-0.135737650383582
-0.573853562012
0.465320773079371
0.84741712089658
-0.341444663777377
0.284276646984232
-0.357410736367327
-0.906466599276846
-0.54299814771774
0.191510419691433
-0.987390307272314
0.749522441747997
0.0708758321489609
0.000319041725274844
0.539681274477593
0.822294842945248
0.88702244947666
-0.546989771124985
-0.00906160614957945
-0.0542179869119158
-0.836980024595776
-0.0187565064167069
0.535890178916942
0.908663310089068
0.149164250506221
0.147228714595866
0.958200509083258
-0.228103724511346
-0.965078289347625
0.607123996176799
-0.19632278693344
0.37549066042444
0.615874430209497
0.376701227108294
0.466996650402305
-0.708540074717381
-0.540971972598497
-0.164451523038372
-0.270891845218722
0.739465252476866
-0.808125038470998
-0.266048093780119
0.0737440457020336
0.682141604465004
-0.530357243033736
-0.211505298972982
-0.345305553836944
0.58052908794707
-0.151655231991455
-0.592219105084813
-0.871158110256516
-0.287928439564184
-0.563933892794033
0.622569299594274
0.65552209368456
-0.0947864446501388
-0.398831177914515
0.622527306255471
0.444115552557607
0.268584833290464
-0.627378084329849
-0.657853796664958
0.115428151812063
0.128243665391122
-0.182297441621123
0.569723650042601
-0.669115878581318
-0.549461483276146
-0.848403065280162
-0.671287123204755
0.896809824101306
-0.713334803165301
-0.0516635542019323
-0.853123538874214
0.54824378230873
0.617690186022647
0.365065495320245
-0.699684953464556
0.237829270640449
-0.0703346056704414
0.87080575591015
0.837978787325893
-0.0644647049270312
-0.799714878665534
0.508947038257372
0.797141663517707
0.0310233010429239
-0.902895083480803
0.608810409512575
-0.447008193971505
0.472236537934322
-0.417031333314701
-0.626168825868852
0.897690239577906
0.546740331090264
0.6214572063678
-0.102337592779138
-0.410934985553066
0.852012079638687
0.534772493900188
-0.750615950022802
-0.747956425621707
0.454531894542048
0.385639217531259
0.202736684539219
0.905004867435465
0.723848344576967
0.221837914587966
0.931567792588767
-0.314640939838968
-0.845311536648873
0.588866759265051
-0.636740421941187
-0.525174131385141
-0.873998759608253
-0.643299160147684
-0.385201897917829
0.192993901069539
-0.895430182029791
0.0371286228365405
-0.269668969059324
