-0.325343240925218
0.0192701109316511
0.130477297555358
0.452654682571381
0.0114993762685569
-0.69695836496795
0.547210202387898
0.502257179949196
-0.819004149483608
-0.655943318074439
0.249165456405978
0.601696856689711
-0.722549385673742
-0.502085520793776
0.0464048983539554
0.369856093426345
0.702665921307874
0.295001887950437
0.931500802987698
0.21101809226462
0.357262129552993
-0.284451975320555
0.499624623926583
0.163526133685106
-0.0357777861372019
0.721929970181711
0.713433281812105
0.843840168718029
-0.535067330039882
0.252186816701608
0.249846304676603
-0.473512429999355
-0.0453163160353176
0.530994050597573
0.917511009610137
0.0217567723713101
-0.487824743578487
-0.819189896453535
0.92724284216814
0.923825958702328
0.625613135298582
0.934901701647618
-0.881872306461761
-0.0317798932490206
0.882092707936395
-0.110364846948266
-0.874920667274049
-1.00569670514751
-0.287151969424261
-0.260770120859205
0.336673327353872
-0.707932035293419
-0.744337918987902
-0.888998161182021
0.608573261949076
0.439841300004225
-0.216072746928505
-0.584409440879527
-0.0706226782907949
-0.792228509918473
-0.923075328876643
0.557567947240889
-0.975478414098812
0.487726913866199
0.977794974291654
0.357981780897222
-0.923454181940809
0.485955897122422
-0.270306877385436
-0.0857744099380882
-0.236600554782657
-0.145377225210518
0.933867649323492
-0.997870880458276
0.386562063737034
-0.341272064486862
-0.600700470913815
-0.252481133785366
-0.68889239917307
0.763858789281235
-0.595502369994069
0.874375578479994
-0.79031101029232
-0.226276570460445
0.631750391523785
-0.424614374562932
-0.397126759683997
0.645219119541418
-0.923038872732197
0.652406402600529
-0.202691405684964
0.895981854582665
0.273769215983634
0.164801615217863
0.486348803423944
0.361745426768762
0.829922195182446
-0.194579613080792
0.425014072064715
0.105024266200811
-0.992947047121023
-0.233387925308099
-0.55865180616318
0.0820155622503605
0.399664294046974
-0.869156500932274
-0.517229570011698
0.632151691567793
-0.592861397049109
0.979485957344307
0.610824992478346
-0.949098965877954
-0.202304479635812
-0.84233340534878
-0.182409942943432
0.507223749028137
-0.461971097553011
0.550790807594223
-0.65493892157334
-0.865040039274654
0.556048803071571
-0.712740660560044
-0.7514633301839
0.240776273759934
-0.572158915346441
-0.706321280766127
0.983406062644799
0.485761855336151
