-0.807295371167732
0.511651817218679
0.201504657719385
-0.101839295922755
-0.671063315158726
-0.343646109073553
0.465696412043927
-0.0437066932961701
0.0311562268255155
-0.22070332592908
-0.502676097654253
-0.642437039892171
0.635361537778011
0.0506348410149451
-0.702735743310708
0.244373667976499
-0.866415535479916
0.602598468094643
-0.036515156705835
0.649070273284784
0.61133293346506
-0.131020865295805
0.883329788778786
0.311294879594059
0.900969216129779
-0.38285098003862
0.571826279729203
-0.555069052099644
0.497313473667621
-0.92013658325217
0.346665845288172
-0.576588656375866
0.0261278007366892
0.765830616929069
0.692302329183835
0.896580274156534
-0.695879660393626
-0.394930110368239
0.93737722533768
-0.453914949170225
0.43885406534349
0.589738432104369
0.39429161869021
-0.526346428752906
-0.370287409904067
-0.497366256241059
-0.340799282775309
0.0146346206769309
-0.504006011655928
-0.756292803725893
-0.927851587061563
-0.869780808620321
-0.291137976073779
0.126359616808315
-0.33046515687479
0.318461537898769
0.710416556482226
-0.301409397871763
0.796165617863435
-0.361686301457338
-0.238484417226887
-0.814391622874719
-0.66044999681259
0.862377913712541
0.123936749891654
-0.463858152277705
-0.718719145561045
-0.828427022255357
-0.921443127659542
0.400109233370055
0.492327601996588
-0.347074926603882
-0.243247103763917
0.701379085155624
-0.3365260815952
-1.00417102490574
0.23078214483129
-0.0214053469448938
0.89942246834268
-0.595636837874332
-0.824646842915285
0.161028771822444
-0.0435093239266608
0.358788398384333
0.575227438058487
-0.476278287118292
-0.569031775293716
0.965786771793812
0.418014783649681
-0.308883977549244
0.567312450939965
-0.361449990769531
0.272442768372687
0.779025139983924
-0.686566751349449
-0.367933962505748
