-0.037078507398742
-0.665258303414363
-0.43582253507825
1.00697412946086
0.201753802939764
0.822256381120542
-0.237416591403098
-0.942060190311898
-0.952636162031886
0.930482886290848
0.623606398688255
-0.045098088296817
0.586482685899441
-0.404974585523397
0.17487905595515
-0.211098555297447
0.48514911999322
-0.919477265877799
0.526903452836389
0.457115849291603
0.0182988774085575
-0.000993267688291277
-0.669241096488774
0.0778211672219421
0.714153306537144
-0.4070917958947
-0.0117215958941268
0.0816141349228737
-0.487695077773611
-0.572438335195615
0.654990489748284
0.484617897347417
-0.771896357149007
-0.988831366965926
-0.564989078727362
0.414136363531335
-0.891117526985388
-0.479959751838743
-0.308087776625885
0.504128761625214
0.805320438603493
0.614687278596062
0.872072634757241
0.127510800174987
0.856387047682405
0.121596169382127
0.00725455553725618
0.808952359971327
0.18711243992233
0.556919669780658
-0.0857926909317691
-0.46593947357266
-0.717073799289769
0.621216160954898
-0.262860622544383
0.545645198830308
0.384582539483069
0.833795467491774
-0.100878244453976
-0.629981211453404
-0.955022941834539
0.0747483668281564
-0.611608497731417
-0.794239433556056
-0.110400437266953
-0.773327981619872
0.715448788160142
-0.447781084031167
0.202081038467583
0.892863128452515
0.627139733330695
-0.164813063569137
-0.137909298916103
-0.614580041820844
0.549634907792293
0.05487778278841
-0.904510073329564
0.719500613575061
0.612988482799118
0.54675056401095
0.515559660675234
0.603929250906405
-0.322756775850698
-0.547309629298991
-0.478790707982357
-0.595486863014633
0.0145698625923062
-0.963732726119638
0.868399230166897
-0.660599373731988
-0.469754210431865
-0.601139229919899
0.506974979563419
0.639775893160364
0.561449021051703
-0.522583144994925
