0.631490662331314
0.834135223000514
-0.87736546539373
0.859608626387757
-0.919148465462227
0.198582752232857
0.428007974303572
-0.977661323832424
-0.709168245225332
-0.812135611378793
-0.459126464687722
0.41825473177026
0.592830569389237
0.727453920031514
0.519650244662545
0.458145022941929
-0.216994351705749
0.833146696942298
-0.0535913118386749
-0.660228901398433
0.664165300305168
0.301441766032779
0.644192104469465
0.260526264920153
0.0666982318380579
-0.853150365666721
0.454200056883953
0.028018252754646
0.496544200434978
0.182211425310331
-0.922726529800556
-0.414745604600266
-0.585463746189933
-0.454813422038158
-0.595281204153897
-0.389898902043251
0.797286820970662
-0.866666012207367
-0.458184580275844
-0.631300331788977
-0.974396153234393
-0.531819934274886
0.715427185889379
-0.591037267495381
-0.567081530417083
0.655200639487855
0.586284697238266
-0.336997914385862
-0.418044706997454
0.189883948636288
-0.457148415319969
0.735573888692213
0.826791100478236
0.298547267070718
-0.797062790777415
0.701130565735508
0.735156388217989
0.792610148614125
0.151580173251781
0.393859059272735
-0.87449830699279
0.163567148771741
-0.837548864963925
-0.295227779183358
-0.274719366713132
-0.67162956876035
-0.584144911133904
-0.333488823460472
-0.590147650748874
0.598083857286586
-0.786958210617552
0.428517600815599
-0.572121628828358
0.788307347378896
-0.654339749028073
0.501470997250921
-0.686477973914487
-0.148570887334883
-0.725529616671141
-0.999416824366905
-0.974839874296172
0.835913683255644
0.213096382292708
-0.125789564178871
-0.546181879776353
-0.422757049872387
0.971043316444138
0.853125810021484
0.810523427957551
0.404538500694236
-0.160367388503619
-0.990978899432967
-0.104606986338903
0.36871872375212
0.753788881894098
-0.704497897379068
-0.929961437896758
-0.837624741507152
-0.0919464281106765
0.924783431290477
-0.861354305050616
-0.982214056822946
0.0816775958558892
0.849973886481847
-0.981348766136328
-0.94980570234416
-0.478889401456573
0.929306408186292
-0.443997799869408
0.821990024968466
0.492463333966126
0.61906674283465
0.850507382852522
-0.203477127262981
0.413335003390706
0.157848381226905
-0.300645667887391
0.661926488662356
0.334887761137007
0.251935357107459
0.314272204060427
-1.08789576680519
0.750302015886849
-0.860796400023352
-0.00306046642541603
0.202532325447047
0.505428584017016
-0.629707352729973
