0.934218446667415
0.646948079863717
-0.516491312514733
-0.150714865075619
0.529703815620048
-0.968512301724706
0.697052071308023
-0.584687586143714
0.539753210497767
0.808601575435752
0.481741542141276
0.651469771303543
0.444027935164568
0.427319801310778
-0.913664279351629
-0.306913638753786
0.353249991384836
-0.983774104243994
-0.235604098112995
-0.205818086785147
0.369881012922705
0.914413517487518
-0.0441487846819778
-0.476309807844987
-0.514201874636181
-0.273134663638144
0.404045706353687
0.761570021907204
0.110905038272801
0.00209330123784222
-0.503325012665266
0.727329809252274
0.43667106355706
-0.592872217647111
-0.181977642162288
0.118846849160031
0.746390917199813
-0.56460050684035
-0.546794153065437
-0.476534231312825
0.138873024723987
0.909295013352983
0.733872697496871
-0.754310398903986
0.558656933093131
0.410476602751237
0.219821822544419
-0.0494048939450372
-0.952902099454131
-0.201110844533826
0.0879280189866756
-0.119892872279387
-0.483787255881265
-0.626870271298733
-0.858665826210552
-0.947408207955999
0.524160402724552
-0.0746510156682584
0.495538597696695
-0.179429677737459
-0.227360736368568
0.453391958554787
-0.575435626322149
-0.79689979632848
0.66987617103208
-0.177495520578463
-0.679525812250567
-0.285400801595444
0.977287834087048
-0.978563369076445
0.644155808301102
-0.659589766205779
0.449885732206363
0.35723324754062
-0.133802803239474
-0.816532032501265
0.80108205103542
0.138720952537127
0.99749303314827
0.933911277818511
-0.954997529355871
-0.0180887098386209
0.362908731818146
0.263953438506451
-0.105686022369991
-0.877119955331889
-0.393395978113436
-0.335512944454132
-0.178173487479428
0.874745362397631
0.531683511614121
-0.297877751837599
0.482487726327885
0.328581811560194
0.19315282796843
-0.820407313407082
-0.540254485159095
-0.100915805451011
0.249551798748068
0.283097571188902
0.479841442546331
-0.114865332723384
0.970278447880745
-0.347905429817232
0.265880309147015
-0.940186660706428
0.784755493067585
0.617410976768287
0.585551484219674
0.594035318870566
0.408611832292234
-0.763490640070236
-0.133178425143682
-0.273397054819771
0.125541583853677
-0.736914193926268
-0.397859673269794
0.509020909064425
0.528896061172147
-0.744928157603629
0.638199981430193
0.306261311219219
0.238879355942485
0.55907673822196
0.342602557986287
0.593379897172833
0.356829757657236
-0.229293482421246
