-0.0649367964222501
0.0609350120443157
0.0660707256046865
0.793750686774171
-0.350783405208344
-0.541159932723863
-0.789243215548848
-0.202120463093971
-0.0774814829526362
-0.71258878027803
-0.780999917400453
0.0317880425479828
-0.734757312787479
0.303762673414116
0.589145161456149
0.273513587863451
-0.670820781705523
0.0224045229454732
-0.356278343028567
-0.174495293566329
0.182034260255342
0.745744790418053
0.0169471720664271
0.836911782397823
0.174321276838756
0.586224806323765
0.417813405422504
-0.934456466321137
0.137618872988014
0.42983599780589
0.14758432350805
0.60341848584982
0.950161755088811
-0.0209244689660329
-0.737901609952228
0.369951097928986
-0.626127434360049
-0.558260851403071
-0.575156237284487
-0.680451593693417
-0.329202873546061
-0.955712470905521
-0.410367047475681
-0.374855405937296
-0.809318603191041
-0.269060239819887
-0.503473117603481
0.959957119540676
-0.945043528991098
-0.929728504520896
-0.784436900444718
0.0112466064094028
-0.683360294870936
-0.0753633353805598
-0.0777443745227821
0.834727895820814
-0.544817075538188
-0.31468443129038
0.338606279334698
0.119817906070393
0.575512436796303
-0.536615125328157
0.765768110161502
0.248383977757985
-0.725109400801296
-0.647600422522931
0.822835483924904
-0.43597496389216
0.641984903534364
-0.538040378559366
-0.713548240795669
-0.102564727571042
-0.578726445958794
-0.264062041462294
0.961199762851065
-0.10508847422682
-0.403163055749065
0.232940937091848
0.714996489693216
0.264491260712569
-0.190216167230459
-0.637576049472809
-0.678806001624887
0.632108459778389
0.148841872940599
0.60957408392937
-0.422399180913255
-0.518577102158902
-0.382138785499434
0.829115434014271
0.0804419444133009
0.00640982040069984
-0.411541413812165
-0.351462977687675
-0.550785444864616
0.793614388500087
0.610985016061105
0.690379219901136
0.134526514801327
-0.380333388702298
0.489841893896267
0.162357269799815
0.73783952149104
0.894345278962876
0.76306205926433
-0.115532602332542
-0.0211987538985821
0.365975441555576
-0.714672645278206
0.186766044339588
-0.0334302654766628
-0.116522370589708
0.460852256536843
-0.165288074213
-0.188750173054011
-0.965185255329588
0.743463358682015
-0.887213889985776
-0.858489945349082
-0.401020122047138
0.736440716310912
-0.507486444610155
-0.963380474381299
-0.281069243042506
0.636356203539621
0.16669250142566
0.595104894400277
-0.17131397767064
