0.567522582627918
0.150614021128348
0.283272448251958
-0.291014562886565
-0.364927547237511
0.860871298229023
-0.637465368628733
-0.717849671906635
-0.870319207643835
-0.273002984759165
-0.625053285190578
-0.583608596976048
-0.649921050292554
-0.4713225773588
0.0377812008231623
0.521298416974114
0.923459257145292
0.482933707684658
0.206372924228714
0.218758757020437
0.519557335019092
0.715355926866338
-0.0360355877523175
-0.314629893905708
0.368300582574698
-0.657752658426373
0.646333304442168
-0.476239135177479
0.0567278421084185
0.640904418364279
-0.412234526864494
0.460378622448874
0.663831002288932
-0.0232098015064217
-0.25548066823646
-0.444286533283277
0.976244673958258
0.568137896030483
-0.615570825297267
-0.396336790154839
-0.873031537847865
0.521215691833655
-0.0531248585392708
0.453617646870177
0.593396491346077
0.830213464946196
-0.842495788155415
0.119506195415035
-0.11702120027019
0.713873387521395
-0.87308488126499
0.441136355708953
-0.208047458118581
0.56212924162578
-0.936235563393521
0.19202251372007
0.697108601141986
0.360909126493748
-0.399326300011375
0.0101737492450447
-0.970234550474915
-0.974217616269289
0.845257614022414
-0.27776908654766
0.666309449394228
0.286138009535218
0.25729585231408
0.577892630041826
0.616711930964197
0.531779074835417
-0.58368192701628
0.923262519228611
0.191073569450874
-0.387708350239711
-0.665177895710635
-0.421137202192135
0.877389240652434
-0.887573859420811
-0.326970824208675
0.870803036952962
-0.0389861770450775
0.566830403274492
0.269024089464982
0.38831494045922
-0.196065566461619
0.998418995131474
0.457787160602162
-0.758018965092084
0.435771759624034
-0.908688718250221
0.740448420830965
0.895763016970194
0.685609799537089
-0.130634260408025
0.0407690451328457
0.120404735313761
