0.995794654695657
0.223347043053531
0.13986822002074
0.953065416914899
0.263156413012243
-0.157373587579354
-0.850657908290708
-0.449429323838665
0.354885138490193
0.936827333351313
0.957870974378926
0.128812140121354
0.924163765034297
0.784339463920042
0.869460622756726
0.817691105007615
-0.618116158174985
0.579309737394702
0.663096275903505
-0.310295300431561
0.338278147929479
-0.0798131386181995
0.817699270411599
0.534857805708076
0.401946049317153
0.746463374964262
0.359555579527874
0.595950283242995
0.613233140769705
0.620312063428336
0.239079831301884
0.481187207336097
-0.280754053922838
0.196527271834054
-0.273432695626569
0.143189053968585
-0.562616969640324
0.835390003658068
-0.54567884788415
0.962258953720375
-0.526020000943513
0.414646738035286
0.192560984764763
-0.347265952818568
-0.19440589664446
0.55737297300462
-0.961633400412202
-0.506353747216711
0.64069570519833
0.458628161077103
-0.185578904984851
0.358423181495716
-0.434399704698658
0.212083171902669
0.780255806493578
0.941458429737252
-0.509945513634527
0.51388251475251
-0.799081913414317
-0.530309613837629
-0.498897145091218
-0.115799119560979
0.542298553785137
0.0781746567058403
0.227275214635677
-0.590874539115087
0.695099224916714
0.77789240972954
0.21221665377487
-0.510589315802124
-0.0847574782403547
0.515144415834946
-0.141905018782333
-0.908468713371744
-0.204585445951168
0.417594099952132
-0.0164939538680799
0.0145364287332261
-0.00390001603455754
0.379706396850741
-0.324177591754476
-0.895703152613732
0.179102795537534
0.542813949746753
-0.28145527822068
0.646335216521038
0.955672739461383
-0.368282237469134
-0.81893263953044
-0.852610266051982
-0.807782425727699
-0.556060045305403
0.960092322338947
0.138775768687286
0.0957161432240758
-0.860709004550397
0.579722406504302
0.477811672559717
0.803525702106732
0.30269544954844
0.43512718514388
0.206175398403349
0.735752638706813
-0.225227394940396
0.583789580826564
-0.374405403016218
-0.981637368712277
-0.48523785772986
-0.0116109778122794
0.818117557363411
0.631124544211032
-0.558164629207946
-0.695302808629055
-0.207893711081349
-0.0492766639887818
0.074537833547783
-0.327274154959406
0.455373775975536
0.0659317413756572
0.926726396784757
0.422067698248636
0.128485998395329
0.441963413305748
-0.537300953734771
0.442735529672949
0.344676316499285
-0.629374936090821
0.756502328034805
