-0.771046665952425
-0.494670538388353
-0.901194760477313
0.170908436657969
0.367156296536809
-0.197874172920095
0.0971315916333942
-0.782634600625896
-0.438083088879481
0.00834082367567819
0.871106188496437
-0.437181891540257
-0.374135874456794
-0.253703193639949
-0.91625790175247
-0.615140854775727
-0.698119744256396
-0.513343862157287
0.486755408638377
0.447506412010334
-0.918050672320189
0.929690457501509
-0.257467517708514
0.827765104186424
-0.556710901449778
0.847967020910123
-0.63679823572204
-0.935108919872439
0.821690761701764
0.346759464705682
0.545976821427111
0.189132978134065
-0.910586587948714
-0.474760222701146
-0.296871104714622
-0.0398156326738801
-0.18846826709069
-0.918223907186193
-0.918071814701561
-0.217974415817811
0.783075243567971
-0.494274449946585
-0.312683475986506
-0.398874037181815
0.44653201362242
0.268891461188757
0.601381253610622
-0.444195537264042
-0.442522067472219
-0.302163084095869
-0.53046400402562
-0.303101312120679
-0.711588907791194
-0.0949019149836719
-0.433956409982633
-0.401002188953864
0.603834424651689
-0.597074906626423
0.241130956070437
-0.348059319122007
-0.755676126799124
-0.774138439419397
0.837224678089013
-0.00777781757991436
0.421993697296649
-0.96954395909911
0.689567183524259
0.265884685205199
0.105817750604524
-0.584645213344004
0.645842209316604
-0.674984371871037
0.747562776896343
-0.0666592687607542
0.229376057826059
0.644059219202797
0.693841771188138
0.89700486849118
0.382028503693112
-0.536628003285597
0.766802514585241
-0.893849884679002
-0.104725143495397
0.879759070116103
0.654554724393816
0.180345115780484
-0.053386854293856
-0.662326855260053
-0.417869391016648
0.146181018715576
0.983717238498765
-0.455088164174478
0.901312621677277
0.914213984426058
0.537349986789758
0.0513417010813137
