0.401480077783545
-0.474538168312955
0.549568672745544
0.790140148639413
0.108138605981401
-0.384168701218198
-0.982618819303098
-0.973311460493652
-0.893065482523863
0.573346176661821
-0.193266291853128
0.252921101422063
0.702610079131139
-0.76970735255715
0.103740981339461
0.636797173096459
0.0808836645640088
0.513404865428376
0.929132793517039
-0.723456836589698
0.597329271320809
-0.984570244931056
-0.32599958419203
0.453222875535193
0.657136391947172
-0.371312340716141
0.579255896644123
-0.102639515742391
-0.104264927468732
-0.486846625408889
0.0342640497737614
0.310293159683874
0.409142533032664
0.275811914537185
-0.0424766806815626
0.161329522620796
-0.509047772050924
-0.79616993768508
0.673938214773881
0.636792823658584
-0.432489462117997
0.833726996574671
0.498213113821977
0.63626060710014
-0.878758769612589
-0.842669753305978
-0.184992058259904
-0.596992412729865
0.0930299496406661
-0.690596979969452
0.0708972143587439
-0.989871388206954
0.844298292650811
-0.257590844334566
-0.413326593135854
0.746755814918278
0.532530774519224
0.752872881060883
0.378744416954699
0.936522971985746
-0.607104774930253
-0.602567510402145
-0.10630113615841
0.35223964389442
-0.0810422871938365
0.911710354596111
-0.637270447162256
-0.96753144907584
0.549349741171862
-0.189194267675711
0.953545406371872
0.73613428036824
0.222614398959049
0.219135846527175
-0.491065166212457
-0.0278511695257324
0.571558384518185
0.205611140146623
-0.317932089178129
-0.152424319451449
-0.632786067562209
0.122266218012705
0.355910513884556
0.105128251411399
-0.892908846142284
0.607078863119614
-0.957227216583421
-0.683934205738139
0.190367774465916
0.804215895996502
0.176937835588733
0.0863340049480719
0.877003179800382
0.339685460301846
-0.541426563396037
-0.952815724633902
