-0.873472176170564
0.37977139537809
-0.86792173983491
0.833382649615464
-0.887673577151828
0.751926730444616
0.381771231151036
-0.494928868809477
-0.714814656248341
0.929229882916191
0.14401915577689
-0.0972437746825773
-0.467135421119713
0.826123867776276
-0.448069613790496
0.515709464135281
0.598698188194274
0.304680995602283
0.720129848295338
0.766071434206003
-0.417004336596526
0.714123253752536
0.100780382751628
0.702750376049067
0.218628550925023
0.875972882345237
0.111709183148468
-0.761673745734728
0.445560879577138
-0.340651620852358
0.879047575508455
-0.172075598528357
0.21997699094071
0.994216496807151
-0.735407822717229
0.032706574563946
0.0326511705747326
0.599697994012091
0.178385877016385
-0.5861123826176
-0.0688633894718789
0.101858650268319
0.791731679966411
0.334567891050198
-0.969611459175377
0.989277485815848
-0.0286397422363609
-0.524595142593421
0.263173888578637
0.143770585297593
0.258601779250539
-0.750931194387734
0.0759674901380918
0.338905416549998
-0.865621173334666
-0.890153371131579
0.850201136026876
-0.633910669410145
-0.584253029327671
-0.674369435642499
0.659498577318074
-0.893520741140693
-0.851381547362112
0.82781681472193
0.0439135303710192
0.836561497193244
-0.426831009404164
-0.559030515293309
-0.0700383078607943
-0.888360846172399
0.102348114497084
-0.0485099604322799
-0.63035689487932
-0.471751953066439
-0.0278218462298063
-0.941676903215993
0.85703202483811
-0.981365745986531
-0.712686520469328
0.191243308084032
-0.371320721205555
-0.246022956730801
-0.93516174991381
-0.541926309453169
0.81601057314474
-0.743757056131428
0.647392703366561
0.559910077227073
-0.0665623658719576
-0.756921365663761
0.330685871626432
0.571990428027584
0.687522684924399
0.502352914076822
0.57517064769399
0.810688791281852
0.0786030229992196
0.409091832683988
-0.280055465228979
0.941022281411439
-0.352598910672619
0.880128984588373
0.699684097506341
-0.492700917352301
0.243381822337097
-0.0741120215127268
0.962881438037336
0.14233363579194
0.249816607169908
0.852924689107632
0.908032135782542
-0.289348198109668
0.0237952055362328
0.254615739916156
-0.88940611144408
0.530982698273421
-0.105706153728547
-0.649867437005398
0.719802058260445
-0.562424183803701
0.587631922439352
0.605214700438428
-0.848197207495846
0.532350792833999
0.486899057332262
-0.110292115782817
-0.578821700317297
-0.744958905815637
