0.0463848371791875
-0.409249173802826
0.989187375883359
0.406048505750735
0.0104470240220948
-0.65640181453683
-0.549076490517039
0.054712635073033
-0.787968931078554
0.714285107548784
-0.777597274806732
-0.187535488259308
0.919263470108667
-0.778618258207814
0.732168915569741
0.74789087504999
-0.932704482509639
-0.260613272092293
0.273826085673867
0.574153255713502
-0.848645188272908
0.517660018926789
-0.350289569514528
-0.0299829747084726
-0.303246576043393
-0.186480272006849
-0.884507725605093
0.628075835177649
0.428656315761014
0.171993457891172
-0.665479398385342
0.616208926819018
-0.085648050737557
0.456176865481072
0.891699097261319
-0.563403429811913
0.208926753333987
0.317388902860038
-0.898644341941749
-0.879096829569121
-0.515258530000181
-0.806823109544037
0.74623189110504
-0.763005192141516
0.00468529712744525
0.255272028137988
0.15217978298469
-0.120621013977019
-0.175702363696064
0.838848419049742
-0.633356325325298
-0.078602392022031
-0.958727496256822
-0.786161002234849
0.778157645830839
0.451643310591628
-0.762965356498617
-0.435392022264626
-0.64016425682211
-0.85276248872379
1.09051838272477
-0.73779562902434
-0.176036265240012
0.232312140230283
-0.233178730087283
-0.496592813249525
0.776338892273008
0.982080330945338
-0.563359164803208
-0.521293127539481
-0.1677149753504
-0.427592627400843
0.722551576408597
-0.825680721902125
-0.0140315161540732
-0.130448717916167
0.00753788329835634
-0.872750854196155
0.283548948469337
0.629766043369282
-0.451655497134675
-0.917274916697475
-0.715659605327919
0.332489764423671
-0.57063399757357
0.928212815175504
-0.104772436334093
-0.914345828750917
-0.475973304300305
-0.671471775764733
0.0410118502141274
0.349912479050734
0.141061351068318
0.873802269471949
-0.527202728171092
0.64763964569337
-0.894284912612935
0.554940854130118
0.945665618696043
0.258096051430154
-0.19624685617761
0.148920608423592
0.544013819562093
-0.498628541735433
0.644256506949522
-0.681375322058657
0.844187218689006
-0.431387055438969
0.389214320225995
0.551053072025426
-0.449240514198326
-0.504510594547871
-0.216974433524523
0.517523792447243
0.498925164150699
-0.73811217303174
0.82108157792062
-0.210645477092654
-0.799672752799967
-0.786262560231477
-0.727333395170455
-0.715363157839441
0.258272644124785
0.305695719503415
0.0407490842704103
-0.936825435252392
0.845353585959478
0.779684237608122
