0.507487103621383
-0.409381650396126
-0.518833939759156
0.457921222637655
0.57589453946641
-0.207465469547717
0.353240765979745
-0.71220809090451
0.17135546144498
0.682301957175667
-0.784874629946692
-0.848295697471772
0.0124404880948643
-0.521718168158645
0.659592025958245
0.984134327760623
-0.853990344124623
-0.532046442127892
-0.326345674164889
-0.592318258563851
-0.256187072636874
-0.868811638186375
0.654993624111743
-0.270273843087584
-0.42319982514066
0.0906136355907877
-0.335454293261059
0.653808174904999
-0.466586335006926
-0.256083831784634
-0.156119162609666
0.183677891836253
0.978494419111349
0.862175015169431
0.475018285385237
-0.885023873983488
-0.729937687011163
-0.564549778844244
-0.502022704629541
-0.868155360936796
0.522275760045697
0.992890177862435
-0.00812938501567052
0.424488147204523
-0.493274070729784
-0.711156842551811
-0.169241117194378
-0.558120601417595
-0.0759315833532472
0.882992056515714
-0.542829111817944
-0.300686455943494
-0.780707118891322
-0.867848176958596
0.975647263003334
-0.971642633084305
0.921438179268586
0.459315724137961
-0.724309074980707
0.193371036677228
-0.446250418208301
0.743172531390478
-0.336986890998832
-0.203346959625672
-0.900180825825647
0.106264027217012
-0.344170476731346
-0.822011600353
-0.358608690879755
-0.659650022232415
-0.253661176782221
0.698071055126664
0.729117689528813
0.792624932150513
0.554693111978069
-0.521256279472486
0.0672107310075445
-0.676873959645966
-0.591457564788946
0.477477766127372
0.826622813335024
0.727578461889391
0.356683853222034
0.135188167210971
0.929888862871142
-0.881237063693289
0.932200322288725
-0.0492868768798946
0.0900068468738092
0.755020293675412
-0.199040870084396
0.242085877330333
-0.704325876947004
0.0876291235030934
0.929117054401404
-0.781821888680146
-0.803090671487163
0.659639231217618
0.067654243452012
0.344802312830495
-0.967953218992295
0.745318939896642
-0.813925350812636
0.278188396721687
0.218889832294594
0.762454496736119
0.221740040139986
0.0600316839297049
-0.200055767724678
0.480163878390338
0.123694418242089
0.948070670690894
0.298524963816623
0.695120084172876
0.495759126194913
-0.435034800375583
-0.249738676265788
-0.961267046815604
0.172726458836791
-0.0413046965619816
-0.623123095254315
0.92377184047062
0.206188208822331
-0.380766003715573
0.319585996478591
0.282678241985511
-0.913323108590404
0.16461580994355
