0.835551302747576
0.392683171529823
0.365808765957839
-0.677300291271111
0.769123008555636
0.210082396106955
0.328787753893002
0.915901983952954
0.902136401132351
0.57973573403091
0.470798564525632
0.142506442748671
0.598155506427793
-0.0440957773975057
-0.0248023197768414
0.154346962256963
-0.360902650033283
0.597691136987128
-0.755084834237122
-0.198136051506552
-0.572190162236113
-0.584108598527957
0.189084273448855
0.920617399015648
0.754766160008039
0.155439688160679
0.343531723368551
0.857103278192802
-0.306742505347859
-0.681550072078468
-0.995675028742232
0.694292395287652
-0.764496716177452
-0.116931608757307
0.71960703582812
0.590074769255998
-0.389597559105751
-0.238809906564603
0.603275921540679
0.80398471135872
0.350687465004663
-0.910252764411709
-0.0785719614574255
-0.153009953228405
0.75744656932891
0.215051537130486
-0.737521806107176
-0.614085404466713
0.501520725429355
-0.203046065959431
-0.788680760217435
0.628713018240259
0.364542190192859
0.956762383873566
0.325161073973296
0.428061389805002
-0.241742434303429
0.475817362236989
0.208518919819429
0.624409555748161
-0.474258682947226
-0.764477870584638
-0.894181580768409
-0.93299742537788
-0.358272700376721
0.687377061244594
-0.788044160001847
-0.901251082474866
-0.747754814700993
0.0871103408237056
-0.708674589647687
0.20091664890507
0.83700269959074
0.587670438354858
-0.280566838655289
-0.338731086509707
0.905343432738953
-0.103432942787035
-0.124725305981649
0.143384286230483
-0.772226982129294
-0.333076777662445
0.411556949152426
0.735052075228685
-0.596776170184022
-0.00125776459958963
-0.371714858890168
0.614203885553351
-0.172507656668206
0.123474747288425
-0.771929094053623
-0.893960162972508
-0.964987950517439
0.314614146562621
0.338190681001114
-0.60546437878134
0.352777327166635
0.0466973904046476
-0.938698879193488
0.538580839023002
-0.277827961879018
-0.0926452680518881
-0.730781031913245
-0.102980610839761
0.286930971118773
0.887045982671302
-0.309282758236426
0.272240806250087
-0.508210565745186
0.711294831842693
0.0380811538495461
-0.655770392490518
-0.565671298453756
0.56715559828787
-0.0813779950943772
0.860625514220348
0.252148163315471
0.53265982438682
-0.577164753121534
-0.329614053549332
-0.240713557442796
-0.84388578325161
-0.981976107992032
0.380563573477209
-0.589026640793762
-0.756177901601215
0.849509150338414
-0.430616851765999
