-0.704756338054882
-0.783903846611874
-0.565104252922548
-0.536454497087895
0.508580892996576
0.55649559272163
-1.00612701669584
-0.607746028144832
-0.85298681367928
0.583734453716318
-0.154044840508446
0.286696690024394
0.686955499809777
0.144983994116668
-0.167631492023805
-0.831015144787952
-0.309878527373417
0.174963186932452
0.708502977474152
0.670144220765615
-0.376221508972572
-0.161323436152693
-0.17041878427106
-0.921555313684637
0.72624652897931
-0.989193542270948
0.0249839771270605
-0.923675496594662
-0.0297671357753112
0.398604413984391
-0.0227134474439677
0.0501755389624995
-0.546149042324204
0.377146424551528
0.686380596271476
-0.786299174632813
0.203928020264017
-0.16721544536208
0.650889785316545
-0.657616623297583
-0.86709023305609
0.927495635438209
0.569056220838702
0.809521667931239
-0.447009872620348
0.287455946893203
-0.503374745376817
0.905673147376324
-0.886409140962385
0.613902667335337
0.873467747014255
-0.397061966152237
0.283379193863871
-0.208171759906564
0.62402866014518
0.864842342642772
-0.508300084195767
-0.973436639911052
-0.33936609671954
-0.326259143344872
0.348695242070702
-0.248088901241837
0.785936708800025
-0.303950663945946
-0.186003900027196
-0.21170997919126
0.517522637453721
-0.97280205010893
0.540630823381109
-0.69872147511371
0.904813039141716
0.348369812986856
-0.297278303437888
-0.876683827759296
0.227075509398617
0.208651620023507
-0.872751269019625
-0.190850164435321
0.825481187116212
-0.696730731993422
0.381038969706926
0.757102133451519
-0.823462361546516
-0.559036154491134
-0.532313295263073
-0.980116614767435
-0.589797934959552
-0.437558452514253
-0.802211040930308
-0.0301012956186185
-0.45129809023303
0.128785156017463
-0.273059743576464
0.311504328270304
-0.432222160515014
-0.950773624714949
-0.173286995462404
-0.156979962049276
0.263559100574456
0.309215815811572
0.432748592263065
0.653532908268578
0.650245777427899
0.79027800877883
-0.813127427223192
0.0563114992650356
-0.902074086955329
0.230420284043839
0.695339705876431
-0.670594609115676
0.584450431385474
0.333314791459483
-0.471391580702064
0.386197402120638
-0.316165000138302
0.0924735445321223
-0.51710757285645
-0.176381747247674
-0.103798664330953
0.245701178218257
-0.26580312645576
0.40840050736168
-0.681015950503857
0.726604666252575
-0.404511032413476
-0.256735393010158
0.304778661279364
-0.0210146181514076
