0.615212135747446
-0.447616025701025
0.68407330593384
-0.773840008522156
-0.426154456726216
0.716058459231734
-0.554889451232244
-0.0579410372732205
0.0976683729802984
-0.861039190922803
0.982317010645313
0.237877735577158
-0.0404978432021869
0.927210276588428
0.574972953702498
0.54667738684647
-0.760694649722925
0.367137806719429
0.508739746938259
0.503026834726025
0.141131122419025
0.669537586926859
0.245122958421829
-0.245118319253014
0.975868656783805
-0.711770757555591
0.396566331655045
0.914450680366817
0.947051220404688
0.683911760166751
-0.050712579425963
0.0742552166876702
0.597151818150781
-0.876623299291439
-0.854437453876031
0.562999451002676
0.864528778272313
0.226698598540023
0.630721791005072
-0.431306075816413
0.860783131662634
0.689056258253354
0.646272179025816
-0.232823823476231
0.192767919831643
-0.311084588587964
0.221591472143085
0.832844027905302
0.718370764053896
0.604524016204783
0.619740187306261
0.559569569880923
-0.999416855404724
-0.71957589667674
0.545559406779087
-0.551889653217519
0.417637696041538
-0.801934817794672
-0.981913244552797
-0.806065169855793
-0.647899433351059
-0.338640547809247
-0.979970595878666
0.951483671601937
-0.222646107780245
-0.824296139187253
-0.0214816861118405
-0.196296430029332
-0.87792229597425
0.626799623681387
-0.519966122322905
-0.233930826748276
-0.629021145524451
0.646174058542396
0.387940995078437
0.564029026256052
-0.898104948462394
0.149960871991121
0.15108685202889
0.426419324155429
0.552197157980199
-0.836028981769797
-0.11425090063205
-0.80059802820661
0.544076465893379
0.426955175178077
-0.85106846709995
0.30314024710326
0.604645596047736
0.17184523235564
0.902340779825235
-0.0121527029193688
-0.831905439849988
-0.763775537609955
0.0147090382620739
0.614568853791331
