-0.0216755625729654
0.536359913791256
-0.80863129334998
-0.681715010042659
-0.944367694977995
-0.0349676776809479
0.962709117818561
0.942792869937585
-0.796279183017164
0.590415334413827
0.481973776797057
0.751809047934364
0.0638449311063718
0.932623694905815
-0.0871631779311349
-0.0147497659332361
0.615236460749021
0.117173149138796
-0.331971655221447
0.555031370715404
0.987205453072897
0.381403182515915
0.312802633152476
-0.265702237071631
-0.982670080335481
0.396769713949764
0.310297551201417
0.847511542602483
-0.72522439191605
-0.477441339659491
-0.817699250784694
0.378740782797324
-0.467144051844301
0.442978589568866
0.555761713893439
0.49525596514993
-0.416886658404982
0.124042142455175
0.242526872090549
0.738623659887956
-0.492148060482343
-0.52861797200425
-0.0537083842753026
0.88339378367055
0.485648431779394
0.196247061966008
-0.743504891843447
0.236592809530093
-0.125292185728973
0.864227115088625
-0.443420771391584
0.0333972400191063
-0.627026929874889
-0.505195056597114
-0.0700492770965424
0.668227840930079
0.976224911301855
-0.931836144263886
-0.544728269188759
0.139953144136949
-0.723403439377549
0.338754888706118
-0.805619036099493
0.395452494047909
0.625462311101919
0.325204525480482
-0.322984871619033
0.802135142177369
0.928977678734993
-0.563155173198163
0.775937087087447
-0.750636848924862
0.187509151499217
0.77588588531404
-0.594595281000671
0.04309295639797
0.0417047430372253
0.368352926603355
-0.915088459180275
-0.7139991253939
0.936367392090059
0.0179611366122052
0.158327809258987
0.280007293602148
-0.625672471049017
0.0278044059890458
-0.245789712927335
0.320814314291539
0.723506593817432
-0.014423683845685
-0.767147407335749
-0.473370406910476
-0.623942839060155
-0.29599426063238
-0.715826545514986
-0.00502459739988719
0.913662044254404
0.565983183781756
-0.965005329402132
0.0559939137329148
0.339910314435273
0.882502672581629
0.340943653187764
-0.415549120504962
0.476296489827328
-0.52418255088549
0.67017148623989
-0.394589240393399
-0.0147569369120254
-0.969643502052794
-0.349894663934037
0.982436107583309
0.253475833902684
0.280024619579941
-0.066590224072316
0.204110289462963
-0.028121832697376
0.36682757499096
0.924246076938178
-0.649513237638522
0.131476625390057
0.421154377845808
-0.247428331832246
-0.79548976568922
0.383511477344194
-0.757122743592467
-0.384233291071124
-0.0248493446441064
