0.0909135426635058
-0.962171890935738
0.660867277979078
-0.768737728654297
-0.192514837470071
0.945106927856273
0.52153966958655
0.0464672278939726
0.153077783317368
0.0399548011412485
-0.0512618935052864
-0.723591867639617
-0.0561604607704929
0.886318605054625
0.926992484990463
-0.83763034980233
0.54517785287344
0.938787542065336
-0.87453193851819
-0.717181429383574
-0.873705207735114
0.779617940121382
0.0844284193152066
-0.492821934710829
-0.419866070177453
0.447773027580706
-0.387499146285529
0.0850363993852319
-0.927064380076803
-0.288264829492377
0.385680030192632
-0.0529072955821087
0.727750125652201
-0.53188460739902
0.458005398166038
0.653270855531216
-0.638224038393537
-0.54030420460184
-0.866943100701653
-0.323978175750048
0.317097640538879
0.406506428731343
0.96462494429732
0.590692170049385
0.295256376407787
-0.990010373351729
0.13611027703179
0.839533027896506
0.64652608414948
-0.912487821452427
-0.738437174168397
0.784078257393809
-0.706207507633718
-0.389648318424735
0.313437929190636
-0.728967296100583
0.996889169764058
-0.0596762111817932
-0.108115850283544
-0.325509635265113
-0.501205503705883
-0.816199930886376
-0.33882660177743
-0.485862121241098
-0.0525568465755469
0.334556614689614
-0.334346966824506
-0.22864104710112
-0.273539418601266
-0.321591096716325
-0.10046415650705
0.641810028651122
-0.734196977610672
-0.720905255656237
-0.101668664233734
0.275012844194964
-0.216859168647086
0.821386270701315
-0.407582841141235
-0.448342266584433
0.385464473256292
0.961232439315647
-0.384689722348656
-0.587918413068311
0.247731440781068
-0.904364377555786
-0.515921147440049
0.106842252951456
-0.912162062754226
0.0406100401638558
0.343515616376477
0.221104615704259
0.731419605134087
-0.604679090027845
0.160275536420254
0.653156168089455
0.980231686940934
0.766643294730213
-0.621839300012769
-0.247799043529818
-0.290607733194123
0.619652576270101
0.203905690693206
0.776386496319207
-0.914280775802175
0.729219107197766
-0.241712390889133
-0.821686571702333
0.52782129939213
0.876787695278213
-0.103522075325668
0.372581040329787
0.951100754973866
0.78378429319677
0.614829515744212
0.735173817686331
0.26975734840326
0.862700863659045
-0.620253012666675
-0.854120632132155
-0.344774366444506
-0.536940980628772
-0.947666490721284
0.373640692979819
-0.605037273698175
-0.552198971138328
-0.903027752685401
-0.160473613813716
