-0.848719225888855
-0.432245074643369
0.569577469537205
0.237963220998709
-0.462737517954769
-0.28931201864726
0.86976138156165
-0.539621445359291
-0.723991377550964
0.531968119774726
0.153653241554324
0.512693940795698
-0.449840211174048
0.152964070122555
-0.117931421489314
-0.880690834908634
0.203030920506094
0.536474551198998
0.432221596391467
-0.498154932987026
0.144805063634342
0.60133387296607
0.839660500440682
-0.198044838312492
-0.641445539317422
-0.295869355938958
0.189408055240787
0.113392709828813
-0.893881583877815
-0.422981234544509
0.314907370676824
-0.201104113663588
-0.184644521803035
-0.327869402284486
-0.0809041656894187
-0.647503708189151
0.809406930514003
-0.864745855846838
-0.974276873856012
-0.497075367020241
-0.889360930274421
0.281462212903286
-0.353243361957951
-0.924672282655101
-0.111547576109343
0.111245463380183
-0.336479871416963
0.229898618416825
0.130691102424371
-0.44806351036177
-0.39398863661754
0.619184363151388
1.00221035576383
-0.0811838722616716
-0.53591703539756
0.303440472285955
0.0995652707952323
-0.379078676365557
0.719871533742784
0.822144001581273
0.300555280656308
0.0787862015185708
-0.50361485574908
0.731273244204205
0.536668217517188
-0.328239228496073
-0.686807900390319
-0.881401316813597
-0.727966945967487
0.266056088819466
-0.207180429801609
0.902275337179551
-0.686817352527695
-0.168584671603799
0.0942647907799351
-0.358675215911591
-0.995511822484229
0.175903983663947
-0.636816139415543
-0.543292047080241
-0.720404744975463
0.289883625566132
-0.0276022877887351
0.372864933999649
0.299651290641882
-0.395191486235579
-0.344937921296471
0.309134689796666
0.63113921527632
-0.675156562335335
0.412892537677456
0.730547936316584
0.664868999015779
-0.833140870519528
0.197192956857428
-0.360112780998981
-0.744995000892239
0.41175616434398
0.123819821822813
0.309235187328699
0.149354296433156
-0.0389634706883003
0.601805672319419
-0.806309930788114
0.855313155010264
0.105118502292007
0.749477464537085
-0.906868520474386
-0.206071151216928
-0.808604648516336
0.46477309530749
-0.736446526594125
0.553211548221487
-0.214539537426578
0.883796181139424
-0.0461622159321618
-0.641175622210115
-0.38013884419677
-0.689358070827383
0.383503080293774
-0.981456300256654
-0.0249244654790053
0.604884134021684
-0.81220786412208
-0.257416284104513
0.871709553385753
-0.433251095817144
-0.498641671505912
