0.899172185701203
0.887733254952978
-0.504108175598477
-0.249668100029128
0.401437845408364
0.410259659647183
-0.70126227006793
0.225753994857472
0.206824164079126
-0.998141584612056
0.41009154091125
-0.501827390305265
0.514968221506191
0.145042933657193
-0.414138268334597
-0.299734040013585
-0.174395323871196
-0.757677311606345
-0.90264387660293
-0.0654419869893482
-0.221158557601848
-0.0691202286587222
-0.263029157640178
-0.884221635634297
-0.446090063285269
-0.138173177681573
-0.469322922120335
0.845741539844225
-0.567847281066419
0.855218985709803
-0.591998615669563
0.0130453827289555
-0.741266881828738
0.202068836132388
0.237880512780115
-0.0252690809402859
0.549397882035002
0.107085544181031
0.841999881418123
0.904606077821768
-0.235309943882197
0.0888781472755942
-0.788594034640864
0.903317532243456
-0.166040696125094
-0.207131923763438
0.165525218853731
0.0432365548909003
-0.788896723616644
0.393053150105864
-0.683231769948035
0.346122603073845
0.078035308168417
-0.000817975561646422
0.927574622102065
0.50509153427453
0.464890903886053
-0.874673301256255
0.364281313556778
0.0693252478631051
-0.939988286771494
0.0738018080413166
0.230813030371632
-0.617512637078287
0.45004062635689
0.366079729182018
-0.386520621568084
-0.185776867558759
-0.262633313259731
0.041779103405851
0.692755876272933
-0.391579427050718
0.493206221210932
-0.622576402399832
-0.229241019325372
-0.0834657923819449
-0.398559704748036
-0.577082617045193
0.0395097574001381
-0.40365287037589
0.396666923571432
-0.256806431488442
0.208250335177525
-0.768030182249738
0.830834160904731
-0.0131845837235371
0.466609519393266
-0.688632815625707
-0.174140365009063
0.243300087102848
-0.626426776641647
-0.792325395304921
-0.566219051891743
0.594080461235937
-0.388856676716324
-0.00283224312825131
-0.539421615008443
-0.0182034838164383
0.170465751584543
0.691890467685194
0.405081352153465
-0.453729517233814
0.748714718069862
-0.172279722801085
-0.0644202613650202
-0.371688071317239
0.876331582921353
-0.915868062413611
0.330009235668806
0.848692987156191
-0.378475333092769
-0.636930226425159
-0.517175988506151
0.891763903522152
0.430718404848559
0.45022597082919
-0.800119186515955
-0.141211922477153
0.50252653803498
0.858516615403071
-0.493838648174976
-0.61923256995357
-0.471082518022262
-0.129035757968509
0.635162693330685
-0.653525561201017
-0.367831605927918
0.330627762582372
