-0.0701844117386428
0.810007090901405
-0.318283741545472
0.41932531458214
-0.655189037918107
0.979022286991108
0.189472429276265
-0.829797365828217
-0.544691854568877
-0.702895406889523
0.871257903634997
0.224357617554022
0.583089026893434
0.00578219029251102
0.756140659377296
0.720505378753589
0.816706507794304
0.740548804043124
0.039424952059943
0.531004347693479
-0.0122221097265157
-0.264993627272839
-0.542718581559173
-0.92284666991851
0.156738420370964
-0.304715622106606
-0.431192563024696
0.773188885401026
0.819440523955099
0.795304996192401
-0.0462128661931835
-0.102865909061554
0.631421557481529
-0.891670862361971
-0.86089260883898
0.532982019151973
0.812012218738267
-0.389248355245101
0.228564016648205
-0.112050886694397
-0.0171492702087359
0.0651352401111818
0.510612889450248
-0.699501563898322
-0.350622444999116
-0.843376927108026
0.421573210908142
-0.682227477407568
-0.350758280772488
-0.760889511627396
0.372534437302306
0.26383795467299
0.582761709178579
0.80532744715652
0.62399377457448
0.221333759510987
0.6521826706605
-0.959154340450355
-0.60350634401461
0.0138839530478815
-0.847996905715467
-0.235801245154774
0.41325089149181
-0.951955037047654
0.520459196136203
-0.115370145561418
0.366702171539256
0.474103366340162
0.4281052050214
0.138061915031955
0.887883084742975
0.969383029847587
-0.293471079666911
0.285130319815517
-0.866705991201778
-0.678295246275053
0.994651160715939
0.810464804793498
0.643000770124544
0.552763668100467
0.218449661510587
-0.30510168349339
-0.367138259708407
0.731468192145438
-0.0922941529903407
0.857045303478691
0.877230838195058
0.177098900052351
0.769798385507017
-0.081956493064027
0.729096677885659
-0.402719044051039
-0.047356029619293
0.946736377661094
0.20221414548777
-0.451490545771049
-0.561800695218747
-0.290722561666903
0.186784884120995
0.149002547609382
0.939260331701511
0.498733800250842
-0.714932501314636
0.271422745210569
0.0477145524012858
0.19056489686016
0.614317697226326
-0.38036031850681
0.469201321118292
0.0962062718106201
-0.94892392968134
0.242081952210896
0.899504325169253
-0.536311571333221
0.221406458912105
-0.334325862393993
0.682907954930056
-0.0193824011461132
0.244072900182073
-0.860636242775485
-0.863296710323071
-0.263050118623764
0.0303003068094347
0.857616707321664
0.387316901173992
-0.706532965983562
-0.557773021613921
-0.910271435296753
