0.826302123885095
0.105115198198157
-0.166586558253803
-0.55201302435586
-0.118635554023609
-0.071205497551405
0.919426194991673
-0.233889559533674
-0.434120657863875
-0.79436551375069
-0.579640016419095
0.750690655455517
0.877286499643053
-0.16601896365579
-0.610585332157735
-0.750129674535704
-0.733184223548551
0.75783104614985
-0.117705720277951
-0.0977207267612114
0.0383382433085768
-0.806691597990444
0.464773350662794
0.47635912524694
-0.682056121929609
-0.300878107654493
-0.124508600417311
0.0214545511396426
-1.01701062551037
-0.115258725058317
0.82807291390289
0.106667618639982
-0.950304291970431
-0.595874825409086
-0.70455199263554
-0.227995289238653
-0.587426491016608
0.0249037021618652
0.475670029017423
0.381062981490069
0.198179987446309
0.200177267741038
-0.649682957347115
-0.854782619781597
0.325733742402281
0.399754445275245
0.746732314807057
0.00466619866136223
-0.810993152003936
0.471165880082999
0.292518034512639
-0.998505628350523
-0.960809298777187
0.743115320396812
0.296872371498102
-0.142991041282593
-0.0138625397640158
-0.700164533944935
-0.0441611750990754
0.663185854321282
0.235023243459787
0.280628113331182
0.854467630947642
0.818085425697405
-0.999185697629116
-0.745035483511572
0.378038978247889
-0.0087474652105805
0.652368842206374
0.0278257081990144
-0.701041446320266
-0.531745444418744
0.666063166690939
0.436494438438337
-0.247553854413119
-0.766039564053533
0.345111783359257
-0.10084861096883
0.103597342938396
-0.699772901860491
0.504164449086486
0.133796245950222
-0.761118796353995
-0.625750612545661
0.274864015561931
-0.752929824452372
0.627794387394037
-0.548461125958291
-0.604958779545395
-0.955095588394294
0.356699455714475
-0.388022069177665
-0.660429254604447
0.200044618487913
-0.447864265488611
0.176101210089261
0.761580107397255
-0.730722783480506
0.386325222426375
0.45080927483412
-0.349150583073699
0.959840809910481
-0.641629829654657
-0.915219729269622
0.573617755027923
-0.957070909169637
0.917527996252139
0.734594572382237
0.586725556257719
-0.712545685732038
-0.849420749968076
0.306367218651061
-0.78892933902087
0.511283580143854
-0.59576461418117
-0.908566704437347
0.845631251166638
0.98644070209158
-0.994877622827129
-0.650787424902887
-0.359615021368658
-0.133247474415231
-0.974796639559825
0.0265810899091901
0.311413988456632
-0.376311483547977
-0.330933950739884
-1.003204591359
