0.293802251922905
0.0239346965553878
0.796901525097767
0.596857994714105
0.213227083975755
0.0250874219816629
0.382302196205631
-0.818411226098769
0.469176551081044
0.26438249686863
-0.546349021301347
0.135829424559357
-0.246318565065596
0.31770496510792
0.991019396288943
-0.115881348783254
-0.274035757173749
0.512630695574625
0.775709415592083
0.922166530740835
-0.822708883711257
-0.822210001273301
0.892841228321381
-0.0170620480726521
0.565877868218421
0.360075080490974
0.185995904035303
-0.355433734241974
-0.423169934483729
-0.0458124989920466
-0.311296157505759
-0.920619131065502
-0.139311803657059
-0.125530693970902
-0.651642107223321
-0.10856472537341
0.149892144550577
0.272238524959689
-0.887733698360117
-0.508520451416279
0.923789636265155
-0.986724933264334
0.761127846853849
-0.93722069180536
-0.799491284469347
-0.283701220862236
0.381838670001015
0.157995537964887
0.588969516018607
0.893463175045147
-0.27539029247738
0.184426939321279
-0.102147108996351
-0.495045844551399
-0.706833074646948
0.813890449069964
0.62213873519534
-0.42674766423031
-0.992386385127081
0.0029373426871086
0.509997309874424
0.472803089173743
0.556215154512616
0.399742215241432
0.923748812765822
-0.3720236955216
0.0868604218357159
0.2150365213249
0.771954079416099
0.923163467518193
-0.470320536620663
0.606459089136517
0.141197018319311
0.367550772381007
0.905651166258222
0.449134170608161
-0.429504506545829
-0.00580225100784954
-0.537069921873029
-0.609983050183397
0.697683119875464
0.58798741809707
1.01696463806884
-0.648018705618753
-0.87125247017277
-0.484714084695257
-0.293762355136941
-0.938232084140925
-0.864683451000649
0.860238765750946
0.643224655169491
0.482261301234858
0.464395908840244
-0.408484018791735
-0.249169915219864
0.318466180439497
