-0.47397425024155
0.0845564567984634
-0.383199767429697
-0.74605137090084
0.188426468539948
0.797971882040181
0.463743497622335
-0.448138734095873
-0.351033349222867
-0.373688933977549
0.271677653499608
0.0858742931835999
-0.148026018010227
-0.763996642284806
0.212604256962583
0.804715269433642
-0.816396887816897
0.471186977787116
0.604202471576195
0.293567853899909
0.700009377889809
-0.613003902935375
0.678685017112047
-0.345050478549664
0.185918945165565
-0.971755041086434
-0.159330134246308
0.0648027975899953
0.0546755174312221
-0.315133155428953
-0.397542694826134
0.203739968500338
-0.367026843434193
0.614914729025688
-0.100342235709247
0.94592432903749
-0.996516943147504
-0.639207386024122
-0.582538309171282
-0.960008211607194
-0.505172107235239
0.506114284059044
0.0830976790795774
-0.0170801164110556
-0.147838282476953
0.241338903947023
-0.983783387797281
-0.483545688965741
-0.601835104853162
0.316097401660442
0.736811133159091
0.497759915220165
-0.0533316293028726
0.255284585739387
-0.66346750236921
-0.662816508346431
-0.332331126642522
0.35193361382729
-0.0101981300605418
-0.768282003941918
0.840293669891925
-0.529369452671461
-0.889047542262805
-0.778261453896801
-0.90222423481
0.257939173625732
-0.71049029921398
0.485279255799318
-0.742140912098154
-0.947174723446372
-0.503490972844794
-0.387402124989069
0.721536771733743
-0.810617092680281
-0.539221720269014
-0.121569550165636
0.0931681535747022
-0.0616791171794053
0.568562556738834
0.294976829103007
0.0101838612278014
-0.763654169463966
-0.138201526845264
0.936421936627268
-0.47959472169318
0.629599362347736
-0.0500884446590613
0.00483532119974963
0.251414270671546
-0.0969960081124873
-0.162143699388643
0.723600913377122
0.22053462648332
0.540226547805269
-0.654839238196473
0.219574808598375
0.134198831770974
-0.821667572490148
-0.569279969465276
0.852972926734213
0.8397070173525
0.354420854527585
0.63490809521575
-0.822012296604007
0.674594737477276
-0.105943153218554
-0.731639449008242
-0.875843039026226
0.0713761211232049
-0.58922816248049
-0.395457605712298
0.278901003973195
0.203806327025552
-0.131452068987386
-0.277779683404392
-0.953921212532139
0.576346886361494
-0.261566479073174
-0.80773024972453
0.638056215077733
0.204227388895892
-0.762878725504136
-0.25178090073001
0.532366637718358
0.473353169618765
-0.850681317577708
-0.46612984885219
0.480899175532029
