0.432929125298003
-0.650962938273898
0.145821197985763
0.367196940801188
0.356941779803476
0.478525020338497
-0.747764426724934
0.147344927097923
0.26093033098506
0.0164016039332337
-0.149468582842851
-0.398224574909162
0.833937350420596
-0.0335455804272198
-0.483019830297706
0.783634176622976
-0.314921343438291
0.786743085562134
-0.326797747869033
-0.800818243329458
-0.697342994171924
-0.712607934251575
0.589227717357262
-0.131580184562929
0.02218071164608
-0.834458853576452
0.0345780360913531
0.562518166290854
-0.409818544374793
-0.914612797124432
-0.779577541766719
-0.677555142557469
0.875697903350227
-0.345997101917756
-0.234214660347736
-0.81118961721877
-0.310952726689411
-0.0896150019775781
0.767678368327888
-0.100852849200171
-0.816236110208181
-0.8913059568217
0.691365737726411
0.0497480303268316
-0.309404805882835
0.973295983152713
-0.470574053972078
-0.495708007909171
-0.0212915630111981
-0.653119298244045
0.816182545304443
-0.59632004819879
0.324767985590964
-0.358375264045971
0.817588683018563
-0.733891165782751
0.543322723441851
-0.442644377946555
0.56557768235076
-0.384365632848543
0.275941826488492
0.979367662109538
0.115646259519185
-0.454136432551218
0.345875649116897
0.783483059384376
-0.503626651804028
-0.0628146088202423
-0.176646899722372
0.477839352572753
-0.764072593145921
0.721718634187441
0.239294351585601
-0.792752712582323
0.748560403934005
0.499751495963304
0.858314858847003
0.586047776805028
0.504214430348166
-0.38685844931233
-0.228547232805007
-0.298401506535249
-0.376326170584742
-0.874662294399728
-0.514923587738188
0.753188424535361
-0.572654697917781
-0.930405047432441
-0.970775978063586
-0.64131201403381
-0.041880757340986
0.15817623838556
0.0700143061022008
0.0716840601069721
0.636521643204119
0.966754566713615
0.773026494304325
0.245520829126759
0.04133124954283
-0.454998409210692
-0.185850651371758
-0.356085323006797
0.797736682406425
-0.749516392862409
-0.118425446783123
-0.772109256199289
0.466203789476649
0.469137233191571
0.654650791736298
0.85793413890316
-0.81654970194754
0.118402217852439
-0.283864824640157
0.698112782434733
-0.391115598723508
-0.068484969581494
-0.816842204986287
0.353826966145441
0.412567453936214
-0.83117012580426
-0.941278005751472
0.540401752771355
-0.56445719463891
0.78880094988978
-0.0778001872515254
-0.735978513598483
0.549322436154165
0.198704479404383
