-0.386148346384836
0.490447592613791
-0.458889721975632
0.935155148256597
0.17182058810218
0.735976308172242
-0.92600471475538
0.211138782318667
0.452640007519589
-0.451341669947195
-0.699461083792502
-0.327358226681207
0.228630092180383
0.0645058576445876
-0.367081794890938
-0.72699795242601
-0.244744207230775
-0.184217691849264
0.442365262213801
-0.708898372001606
-0.379615864916422
-0.806533692110857
-0.37160361629307
-0.0976369529268012
-0.872674234713397
-0.685167518998711
0.463558639478495
0.68367753207227
0.330039495020629
-0.611776429914064
-0.996133457169331
-0.490840616133864
-0.411338175955065
-0.832279175997174
0.0545038421287234
0.656539265352076
-0.181746989159884
-0.808118680026735
0.884530376657351
0.412194754072088
-0.485376684856692
-0.015138271449002
-0.137546094400024
0.694481890495982
0.565475373655359
-0.0605044004531827
0.829528555807512
-0.937798707103086
0.0565770396583619
-0.766167148255795
0.777295046851685
0.379588341647256
0.675290718454691
0.928812292410304
-0.825534867852629
0.0937054575831345
0.84772032673158
-0.708927679137606
-0.287083800311484
-0.701249889917899
0.855626214698592
0.32712629810617
0.184998807672125
-0.33783422666151
-0.307431067683895
0.885824753794587
-0.839234946160081
-0.747700679627248
-0.747055800066761
0.0796116972502871
0.0565099472679609
0.518044979886742
0.0621798756781167
0.302529424307789
0.341219561267896
0.622610741725381
-0.74108984273988
0.525195231559478
0.455022715400065
-0.877274561840209
-0.641924375702935
0.274261359245061
-0.573891105151817
0.39400710682223
-0.0205344241845371
0.961372562428005
0.518202904461079
0.651163980590691
-0.733700060172652
-0.0961097507580892
-0.315546054438859
0.361398173361614
0.31651508156079
0.508616425240924
0.525392423833459
0.630546835426511
