0.460225222789007
0.317472387940121
0.205303641694301
0.367962317325309
0.874621855119574
-0.54152649537197
0.785463755978455
0.879966479118095
0.262011367164634
0.354867732095676
0.269466985681102
-0.553515265167814
0.506167953510793
-0.306411723049336
-0.70232849161366
0.405259310284
-0.346000755885927
0.662586627900742
-0.752699358091456
-0.807993393987548
0.0269126762177656
-0.857135409376234
0.17597948605533
-0.993177976812301
0.11170144893466
0.0873251744616383
0.676435214119623
-0.334977738062011
-0.599749065983045
0.107375822806198
-0.100762761699625
-0.150744471748751
-0.141376022682198
-0.0917748616871372
0.324322219925641
-0.362095924347224
0.586068270350792
-0.578352350117386
-0.525267451688771
-0.194019823854626
-0.945179472299026
-0.92538785570558
-0.693116252731001
0.0120941211812702
-0.823668570515772
0.597195244734771
-0.52799989254665
0.0274203443256531
-0.546860656801222
-0.921964651814039
0.641581625454933
0.487998775495977
0.882927960813959
0.131990175235142
0.830010145770995
0.674503525068802
-0.431245646024379
-0.917901580087608
0.931470101260584
-0.506132188115915
-0.838756383849956
0.710823899972873
-0.434252937070039
-0.50344939385655
0.77290117667681
0.465657124805093
-0.723254175311895
-0.266089694958663
-0.310453838634385
0.800646552976166
-0.58361161542
0.338458585887028
0.0382900355572332
0.469744658631563
-0.0616763099406699
0.764798755109784
-0.366745307849257
-0.567008420973632
0.194050338032356
-0.929426469400213
0.215509745908962
-0.731444341679757
0.91488042095208
0.463662151934634
0.715659062848521
-0.986184608993776
-0.183467852534759
0.623293919090103
0.849266976714705
0.190437940620128
-0.270360725728488
-0.8592820680862
0.151630238182442
0.90635630461884
0.706120960137446
0.327310039483486
0.324960778151971
-0.295557298359159
0.715597203834979
-0.210506345711892
-0.294641291082768
-0.683918109533691
0.496376672261787
-0.847741460471538
0.257439880155553
0.483822350799132
-0.722474112993552
-0.835351211588214
-0.918304838610133
-0.045934822510984
-0.930220915048008
0.147132859648825
0.287114794419305
0.403700508027098
-0.348700752030345
-0.936112693082029
-0.523394944834337
-0.280564097536016
-0.95837895233221
0.680327769737458
0.667109121195473
0.96902508210367
0.481418433942189
-0.800287152565127
0.277199325937207
0.0377484644968424
-0.744758356641751
0.494815588301125
