-0.701287615103882
0.702730730270275
0.912866380714218
-0.813562645082367
0.337879028544082
0.0242227533500544
0.226986761416062
0.69007859730566
0.859868880511195
-0.737477991956941
-0.899619613244423
-0.752149898167244
0.621066909464604
-0.709176232940872
0.525949828394831
0.479346886606865
-0.57900284520552
-0.695702703007
0.113973315832279
-0.539645768393079
-0.527917036184759
0.0933434747178076
-0.435350423447447
-0.0253279622122202
0.387905690681214
0.0159133049630947
-0.530759240196947
0.025846439411281
0.746546536062568
0.857990733264756
-0.245737668522617
-0.270903879720543
0.21446676634398
-0.520433415518348
-0.662175244780455
0.938029264598306
-0.456903967987151
-0.818954175519366
0.46727500843799
-0.533513257219797
-0.559183434234809
-0.219448984543108
0.221758625532226
0.61774943598505
-0.617616647542016
0.834765956519504
-0.145693457389113
0.749887983358581
0.364582114400849
0.948218897911753
0.214915543905989
0.0355873129692155
0.929977974031779
-0.142965497562169
-0.545842360617335
-0.328442827920182
-0.380852919013034
0.193794285763263
0.0371528744200095
-0.392386594269545
0.273794808341814
0.432861687249531
0.685937077572484
-0.404301226932809
0.0314469642806453
-0.952428267477525
0.858818711520647
0.783982736805464
-0.757712873799608
0.459914264019425
0.904944714662746
0.766704241161839
-0.514757806785742
0.059691793236241
-0.541474800425739
-0.83972171353824
-0.139175404297318
0.836375843308831
0.347617818062535
-0.546323327962584
0.859356267982557
-0.887796024577591
0.732434061319969
0.192143169198949
0.501306793585067
-0.138103309874081
0.497749367492207
0.213580982484497
-0.431376678223821
-0.143919072546036
-0.831365824000211
0.938675694338583
-0.650826756794502
-0.597560219238055
0.773688190609819
-0.764032099173303
-0.291063797018274
-0.803653594041531
0.264204786550931
0.214565295286834
0.798071209349434
-0.103824631979348
-0.787674224658872
-0.166149791812799
-0.187901931470215
-0.102107134012582
0.928160009993263
-0.542461502916142
-0.777322603605623
-0.54385208293366
0.9680672063368
0.723418459061557
0.129947346751599
0.258589770257355
0.484633400651773
-0.247152218560026
-0.694987324456599
0.495418245266853
-0.270651376376236
-0.201030078286069
0.639009491801309
-0.407718446806651
-0.248019969422399
0.725357305485686
0.451865940808824
-0.762416737067402
0.992250245832892
-0.315112967654525
