-0.0698240824591668
0.909352193082354
0.592225244964
0.113078171706428
0.126895290636396
0.00954940591838057
0.806885913185969
-0.869597710621143
0.961666792320233
0.686559121393865
-0.703858748095877
0.607548303677944
0.104864689924184
-0.357122960848528
-0.493459557628836
0.766192506777651
-0.00134977076278319
0.719318578173199
-0.867643527726779
0.812807992646442
-0.273669496648771
-0.817531598875103
-0.903080579523416
0.416316338799908
-0.0326434187015295
-0.902301775697979
-0.616740642717826
-0.682920582207084
-0.89632583648361
0.245399736423871
0.554680856858931
-0.532574943623312
-0.130912903088667
-0.0563415820090765
0.956206502379139
-0.166514661898405
-0.9636233077854
0.476354164949993
0.873790384217063
-0.871890348539148
0.0917561768455938
-0.963519755244464
0.0344433809387983
0.897947267516081
-0.505791434257222
0.206080536126404
-0.934048906155135
-0.96341931328053
0.0678904135691828
-0.550758608684868
0.100359479633031
0.112404596970334
0.531245623027696
0.634274111939595
-0.944415469053915
0.271142309921812
-0.911776170074163
-0.643731605348396
0.848977711770291
0.783918087784915
-0.750950573526106
-0.564390043061691
-0.53831629540636
-0.0451437048506876
0.189426813494823
0.370621765904238
0.56573485131276
0.852068762972012
0.156525451199297
-0.73563435946345
0.772328267719085
0.264861616528192
0.395512844698093
0.200137084887974
-0.843399693315016
0.736410344997853
0.0803105421974923
-0.545127554032681
0.0577408035350308
0.941233409705445
-0.460242915174814
-0.671882266893993
0.00582905530803684
0.231027822069743
-0.664470210120546
0.703142771606298
-0.177465973451107
0.885339790538471
-0.610184414461375
0.741027837302999
-0.672544747041936
0.712154081413991
-0.471687052936873
0.542005513993391
0.492001053115353
-0.0666126174301504
