-0.552413401460225
0.894755644465951
0.618999171201282
-0.833406814630794
0.024130390675238
0.891065959786455
0.14821141276637
-0.824282630015875
0.48598741647926
-0.705045128249524
0.241436581765167
-0.5938442638782
-0.393807028833638
-0.0982905572947406
-0.575823500109663
0.63701619971699
0.267818118142184
-0.184766767264223
-0.396360919764511
-0.909343471184183
-0.0994800032832268
-0.502276064625541
0.389316151005112
-0.524426575996356
-0.152826608250645
-0.637055209977659
-0.884382178602772
0.777861492882811
0.00269069968367454
0.749579061645557
-0.0786780114750445
0.875130272516311
-0.417252991075948
-0.796453966573681
0.773634838604543
-0.233717709457506
-0.339459702774837
0.933461971359534
-0.20567272365447
-0.913883402278782
-0.390380815868435
0.113150092054911
0.860469103653167
-0.172730730455136
-0.598062152810581
0.954447524102936
-0.811055180208262
-0.524424755137212
-0.755825348223081
-0.304457070461662
-0.266328788443619
0.965845623076588
-0.70371701235347
-0.572366366762691
-0.751703066001201
-0.467041973297745
-0.341128079915755
0.880150026295719
0.407742016415285
0.979146391898772
0.796575121311866
-0.253338136684402
-0.239530114858093
0.0772460039972378
0.152997825077867
-0.145486193780428
0.0599545401790579
0.414184579994557
0.517636785019763
-0.198524792232524
0.0151561661605304
-0.0920369120286113
-0.0828907191341007
0.92016312978175
0.60020333731857
-0.647523532238752
0.123265725172597
-0.267730410332579
-0.859780678895288
-0.360101822025077
-0.589987118992307
-0.247626646123626
0.291969442967253
0.710033800416998
-0.376810437187954
-0.382034130958868
0.0460780108241872
-0.452305446183123
-0.458606354180863
0.90141669980957
-0.473584988618599
0.438718513393366
-0.923073673737672
-0.212291190997527
0.772075708239952
0.483415629194679
