-0.313791415613089
0.145224976320236
-0.718635092750925
-0.203417994177473
-0.0966098556720087
-0.709146720152707
0.862255747323183
0.690851848954976
-0.47064703826671
0.529898904351319
-0.644219019382767
0.526008353767329
-0.658819951119424
0.598898829700577
0.868228706319876
0.034682056727632
0.891698503420096
0.344319598854874
0.719283138587813
0.617272984914653
0.593660395860237
-0.190852907759752
-0.789006195848029
-0.86512211477714
-0.800376800033316
0.493961070101549
0.54348165670184
0.990349589034504
0.365226340155646
0.497472468198274
-0.0736300837601291
-0.519449572218039
0.644949956235277
-0.503946771864824
0.163911657786305
0.965339346228123
-0.202503512131766
0.652645852011583
-0.677941945105645
-0.561723803092066
-0.762651060949852
-0.759444337983784
0.612780220768282
0.709200903536115
0.391371852530461
0.294283219175758
0.0882419203761939
-0.388441918368845
-0.0608461846071892
-0.69456904436456
-0.648625765161977
0.330554897781529
-0.128329979768426
0.740397693838911
-0.49568717013462
0.90959178756448
0.101588014008284
0.0714176888911677
-0.79921789087808
0.802802212344033
-0.955435936901114
-0.318058687603574
-0.360340972058434
0.387405231046398
-0.0987135221713302
-0.18267354083912
-0.476042385085599
0.0367736553506689
-0.957060457608681
-0.473981332684738
-0.737770970988808
-0.384497513937761
0.0244375264302969
-0.619762606256863
0.527844703735781
0.487062618068503
-0.402583244480278
0.534350590832781
-0.309678689418148
-0.320256690963811
0.848892818779866
-0.869170310164854
-0.835028876363042
-0.389989424757496
-0.77268212220856
0.525247725676707
-0.492574329850676
-0.496489900715249
0.526713846858237
0.674047241766085
-0.548267727113407
-0.999215846426591
0.633590585907827
0.777064064805929
0.911649623742137
0.703995082086787
0.750608827205677
-0.0710295543465968
-0.114791156913457
0.561615104081762
0.71317236043941
0.672844556616353
-0.510435572702153
-0.382073991516822
0.868650979142073
-0.618279827366818
0.515752704591914
0.53913612021479
-1.01569674114489
0.681161570019037
0.241047585213167
0.661860131760963
0.250574735011937
0.295889545303195
0.478246116104644
-0.52919140888587
-0.262672745120642
-0.411409105762449
-0.102246825586838
0.527276501676168
-0.0602087930185606
-0.594469510085864
-0.233081117662096
-0.858019415637461
-0.679889264727146
0.0941568473184257
0.184477763849508
-0.701725546357486
