-0.368520089240814
-0.462690237897483
0.999651652600806
0.961132316470763
-0.705750943073611
-0.801103372694632
0.5920086729978
-0.607097979665271
-0.24375139474731
0.646852334607142
-0.395895248348083
-0.839281234015521
-0.18871200539381
0.29216250250531
-0.767222094504771
0.0448437363821368
-0.416855365790542
-0.318133097520765
0.356936187399441
-0.0056239061354475
-0.371374164544496
0.508753639184755
0.104659038518041
0.158012495638205
-0.118102248199768
0.145468787357028
0.868645084053786
-0.118592592813558
-0.301219746953381
0.32143114477121
0.938283426193012
0.572480233071134
-0.790435369500771
-0.979929029495681
0.177860050456216
-0.116908925486296
0.868524216587428
0.544631497457064
-0.298081487968615
0.575422558295789
0.46652121668298
0.177326177409544
0.465749842430906
-0.913620350674905
0.513609305710333
-0.591306766289368
-0.858239996786812
-0.664664081605088
-0.116668348047464
-0.971919699393706
0.536929000025973
0.732924110457812
0.195332369381415
-0.38348530151058
-0.196164715215161
0.404443919005926
0.671103520388349
0.0298875075898977
0.297449664997097
0.909788428027473
0.0486634444728685
-0.0576501805695372
0.186716916707397
0.416872582386246
0.962695158350776
0.588791856253179
-0.92789094439455
-0.878756380321755
0.19507330446335
0.477022102266537
0.319699217983967
-0.912274132211395
-0.167492581893688
-0.0557591637510096
0.456829890610356
-0.614041633898352
-0.105115288442442
0.33069053512127
-0.0793721068707263
0.673434236590451
-0.350006444891313
0.419209623005692
0.565821753151833
0.276709251651472
-0.923259419843143
0.634749860801891
-0.683497594155839
0.0364429566967008
-0.374845256879532
0.477015342191644
-0.556485931908608
0.49628578092394
0.865751870853698
0.289717808787473
0.996655861274477
-0.853631089182818
-0.91648643596704
-0.212077105580348
-0.936383367597289
0.113423364675344
0.0406574437544033
0.946935508921976
-0.0794790656838629
0.419031849867073
-0.951941940737142
0.138260823340645
-0.806244255102555
0.419319943525838
-0.106121934992397
0.368598213029863
0.595388936415829
0.342675845152882
-0.697789701953233
-0.928926383524987
-0.969758090167844
0.356965059588849
-0.732138962999717
0.373236296507585
0.897845291189193
-0.527152180125797
-0.672048165348763
-0.823141475981474
-0.454738612092874
0.689182421607967
-0.962040016306176
-0.342512471725871
-0.362123593503736
-0.223938065084388
