-0.864913356058911
-0.351217817524275
-0.456047535820456
0.142774480308737
-0.231565746601551
-0.0197738102617762
0.330867824013169
-0.51886958242883
-0.246077017464907
-0.519146824361353
-0.626152620281871
0.145434555121112
-0.689368280198626
0.0888738982160151
0.468963897746061
-0.812436012400146
0.609320456922233
-0.03413923210284
0.238076063794639
0.931142592846556
0.402638480579212
-0.108397316049188
-0.261550461793444
0.235290125753365
-0.733767389374264
0.477951449519788
0.887059061966838
0.744841470531818
0.445328700322192
-0.374490195067512
-0.883497711468183
-0.492318777498804
0.658119255318675
-0.0482341332947795
0.503948235286263
0.262325950268464
-0.39628841755414
-0.811133037878787
-0.404139224203641
0.41087377125456
0.436194195732388
0.500290198471405
-0.292435307894009
0.246733079465911
-0.788108485033208
0.955910574304909
-0.965918278610037
-0.00407639330423537
-0.934890208211191
0.00373149506042592
0.390972722724523
0.293599153883847
0.689395061863536
-0.728495599593662
-0.525620830520217
0.308654382490001
0.328044930191134
-0.943104458894203
0.794022935961325
-0.222124711616685
0.335132361605755
-0.657495128175313
-0.262525610105716
-0.485521112574498
