-0.0494810768790607
-0.390748383263436
-0.881509639004298
-0.421240232868474
-0.41081894540415
0.178681997843818
-0.999697765236604
-0.395277845369638
0.269782709456895
-0.1217780037933
0.213662366884008
-0.200091724268921
-0.402801180148519
-0.607301889892474
-0.926343279859692
-0.946133401116523
-0.330084820296444
0.67867683295406
0.0366048246564965
0.125201241926889
0.477215922524498
-0.737665636857307
-0.970129568897981
-0.237023513959601
0.986720838500291
0.783472039177656
-0.7313186676192
-0.00806920517803844
-0.961581640133388
-0.430023161109364
0.242813399910322
0.759198579600973
0.0953421789804139
0.412694395356488
-0.956097238602393
0.339559309176696
0.269273973937394
-0.730160395049124
-0.591355610862809
-0.314475712286505
-0.475727578650212
0.315429664990315
0.1621721024801
0.102310294007003
0.105516679305246
0.619049120909445
0.755377005006204
-0.6185911460986
0.341303579801147
-0.160800940625762
-0.844617977523902
0.309077677972513
0.0893344565709877
0.558008496397699
0.584727048806778
0.218103861991222
-0.989186698247777
-0.819590395186123
-0.810914589460167
0.832084262612867
0.237730446184459
0.217830268934413
-0.866723739587044
-0.564309775307999
0.494581170597675
0.457431153647745
-0.270821213670143
0.992142877083545
-0.731430240384915
0.287342696920941
-0.580086031009326
-0.386335798531257
0.129032287280038
0.814037509789376
0.908184705896773
0.46414548494316
-0.523647343153243
0.807043795892826
-0.878641206710351
0.304716477058318
0.794799741377806
0.020787084342748
-0.895882121227815
-0.228695566759237
0.0861121930244994
-0.80346575541801
-0.0604452074376746
0.842285630546395
-0.0195171493366024
-0.938402844595621
-0.242933042906742
-0.111589357740172
-0.160559265112708
0.917245409673326
-0.953523377295622
-0.921740228983905
