-0.037964058001661
0.00338631875541656
0.678584015710661
-0.841167134469974
0.927555649280833
-0.0388003321028058
0.601833766826305
0.47114023123559
-0.464376235614181
-0.0559833752149672
0.827617694366505
-0.365550459549409
-0.257037652334858
-0.783040810685856
-0.633358134247434
-0.277195979314297
-0.849209500114111
0.141542628158226
0.437293397761932
0.635230040806467
0.518120690840571
0.411690448544727
0.549041617334232
0.421777427720809
-0.428354529325921
0.724399727958907
-0.482557621387196
0.105146405089224
-0.373538230730559
-1.02023453171624
-0.269356932808257
0.651685376749508
-0.230924557791314
0.555289502490356
-0.288146806951623
-0.0590888161446942
-0.0903251647124143
-0.559874390139564
0.298647453838639
-0.640050520819621
-0.181370373128279
0.770756325935017
-0.843318967491711
-0.872500066144931
-0.956401720575979
-0.217654322206923
0.582614869011513
0.795329700651442
0.745133052073868
0.303746216413721
0.123356303063788
0.00543594457101151
0.652930371853043
-0.870180959193946
0.535563674053668
0.656023751118193
0.199256973216419
-0.0108881584507635
0.255900301844738
0.536055076683279
-0.0679944185656219
0.447778951905394
0.145269293390685
0.207453899649507
0.530920295923538
-0.444792674633824
-0.568578790625922
-0.132140903054773
-0.975494903782713
0.412035063019725
0.443020967671885
0.782995032442851
-0.393934172266143
0.944812903620919
-0.72776810810279
-0.775675974825027
-0.449557020106099
-0.726660867349898
-0.61680846210024
-0.622805143052326
-0.180357769165999
0.865251186443485
0.840296164097393
0.0956169539386049
0.152698872847133
0.958411310926048
-0.541000895985183
-0.628219339740368
0.048336355327406
-0.928669093913923
0.979363195824659
0.701653281195116
0.21036450631928
-0.991547357253645
-0.847002335913007
-0.396633767270891
0.831434436862229
0.296229213568852
0.398228645203023
-0.616385455650783
0.515148147193337
0.347782631556909
0.488370151024619
0.559833820819105
-0.0286215392393026
-0.659115266932771
0.224935187381793
-0.762656383209109
0.735720087832513
-0.742170516030993
-0.154532845007937
-0.361357878110303
-0.376959121408431
-0.596587239635401
0.916274916288203
-0.482933968311361
-0.191380817218987
0.29551889467539
-0.457939930363497
-0.189626733128545
0.902900894453688
0.896300556298459
-0.565716354542657
-0.415036283980201
0.70568374639832
-0.48340087149917
0.49463408247337
-0.447184182469575
