-0.584833776959944
-0.122739536566149
-0.301253997094592
-0.679618294366805
-0.334341075464323
0.977014885559444
0.259676123018848
0.125835020762606
0.780408775377228
0.338663819886533
-0.20764330154894
0.148078917731394
-0.240756481016232
-0.690054674405786
0.913768382864295
-0.169882696251629
0.649683328883102
0.0624036700117223
-0.0181148125182806
0.652175359016416
0.028491154965105
-0.140129797895855
0.598283273000343
-0.0356940251105531
-0.334804306240649
0.346396540691554
-0.281408160222748
0.879262971747854
-0.389968390333151
0.346933564059781
-0.130397106056888
-0.355912379589874
0.744945129921861
-0.0951153224497252
0.0852127259453305
0.58882517525283
0.448146503222695
0.876690464732955
0.171462306021307
0.576616709347716
0.147603829812382
0.888468416190643
0.980873217369032
0.308532452987684
0.293545858633616
0.0160067288829719
-0.175277457260087
0.105385492470965
0.762882851119916
-0.727502627123134
0.586448725895248
-0.497532915933086
0.904713715021703
0.0765720341457483
-0.854768975775776
0.0875885574748563
0.879847758716648
0.127408103066137
0.392285393276273
-0.179540242597281
0.71807698611119
0.907572113409716
0.815113277851746
-0.965260021963704
0.335796874455013
0.940109563222055
-0.833667263245611
-0.661196235762976
-0.694313754334902
-0.0793800053236488
0.821436522954145
0.153977049289309
0.596384954332631
0.246699974590889
-0.260690524656991
0.206923738388314
-0.371798656542477
-0.210099051131928
0.49062114378501
-0.545143135881845
-0.648101141127278
0.748944485937227
0.936629322628008
0.489943788016675
-0.964679662898529
0.976768480711233
-0.751606284101026
0.51776047227056
0.904468625715197
-0.224439389630157
-0.788034720984791
0.91244721803652
-0.39151004171022
0.253672522122268
-0.44303289665989
-0.396855913648628
0.277693396693424
0.774283500727625
-0.479973877424216
-0.855240976397744
0.660507489464821
-0.230427696771998
0.528887469948181
-0.30625038474935
0.387193180937281
-0.108765511326897
-0.936411931503141
-0.939921518902197
0.39887215341296
-0.577054946798879
-0.241873665328898
0.454606000014317
-0.554909809348886
0.504687555572437
0.489365365972123
-0.884396255186709
0.349644692631287
0.144143309278953
-0.903391723511063
0.172166706226168
0.418168038620615
-0.872489947764266
-0.687014792375337
0.512370202392248
-0.221474066017327
0.486002778761623
-0.400468344438778
-0.0589609203072573
