-0.542202783377151
-0.717183896759884
0.1943403251212
0.073594617233948
-0.823441748259532
-0.531274648240863
0.989858303020489
0.697603002928406
0.27659277842455
0.238280523405705
0.0560066228730638
0.215461961668449
-0.0286492407303064
-0.250000251455441
-0.871577683626147
-0.12463023322421
0.440833038762459
-0.851880632924811
0.870850714164904
0.701236343682472
0.0782178332869426
-1.00305204193513
-0.644019921852127
-0.498377034097229
-0.307152227849964
0.638537190370108
0.618148347445076
-0.0823257171708942
0.34015492243052
-0.523584734452127
0.528623045911694
-0.550289125210347
-0.986763890693597
0.753509710442767
0.454069679838108
0.855415251168317
0.994879657137209
0.860635978944787
-0.250865463133341
-0.914960144916938
0.737808628870119
0.18377505029966
-0.360403184029505
0.833427849163317
-0.859254193825187
0.226585811583544
-0.336841009126896
0.00602371639830015
0.6929915174103
-0.245393845260372
-0.349453592883422
0.678985550819574
0.159581194623434
-0.156832109838934
-0.385955250032033
0.521735834721
0.0126642646791664
0.0576695331040935
-0.871646205225249
-0.304666506518948
-0.0190784436063189
0.474814319393337
-0.118486267733665
-0.985734788572395
0.610273690690054
0.078650816006658
-0.492288217293923
-0.316354863119366
-0.349054024207643
-0.621626585926063
-0.507061114239029
-0.561616616320399
0.286644740970058
-0.00476364135239848
0.468106314605616
0.155702800394908
0.144335865472081
0.378039565891947
-0.667432659195534
-0.0983703008610843
0.895990741329121
-0.646765315838699
0.280565114452853
0.74304910010864
-0.570317014992185
-0.127631682401805
0.538124654213365
0.868003382344587
-0.0512143928758758
-0.328558105640617
0.344238740079196
0.581283214445343
0.3936728432185
0.461281193442838
-0.0531537179153074
-0.892038380679348
