-0.520356970123225
-0.465126652031251
0.119238225942876
-0.878332493464257
0.342866498317487
0.170106775828678
-0.424103654007347
-0.491966450074071
-0.824616624959094
-0.227646168436793
0.566555031400872
-0.224404465773206
0.714836884606744
-0.0550875677300155
-0.00282037030688117
-0.210374510733501
-0.868724539017947
0.786513904662992
0.959684961775079
-0.929057373498987
0.369137389503653
0.736566190173057
0.0879846671607066
-0.277111043947722
-0.985892785297815
0.454646590028056
0.391677111819803
0.814750785154849
-0.0979230436566805
0.0258193782757391
0.180482790217559
0.129474623845392
-0.401666659781843
0.981452372522454
-0.634537878212605
0.647664537376229
0.0406782042404734
0.666251274942518
-0.482822738177823
0.0146307568016268
0.192875962435924
-0.888851387216284
-0.811365331283133
-0.150437875003001
-0.961416057465398
-0.963880852978827
-0.120330593867868
0.300575895759898
-0.951119345385948
0.74149007022453
0.0241322640016107
-0.0522028829378672
0.104075577172896
-0.309888158556045
0.207553916948827
0.485926543421412
0.542694080320153
0.0626376329086874
-0.782543572548872
-0.0191071320358058
0.870232403872546
-0.939810128504056
0.627223411308726
-0.806714877212088
-0.540758690010405
-0.279646523268965
-0.0250897366545453
0.809574890560713
-0.623850809820695
-0.726388558060683
-0.12444432235329
0.0893262644537168
0.643565756414634
0.470086803195642
-0.798799390013123
0.911917516134679
0.927621061525086
-0.0265561977007256
-0.662359494930844
-0.948586067606816
0.311463293849812
0.921427004355437
0.204422551898268
0.422595982417965
0.559102234207962
0.678050812915675
0.800098518172979
-0.754950224305782
0.408028329786423
0.100028383154598
-0.277540423292164
-0.331667367008623
-0.257588797342649
-0.944890820086568
-0.807553291097568
-0.629499218327782
