0.625869741042731
0.837316269781136
-0.661761596700188
0.335451881242522
0.304589947820724
-0.302878118667786
0.759010056111189
-0.6213454110399
-0.245573015002482
-0.161341698875774
0.432662499419368
0.434789326364535
0.580476597601476
0.210974502315613
0.647668235767273
-0.0065751021433463
0.522793431627908
-0.396364981738328
-0.0866025462180504
0.798117668754754
0.170494107469244
0.107175969424662
0.117433677362027
0.484157252538013
-0.702469594586466
0.194180976425273
-0.158118618177351
0.587815705370784
0.0343442697313045
0.509481705592567
0.113298751671973
0.843263623464135
0.601934827873624
0.398007698458386
-0.563619884589875
-0.599744853648836
0.810229153185408
0.381531356289512
-0.326640941408443
0.433726409318886
-0.524626805921098
0.248238344433994
-0.740576988327921
-0.676364315068963
0.721994737414509
-0.518051775741966
0.687122835857674
-0.13532905515492
-0.284022575562215
-0.594923329336097
0.420540415686748
-0.375312479667996
0.0333975850949515
0.367669845087312
-0.251412607869496
0.772626553575555
0.488770650340771
0.131597698417583
0.860692285447949
0.543790094381613
-0.988653889272441
-0.850593225648354
0.324228757420146
0.017014088893039
0.206561298888309
-0.926382943703421
-0.779205066728114
-0.46494031640883
-0.764507711782778
-0.288128845615112
-0.485846545918186
-0.217963288495769
0.903806258471289
-0.224343506578993
0.682501031572254
-0.715254866098763
-0.460237170000446
-0.409761054396614
0.700855744449013
-0.358347210487337
-0.211519519521336
-0.964438644514094
0.720894135477297
-0.143404150061083
-0.101806620142843
0.0781824094647155
-0.924355018351043
0.492939911485547
-0.769643872075908
0.902000792450081
-0.694457334039997
0.518055134134921
-0.155458116300352
-0.833881386818699
-0.67593593793211
0.67099551582524
