0.22432235209944
0.0607654954638901
0.792844514272358
0.823154680159366
0.855733901266552
0.557727269549214
0.278972111965005
0.0580898037797224
-0.0330887844160497
0.124297360537865
0.346834653851698
0.343631004368473
0.707239663411653
0.631963417854582
0.750313889372622
0.0752390867908837
0.483269965708292
0.966233860971838
0.749851190677201
0.451305238925415
-0.901284458873251
0.684082943010767
0.0511289082407957
-0.655296593945907
-0.531697638153679
-0.75997370560996
0.143035994082073
0.0400296470821298
0.255372484467516
0.376564224932486
-0.493691668082474
0.414869018166417
0.0176468620746435
0.387893303444538
-0.209735760119294
-0.490285589022639
-0.217899995477346
-0.581308091877396
-0.668365588814933
0.82534923250196
0.44940463133197
0.814528189912324
-0.644265188980813
0.478774217092355
-0.758976588265685
-0.186812923475806
0.0559710925971693
0.66950125329022
0.0141613442021067
0.69734637766437
-0.874096650674214
0.150409314392087
-0.460031420962629
-0.916378110677621
0.693745411178675
-0.963935639141583
-0.486490167518009
-0.214404549948683
0.228835043525465
-0.91938687198064
0.560602578348533
0.332351859546898
-0.804991262463796
-0.445948600400411
0.511913821620066
-0.146802183971721
0.7905328490441
-0.528671261645219
0.264127840374223
0.0974983573436255
0.870521596039945
0.371029317884879
-0.481130274954796
-0.370652972240703
0.686870675200936
0.700640334637455
0.0930999395336857
0.100110232992726
0.463464595628478
-0.364201958171075
-0.540802682015192
0.114559878313881
-0.344929563575723
0.385825877926883
0.452801812390616
0.1970385194955
-0.797144568810005
0.281406751563159
-0.98142761791453
-0.993970852292315
-0.286362666956468
0.0412328219524689
-0.02278967114199
0.497418037117425
0.898116023478711
0.931494988202796
-0.522759013912256
-0.76990766631472
-0.0352306672639042
-0.452066520447448
0.0118988475201226
0.474216020275602
0.254815895292279
-0.962346935070881
0.0207956434315138
0.931326587509875
-0.499689529652945
-0.434481247918304
-0.677039961329484
0.918916361801666
0.965447552104108
0.721356526505149
-0.660569966521062
0.803620847043788
0.474697757552692
0.701067298387585
-0.340671275651631
0.887856187816244
0.0919442505127235
-0.0403416320602894
-0.0355625719451556
0.602972054101009
0.683651030378173
0.923759067384428
-0.492171922390264
0.481483624949733
-0.0161617030179499
-0.16484153903522
