0.674965990652904
-0.55384032186173
-0.925988630489168
0.615905029526172
0.966175594365547
0.0642897583591513
-0.193710323681967
-0.0100070245944809
0.122099356745184
-0.848315911086023
0.672462989220168
-0.565536496397243
-0.391207064844276
-0.377578528891503
-0.411371575441508
0.641230122579197
-0.184637070642302
0.688319011657674
-0.254930104610531
0.854477481273634
-0.0939207525403618
0.681509262342709
-0.772973518568972
-0.419376141915326
0.23377702832501
-0.320135731651049
-0.0502451631260372
-0.313405143306526
0.970932661627501
0.72893449008609
-0.877429291381517
0.655827359286797
0.394355936009528
0.787749374278276
-0.534207134516287
0.433451204272949
-0.0933611000952299
-0.245881995254051
-0.844929524050054
0.843938153270207
0.712626237527919
0.946726181810159
0.470040719332779
0.921931133790676
0.193124358378868
0.140246720643489
-0.280923117629115
0.411213899767864
0.354432778878142
-0.0859624982983008
0.263946087263928
-0.620128572493011
-0.435251869534343
-0.0172830814507273
0.83566752781405
-0.799665098960533
0.922330642089676
-0.32412228722818
0.0277423937039956
0.337180327844391
0.842960437229539
-0.53672394058206
-0.992923401556181
-0.102696616633073
0.426137928705603
-0.355388785496911
-0.761589335622438
-0.850830300297758
0.85937474267488
-0.303651307305247
0.437326130515782
0.150702690114529
0.0884659351352646
-0.19230714778763
-0.0676422709730591
-0.722810647530641
-0.750516887082471
-0.889602917257398
0.0684509879576564
-0.504410795875902
0.116169832196325
0.521986846840674
-1.02343557574011
-0.268155431399873
0.725604944311364
-0.638979787673843
0.242626179082437
-0.915419880785767
0.70059311405188
0.437730471077689
0.255426535276631
-0.551270288728638
0.65232465796638
-0.94944313018089
-0.40267727956719
-0.297259397375472
-0.104597927009776
-0.502050093304443
-0.409838050737393
0.380276060052228
0.0564430994995216
-0.666234559262658
-0.716008618273403
0.0422071262911778
0.104867398988894
-0.275129223686398
0.124587515600749
-0.0972884762929933
0.261295105595159
0.0578595423616338
0.692767152860313
-0.713031305777877
-0.511832940453045
0.960936913034323
-0.697007295996146
-0.806211894737092
0.594795579485564
-0.591450112290665
-0.574439205032855
-0.869245099788529
0.293457853588212
0.80515410966174
-0.897074223301608
0.190241154578997
0.567506042418813
0.718373305983172
0.510458141123497
0.22477314915556
