0.949193044567599
0.392475555822839
0.335389891910272
-0.704986627497892
-0.572059529162765
-0.942471395674491
0.590895752298844
-0.827812591168548
-0.533449705328017
-0.47099275871929
0.345915619846424
0.408946035823816
-0.718416257616657
0.955740595293889
-0.098355778811478
-0.0461728606492001
0.828736198175167
-0.804539889215058
-0.746810233614096
0.0866630411907232
0.0426210098777283
0.317273384736202
0.178237182118665
-0.18963047203633
0.362636279557251
0.443523275950036
0.322471405289131
-0.751868785569795
-0.519058547824794
0.948119709404162
0.520136499287664
0.278714775104007
-0.594817409097395
0.495564380914562
-0.931365761897219
0.492349797794318
-0.908474818559946
0.346571957292524
0.824359961669698
-0.241380812786281
-0.971432537184711
-0.274696771341566
0.0794601669277524
0.407287800368835
0.313898252621405
-0.634442885062858
0.140678940975263
0.32535679416694
-0.279044281171553
-0.514447320267974
0.837005626781828
-0.60056802401735
-0.841211418175678
0.827759970200781
-0.857586098794489
0.341935261506313
-0.557168175531476
0.636121295283647
-0.826876579132414
0.791229876680237
0.542099564433684
0.859370749543767
-0.852059163892852
0.579414501628285
-0.982595545456982
-0.014052621294358
0.192251686201673
0.771803284602071
0.457648302299756
-0.438520170812406
-0.816504068272792
-0.920253212194236
0.16884069364927
0.378403774463206
0.856906135838106
0.021801426363697
-0.775253578157948
0.734430804804014
-0.455129316647065
-0.396698040364628
0.324795703182944
0.175906087127487
0.753903853782921
-0.474145608691303
-0.204888102699618
0.468620674580556
-0.943439381840619
-0.165636497532475
-0.898533076849114
0.782255076792495
0.346816690863828
-0.649405497944021
-0.133150419686657
0.790625303761874
0.76596919919655
0.283452894496864
-0.726715731778821
-0.915734859991547
-0.98089961618034
0.74106133652613
-0.666262680017447
0.843231110393443
0.485120121895114
-0.257583765071161
0.502841117784197
-0.934700656716274
0.718069297678014
0.912435206701182
-0.66130263604978
-0.885571493762604
-0.422239911356695
-0.909426937111667
-0.840669259578097
-0.159312967212939
-0.189116692525303
-0.428180332216011
0.199814606976864
-0.569143133444083
0.755161897251378
-0.234670709611084
0.181347921486308
-0.558097435588257
0.825020935071232
0.562864863628338
0.811688701849932
-0.263017688713283
-0.557106909579593
-0.66539376639869
