0.707566093723222
0.54076477350852
-0.261163045795168
0.788446046394631
0.313658198765735
0.580954759995748
-0.345061123810325
-0.565632734998189
0.801440708098789
0.694815552155151
-0.513217301670141
-0.900518369365431
0.698712024456969
0.431761849322542
0.976888362310617
-0.296728382047793
0.0477439101117885
-0.747569827929993
-0.891926421447177
-0.191198314161766
-0.0156853597413765
0.946850436973042
0.567600815211742
-0.285471645839316
-0.454850533828523
0.92072723174181
-0.48843548219292
-0.763175992070034
-0.468581735914759
-0.408036825358605
0.0208409712362955
-0.415085519977536
0.164916596646206
0.676061735821597
-0.533228121415171
-0.0954551712661865
0.0206000727122984
-0.871468169756014
0.00940823083149287
0.757964584281427
-0.101287387591952
-0.633591749102841
-0.4340416757218
-0.286051217671274
0.981173494476096
0.222474623318398
-0.243316755259222
0.516267038342538
0.209513393802191
-0.989269083002633
-0.084840065665404
-0.13116360641261
0.262383999455904
-0.824827786938084
-0.760486138978579
0.884435483343302
0.270538294572158
-0.440246771302136
-0.420762225427717
-0.0939726638305698
-0.703832902315433
0.682740765378687
-0.517671403554746
0.205482200070541
0.133212520401659
0.607173224652434
-0.280854059955341
0.042032684112523
0.386898414919507
0.62610012302879
0.782623257099596
-0.115521624096169
0.358286851581725
-0.0766395462880319
-0.095033689870085
0.343550990754986
0.603536401329324
0.787045468482741
-0.893152991812971
0.19168771073897
0.136787108188362
0.0671470833655198
0.593086575871395
0.0810818205334941
0.384261657236901
-0.181489206977362
-0.0329890208421116
0.24140512681544
0.361314190580112
0.878638017928527
-0.403552006474174
0.826502491961988
0.0468409878658443
-0.469650839027226
-0.809618881377605
-0.654413733903498
-0.660485274600089
0.959893900114295
-0.449149986898434
-0.0535625809338692
-0.263947197570521
-0.466345221642584
0.776953760619737
-0.379524712112289
-0.581125057353754
-0.264846284562758
-0.0129432269297933
0.744935621878323
-0.604234853831529
-0.450380690029297
-0.649037488980523
-0.537438914601324
0.00353253113806102
0.667602234914984
0.423575218959252
0.226016889538411
-0.459997904356708
0.88014323345996
0.867270310054759
0.867632827125794
-0.333488344395054
-0.462945355349632
-0.785906429396434
-0.957738081157812
0.610268222635439
0.899481039971988
-0.378414627119203
-0.448995467489914
