-0.578065421227783
-0.672404892869619
-0.0408549614183882
0.218436218794843
0.166009128879378
-0.603057131742245
-0.684693581361135
-0.843387419689451
0.92042055033662
0.386812751277817
-0.556915958956167
-0.413846888356964
0.544016772040966
-0.462994307531615
0.275518675739702
0.16714701909569
-1.23658025607842
-0.769402425693434
0.377140125536719
-0.649346443976204
-0.701091293214615
-0.765204080641113
0.150251357304913
-0.998434434179407
-0.0789749982344774
-0.860157213532242
0.0167817598273983
0.764906303082826
0.984520395085192
-0.436608323026381
0.0241812507862315
-0.15837074251438
0.0424029047748087
-0.856838714080861
-0.0885753493905106
0.716647041074325
1.08213710628816
-0.0198930897279772
-0.61228563978023
-0.099994891533436
0.66656613907337
0.971319912491816
0.623133389117733
0.163654033468549
-0.964441513150443
-0.464007623697473
0.0395846865766757
-0.000428312078752269
0.48875886146728
0.847326690258572
0.188283065708467
-0.225614225182217
-0.926670602298657
-0.553113847656953
0.881935292721398
-0.455619692728081
0.392672367044809
-0.602339898720898
-0.727943260835874
0.79845294836305
0.675037171697178
0.528694767853115
0.643490410633754
-0.892856265931443
