0.578461380843014
-0.337833363975214
0.571509990961394
-0.278151581829029
-0.162096366487666
-0.770223357446927
-0.360011059950349
-0.666582415764404
0.313847500954455
0.858287953886119
0.214265520634142
0.488397840312161
-0.249587846304321
0.724239774129174
0.803507186476201
0.123157024877463
0.950464754616373
-0.437476992316799
0.788540102376564
0.652931329096142
-0.746006695621611
0.342117963411744
1.00525143001826
0.107760917285907
-0.697979003356582
0.0514357815269901
0.86841817746761
-0.26593159152364
0.715511282704385
0.940184505789181
0.240172535243339
-0.00429520392696431
-0.100227463613902
0.424207955522069
0.465494368643416
0.116276015387522
-0.0998762676708154
0.297151696480417
0.183994662450406
-0.162684720805836
-0.58455415597647
0.715123958309436
-0.169263745049636
-0.995804443210782
0.912753504227646
0.173161329252963
-0.785425129670269
-0.0731460971767327
-0.788247106432219
-0.74313084039331
0.360380871003884
0.741670164867684
-0.617276803203737
0.739899669166159
-0.65579957602486
-0.043897825935683
-0.92697963388923
0.998082497791929
0.229811934526245
0.489099684577504
0.230743938146145
-0.310208149528774
0.42533616654647
-0.22305782735585
0.133092797146276
0.69367479513081
-0.179641980872161
-0.843096620019997
-0.232155426038178
0.377504856668126
0.725150950853648
0.118546569949625
-0.377323731074102
0.302455903652794
0.286264250955772
-0.215294086758129
0.376358607918407
-0.0605914874398581
-0.223466405960548
-0.695591898550638
0.0232883278195049
0.710675512422502
0.492358117524312
-0.267409128238354
-0.630981877809331
0.902692087878843
-0.739522974319064
0.913390985551637
0.866114740117756
-0.538763399840209
0.249804891686333
-0.117011667407918
-0.24146090854184
0.752700455533709
-0.744124370569373
0.103717602444933
