0.788558881046751
-0.0288898956931634
0.69762270133898
0.92221313486734
-0.0240869040113751
-0.752240106909033
0.763289674300322
-0.41351835784655
0.571300385205016
0.486041019931178
0.481194179956439
0.671814934007559
0.635887497504278
-0.658049761094579
0.160471039761902
0.860725880731244
0.27629877916996
-0.104291656605114
0.616866831395167
0.759120398069526
0.00720935634691363
-0.406585372895711
-0.377655091021243
-0.612869000136016
0.766815061672637
-0.768420968780244
-0.811205802608419
0.802950732541017
0.711451241316901
0.0123436584141818
0.0828308606649474
-0.370250628530246
-0.47561572730227
-0.114115977905878
0.977968665360849
0.681110211907168
-0.717784658612354
0.85049062915024
0.971246806768693
-0.765613737381587
0.539886999275584
0.832813914689686
-0.41524979309028
-0.132596403710946
0.12867940533199
0.166555883134163
-0.37965578350942
-0.624870571299166
0.693120862985342
0.183356245892583
0.800984049889033
-0.812479562966965
-0.382462378404164
0.516357169862121
-0.988592787746169
-0.901553338872394
0.906716102618869
0.260615665422276
-0.922782183433815
-0.246566436142129
-0.42121482639035
-0.45609957656525
0.177690825832713
-0.964633720758172
0.269962178395328
-0.819575137310726
-0.872395254703381
-0.493203491841707
0.377205028975043
-0.974526522231036
-0.641495496870258
-0.0357608818040994
-0.727993296286191
-0.478033169363683
0.578883138156323
0.491759220767541
0.584058527485446
-0.84887459865086
0.849855307152661
-0.962213964319866
0.540754707505622
-0.298101207752494
-0.819508161351252
0.872063467863677
0.707416895752314
-0.843172104534835
0.000790249552072186
0.587051227889888
-0.607251733342381
-0.533862878446265
-0.775339285680949
-0.801919256511553
0.537934397741973
-0.86586472906143
-0.144476082052083
-0.66721499727007
-0.147884188532216
0.6177964296561
0.843681043376294
-0.544403680084591
-0.239674455304715
0.877938159795307
-0.381641907802724
0.899465120506305
-0.921198578158108
0.642325376941323
-0.750889269599222
-0.236580970259912
0.659465621330511
-0.0844433800746765
0.223220601842554
0.858294397063998
0.720246961163481
0.093367869266249
0.688609221961067
-0.687414087771829
0.481947261947446
-0.514073079890976
0.660658807341482
-0.734376628179536
0.744447144563974
-0.622792462760414
0.68587998540194
-0.806545043229479
0.794791721762728
0.199992687156721
0.626127020049984
0.482865084586904
