0.435982682771021
0.182019949613973
-0.0494789521169109
-0.326675348023079
-0.0624837188394489
0.578953410750689
-0.476766813164171
-0.378950320065915
-0.294285750772617
-0.218698633460191
0.0991412426766597
-0.72070521518232
-0.0151514286216526
0.961192079914399
0.671744239214585
-0.276770844066061
0.349510660613701
0.219702955611071
-0.131649570589986
0.61102261521011
0.573427924178687
-0.049537279315047
0.617746920179263
-0.607794827162552
0.443069400528935
0.827602885859862
-0.935057405940679
0.509115532487539
0.563025854281921
-0.771549960837303
0.182180369380247
-0.315256573302229
0.72297195482113
0.243116827786729
0.725072571708381
-0.628191495378122
0.964329199120236
-0.36386144255669
-0.66999353297554
-0.969282898966856
-0.860492200272488
-0.668057235808262
-0.467037500181628
0.460460291548355
-0.566114152021043
0.0561624517664999
0.233692039879813
-0.682621570329833
0.575014989337899
-0.801968314422431
-0.208651228940651
-0.183726671420434
-0.406724670585908
0.370476320980663
0.694869464775184
0.966959712642384
-0.903132527464866
-0.313961033497046
-0.299353942177191
-0.677754892367323
0.414287529214522
0.865847831665516
0.118015865595691
0.683246240043956
0.429625678381449
0.959316178332858
0.238687212642132
-0.211359124111677
-0.164991444943855
-0.504852281693693
-0.595506469569218
0.504844365297677
-0.162483920820358
-0.437629904860131
-0.987593871675525
0.770413626384851
0.0302943013536145
-0.722239823356131
-0.875173889881849
0.807449901319787
-0.331280170473659
-0.483153046709626
0.143928981108784
0.586139412257256
0.505483004394756
0.124589109176962
-0.990469159268462
0.486377464203761
-0.778176690456744
0.50332728601627
0.119483494210262
-0.101728536451688
0.590333840049356
-0.0875849397949623
0.386814812905154
-0.957164981417265
-0.677038420664385
-0.870168657471845
-0.947067144327777
0.756870916609646
-0.60486996791282
-0.615140571242032
-0.313449503918852
0.767638587577028
0.632890902919401
-0.530459982656774
-0.508806673426229
-0.195754054093084
-0.362795052783174
0.909215404281128
-0.382423401849459
-0.387061771835233
-0.666597489290772
0.977977851325072
0.0959149670790494
0.215939251969393
-0.873434117828153
0.106594856215251
-0.330679198491083
0.336926666416658
-0.552354191528573
-0.714902110116151
-0.865015198869933
0.442560976489192
-0.720668930235096
0.797446759043506
0.140427272817189
0.135103401850888
