-0.54559950552587
0.209580662401305
-0.358756159961644
-0.732035968786368
0.814597647145444
0.00208429045901139
0.484684624845388
-0.172118064697215
0.526935290144318
-0.409606450616195
-0.0142846892705753
-0.0993094054081714
-0.551732065841254
0.579360081882631
0.619110095863531
0.187628905738474
-0.431703698799966
-0.280464624606078
-0.1082790523461
-0.470484338229819
0.573385107113446
-0.643030393550493
-0.891206156112285
0.993651653156292
-0.0576585802013564
-0.840966468799916
0.825789848843668
0.459914743955246
-0.486872835911816
0.711645523267125
-0.0182175054874951
0.0851302610310137
0.251434017050449
0.104529010674744
0.647707033156527
-0.647293637242931
-0.0527629292975558
0.602795952240131
0.154768761488501
0.666631817066171
-0.656604578295147
-0.508397046753964
-0.261551688162294
-0.39030367802731
-0.112513969612208
0.21037224128821
0.783273813532466
0.30100604967169
0.680112067386879
0.0656017431114558
-0.936681985737321
0.685793688971862
0.789761719401708
0.294624144131795
0.725761851161024
-0.279088817574201
0.937442915438145
-0.639915903720459
0.156849834224231
0.670803880884732
-0.429822188351197
-0.552851403646527
0.310647532780373
0.537886686289691
0.309100304925546
0.429877562500167
-0.0560835559982834
-0.342895788932565
-0.348641136368423
0.908904678759377
0.918228281249967
0.346725880449905
0.856633928456164
0.685574522461761
-0.515919626873288
0.329719094563086
0.239466276612375
-0.610533252057671
0.684946968384891
0.849587346886403
0.474762666866776
0.309370322013024
-0.4906855903458
0.419470979652397
-0.435564465720888
-0.267549868148946
0.572460692121499
0.0168451597246157
-0.483693191622277
-0.606815018822953
0.897698125548564
-0.42058156149585
-0.603108369397872
-0.690337724423718
-0.100218673847615
-0.30800289043567
0.437572231564979
-0.499463961541563
0.524507537960638
-0.239069572364482
-0.290106608604062
-0.26065318626873
-0.263355122689444
-0.503921272468405
-0.339369728162446
0.200558359985126
0.417256930880337
-0.214030948370228
-0.362008735380685
0.0075670809273252
0.933575999597906
-0.37220643828779
0.360112154091898
0.320074250254433
0.153578324030522
-0.530345743778676
0.367461715053501
-0.888346705832988
0.486184476140327
0.713059815639084
0.459726559570831
-0.353076413604779
0.0872001657251805
-0.494635388190723
-0.752238750872896
-0.915178433896896
0.955185525517786
0.518592132229468
