-0.69348279563992
-0.795908224190213
-0.513142755900933
0.209382960427961
-0.854782030143068
-0.445039139714512
0.311499003410003
-0.481590352185911
0.0888431970473111
0.32063836446463
0.338622180283145
-0.196701116552257
0.41284012714081
-0.658415839333645
-0.802684207644069
-0.912989733863199
-0.457482838372341
-0.456307670887384
-0.659390242504625
0.0895572024826417
-0.967905363732298
-0.258215437343179
0.756007185092463
-0.206358108066305
0.305235271502224
0.576927970335653
0.914582260153851
0.795916859975553
0.171395017885675
0.914904118593771
-0.827585372586979
-0.0743839774561394
-0.798852175056925
0.554618250966453
-0.685458860580725
-0.0471422581941869
-0.383610901117479
0.337415428870689
0.0100906827862867
0.134956689904095
-0.0931644488944662
0.843946256357197
-0.149694926182804
0.496254607541609
-0.123633203507302
-0.97743394466874
-0.132829603305914
-0.42953661074899
0.261721948578288
-0.954193631745791
-0.41406946240247
-0.239862853801921
-0.61934551642656
0.392759772534414
0.710015733213477
-0.148536840167128
-0.921706791266282
-0.433439695577735
0.449100937511924
0.242423795612397
-0.0588078885591525
0.428414029490745
0.922142576246537
0.242964742346802
0.752505736434676
0.342322739420241
0.346420139003471
-0.105884146752318
0.670445412672507
0.838295890642932
0.48257135652448
0.66535699955874
0.452548788077044
0.90725115566544
0.980211549653566
-0.263735624074945
0.34501986346699
-0.426681881992255
-0.0419254095398305
0.189575924369252
-0.795351616830446
0.493706072006685
-0.114540329231845
-0.444002592949481
0.355543360588935
0.810582808260794
-0.136065211055401
-0.307626713593347
0.177261987898312
0.0274027630993341
-0.0721679445116006
0.471071046837931
0.274657095796583
-0.290380571489701
0.742088299597975
0.669786950184932
0.27639423250293
-0.223911262140881
-0.114285454025539
0.861905107034435
-0.551121060268456
0.194173710322416
0.327840149892731
-0.855908774150023
0.667062721658943
-0.631313658565713
-0.377867184609243
-0.270833780242508
-0.882259754686847
0.473564407983039
-0.0965670395440604
-0.532983994108335
-0.867589075487793
0.23475488908786
-0.494429566350448
-0.548280381907536
-0.323605755979384
-0.306992638887914
0.343084868432158
0.0604678902427552
-0.774463326891176
-0.68843103991796
0.678770962327562
-0.761838026004902
0.550484352425264
-0.321396195583705
0.728117914868979
0.967854255630619
