-0.265987656225248
0.0808630601379478
0.567697841198482
0.185630423243113
-0.0020031786483589
-0.685785658168831
0.808663727566879
-0.773706415227886
-0.763193701490198
-0.0574104555579166
0.882065395590198
0.610199694558182
-0.373863078644107
0.775259969892422
-0.450752559556026
0.159200617215521
-0.194475250585711
-0.505085221836227
0.0198738011306756
-0.0573349769969316
-0.717335287524869
0.602383079061138
0.1274178391688
0.0102537957619155
0.250094424614421
-0.470611933689683
0.0568316228878171
0.632171900081397
-0.404752382129568
0.782967560289309
0.956446609852826
0.0677790428544987
0.68008202764062
0.679049228283386
0.551878097965029
-0.381319567093225
0.388127956499954
0.535693994012346
-0.29052757211219
0.951281868587626
0.457777025898676
-0.498200225840401
0.881581421613864
-0.141153545240555
0.512948101124038
-0.942936498019663
-0.562644661387679
0.550602484821045
0.877098616746443
-0.0766539938663182
-0.898779418632067
0.101304347916856
0.385382864869063
-0.0366094291531413
-0.118616040595604
-0.073224826351703
0.167255714931973
-0.90212794782632
-0.804560207915609
0.529239405696907
0.726697993662356
-0.822811677805866
0.880164264777935
-0.181525498750521
-0.35128684503639
0.964686101692639
0.38438462880189
-0.941539022066851
0.437798118081898
-0.932273030156096
-0.477415249460805
-0.326416132974466
-0.276845332056301
-0.110689529565458
0.877876078129217
0.0534774682400503
-0.255342174638612
0.0659161540886499
0.785385774451253
0.765481753995225
-0.675955596893101
-0.378032226953092
0.576789406353441
-0.907534692241165
0.146223002620094
-0.400707014100844
-0.666341529896323
-0.123261894207581
-0.902137583870967
0.26590490164224
0.840529599002077
0.801289219317961
-0.536873069440615
-0.603708638994377
-0.603640996707866
-0.10623907238217
0.248187700959937
-0.347376579286085
-0.0865523573892815
0.113752478029422
-0.312842743546821
-0.773714767259236
0.100824381835891
-0.217454361477693
-1.03573426855814
0.750147696340007
0.202186038619982
-0.0381770759110562
-0.83820990229599
-0.429261012734674
0.165916850131887
0.310213663220127
-0.575450804921754
0.303873964765159
-0.37787689633008
0.208880025203226
0.0956147198503454
-0.465405238075452
-0.068027255217219
-0.318292374146115
-0.470905261742996
-0.384919047164479
-0.0246742559990026
0.452732000648147
-0.026280172864902
-0.0509879306334674
-0.940999495475426
-0.698612888557795
