0.386377656113293
0.826458021411934
0.842459355356448
-0.788808152444463
-0.357608041004981
-0.412540938402022
0.212092017774822
0.438859973173461
-0.362990898977668
-0.211964060969179
-0.522289692164651
-0.162826992522405
0.0497726829981203
-0.760460099215351
0.148109196619116
-0.564062394324489
-0.400898370924084
-0.88318563772776
0.0781472283089901
-0.195416067783471
0.7161958750875
0.429264901348996
-0.0693176660483155
-0.275675295250652
0.114042980098723
0.419696740863556
0.881633831533315
-0.368671265392613
-0.410870696709351
-0.68934018366435
0.458721050456468
0.488151751590814
0.838651546902215
-0.239781790145719
-0.587518121726809
0.342443802602411
0.0777581963812348
0.282225244397375
-0.348949787004754
-0.684970511224832
0.208442911073548
0.14627334875856
0.0509803417991184
0.620152896381065
0.396917425412648
-0.852768263899577
0.0752685782465388
0.411218657747813
-0.38266341777681
-0.917348986310562
0.248398269579602
0.477384038184287
-0.215326105851036
-0.602370034504457
0.519710244844927
0.614389651405975
0.31158515454286
0.34740257900237
-0.798016228205362
-0.254608206572672
0.914210996386993
-0.041649105369971
-0.323377943164434
0.798099752238217
-0.914899765231731
0.61461571463967
0.944234214725283
-0.032072080602375
-0.704883732844876
0.423344926356205
0.409963311790525
-0.46455577974833
0.0769663195994661
-0.119742511055889
-0.931582082788343
-0.739239916464432
-0.962193608480497
-0.248540984224665
-0.948552511898706
-0.352798437087522
-0.959122017789754
-0.870253369335449
0.139655211561611
0.978208107028588
-0.132060956478913
0.191622389807206
0.672706141913655
0.349721846714912
0.167871433083794
0.173558940245801
-0.298588984219108
0.936731298537839
0.042103111126487
0.747230089472878
0.251070070723177
0.494447582547953
0.221986920185158
-0.513103370727947
0.903452520354185
0.841909931314174
-0.671045727809006
0.54539330347399
0.640947985480164
-0.887131306820608
-0.993350871190601
-0.0814245643218815
-0.381413347081047
0.0361412479361902
-0.92510781251152
0.0945299017030574
-0.100420647720403
0.635638697925242
-0.379072186795875
0.871276276993478
0.797591919293767
-0.0142921185791009
-0.959458200881192
0.368953319534036
0.794671107037009
-0.21549836525822
0.891635123694969
-0.933368339851848
0.101700868291826
-0.922847794601756
0.513987113042169
0.238259612810009
-0.0759994203720387
0.998510674802398
