-0.189343194697902
0.527380586287605
-0.865774951484831
0.260480005093441
-0.325129566403913
0.0079894113911892
-0.876886795123279
-0.377628552646957
0.0780856076409513
0.418260365238473
0.897840689480543
-0.267889110330238
-0.911845259576773
-0.329912761439354
-0.180480484696726
-0.352649061416553
-0.546220378832704
-0.111282972973731
0.268363062834103
-0.153640226215437
0.751720243381133
0.150609404115875
0.253490367861936
0.864869988280456
-0.923955476385941
0.3549786431264
0.570598026066241
0.532508322437171
-0.0121764152232175
0.93531065868814
0.438540052565462
-0.527430643704728
-0.161577541547143
-0.541783308224614
-0.566977597951807
0.790814196395101
-0.0809923674551163
0.393946608379422
-0.134306720972274
-0.807876339800339
0.171420070398332
0.531706185193936
0.722274222288802
-0.023115763977494
0.78588102655968
0.0863968069850559
-0.54200799048181
-0.00898783708787683
0.51639859093414
-0.497546478618674
0.972953227431978
-0.814004691361764
0.158936022300716
0.974935013405774
0.0605465175871621
0.0860579825262219
0.254718882137789
0.0656400184620092
0.560777959155354
-0.0991038563502832
0.183663356033271
-0.566520568456587
-0.605518013904717
-0.831708949841271
-0.189461303808572
0.653004078067897
1.01502421739493
0.599980686178846
-0.250636702441293
-0.672381468313763
-0.208642103358392
-0.851856886372243
0.287709811396447
0.0388289684947418
-0.0475980115483659
-0.521865274631588
-0.17385164490796
-0.532740289021966
0.0189809224632738
0.249570478844346
0.656425942815696
-0.319073175199322
-0.713035645560589
0.427137704781125
-0.993684440757909
-0.248000423525541
-0.842531807958774
-0.352788089345861
-0.9137543014086
-0.894081032119426
0.447161330973576
0.156586351154644
0.714077079122999
0.304541884577325
0.859403473100051
0.703948704983293
