0.0984209435388027
-0.257785451514631
-0.256106723176917
-0.150917535317583
-0.237737252448402
-0.351950467687069
-0.826960215763077
-0.928528527362345
0.848531813216299
0.733158127023567
0.00625974675373911
-0.696252139978722
0.153784308506102
-0.925207410439093
0.622768387719791
-0.0904497531428081
0.473304267972783
0.878704080844371
0.095313340028927
0.486366422072304
-0.343283331974238
0.784762986935978
0.478375436356207
-0.394161526590166
0.00636364278219713
-0.81327059527563
0.58131843718594
-0.366672332627561
0.0462191671948673
-0.559293249421927
0.68665263711672
0.619402085962818
0.886144210145479
0.103034752971404
0.225603310891575
0.786061972781582
-0.315904462970932
-0.966165204292324
-0.0971173407639982
0.658010855882779
0.380158103547876
0.54580049349293
0.575841259325943
-1.00813122705867
-0.0660900996912752
0.207130991183041
-0.269379283641517
-0.447597504722343
-0.112145580079986
0.412623930190764
-0.0308677048095491
0.565286008432902
-0.11056142136372
-0.594469456413764
0.89355654995564
0.601787888411895
0.80788634873473
0.893307124171239
-0.0561205521331955
-0.212123073146004
-0.121179382713655
1.00657851848042
0.727937289157913
0.526543605028222
-0.589408373987268
-0.198924887520411
0.524128505028565
0.180876037859164
0.503160233066613
0.0359269886255231
0.161865021572427
0.182031903757361
0.0675342812672845
0.9045680389888
-0.931433551524033
-0.694367305764545
-0.401485233637347
-0.484650142739637
-0.885798817942501
0.860415710266735
0.719851400644239
-0.35657719076431
-0.370264352493777
0.663527109329844
0.300009903135449
-0.685451756201243
0.315230370969038
-0.455688037916595
-0.86123365849986
-0.903452599921854
-0.840519426355382
-0.892254024501365
0.20943609298036
-0.211895404552271
0.691179185639233
0.615199394716685
-0.670344040509263
0.887639145277248
0.911851765270296
-0.667700211395908
0.265077296570916
0.355288590055522
-0.67564332746811
0.819783973301571
0.690551928496797
0.195707124529724
-0.162662837827424
0.208245732354846
0.706031611996921
-0.487845775087198
-0.632368406909443
-0.384598532316146
0.454399040313119
0.80450555269746
0.60748652718436
0.0119927682037234
-0.136522033904078
-0.0879477820929266
0.685568269627873
0.239968015499796
-0.14151467893431
-0.622505827079853
0.411956682354431
0.587073215197425
-0.423806254146047
0.0822778475510008
-0.382971654313984
-0.732582430856241
