0.619614462898464
0.307744228103113
0.849938450090161
0.663968396931746
0.117129374914309
0.126077495679199
0.942906414069685
0.713068123445062
0.600986647671591
0.26898500430572
-0.11705297443161
0.456762832657545
0.116878603832994
-0.262367913651408
0.406525647754063
0.482795874462558
0.914507293467988
0.29293210833795
0.469536722016748
-0.457921816898929
0.868576939274331
-0.649542458254283
-0.496233702402797
0.65123725516708
0.843099876586835
-0.161340799859322
0.593499021402103
0.95921895777881
0.342825380870054
-0.935004588260819
-0.273635685807654
-0.242362949192567
-0.773365628590626
-0.723863821603799
-1.02432495986368
0.786012478618961
0.59653943647493
-0.640555319918867
-0.533937848036095
0.337624424651328
0.650906710588988
0.682981744311281
-0.457425879432867
0.467039975373103
0.23391963444485
-0.833520622966098
-0.717469660901086
0.703738999118164
0.0518335083985099
0.0265286837876416
-0.723273196703938
-0.75338599133682
0.640938671373189
0.56612558101126
-0.75471303023847
-0.0889427136929526
0.892997191880316
0.00587636141468382
0.668064236361547
0.945813899957962
-0.350138582816525
-0.0946945188329455
0.131352256971597
-0.831594613858357
-0.16777518699073
0.715629424199581
0.706293617875041
-0.746394236591866
0.0475306447001231
-0.485438996940445
-0.920680697718457
0.00344164626536458
0.280496999918358
-0.650954149614472
0.802393886402608
-0.6387458563926
0.12588391973956
0.655278788499544
-0.0830604509670074
-0.35894526001217
0.600229800405551
-0.85044659494301
-0.335244122990828
0.929072447160315
0.00539939798115288
0.342724468177003
-0.789919379568947
-0.572514870747666
0.772433387304374
-0.0889381217472612
0.213180196384912
-0.557129164669049
-0.724811733169456
0.957238817264377
0.657159190336746
-0.0438725257047981
0.965686758487365
-0.00856777045986808
-0.65656395812363
-0.301038937005269
-0.111116315152844
0.373898946433884
-0.607634429677765
-0.769315981997613
0.919282118791774
0.834627570391941
0.784325612533235
0.621295661190803
-0.674513408500898
0.292590053104043
-0.315213422487273
0.439416035049085
0.652228450814331
-0.468130228578152
-0.505217380114904
0.600183657030802
-0.547514450428812
-0.290780951389827
-0.443805304555457
0.748753169286995
0.777129509017752
-0.0828175565585401
0.190771189632806
-0.51343391250868
0.727891135146097
0.868105992133517
0.665335639643402
0.58094054226217
