-0.0845502046048537
0.270910138754659
-0.972775216687538
-0.419466728629534
0.600585577914715
-0.269060222892272
0.632269186280378
0.922425341591798
-0.995289265236287
0.686722872428411
0.235956092857581
0.444027827627774
0.792886736882399
-0.0602820364843342
-0.186171214940656
0.289657765344387
0.362382523720188
0.640377287178391
0.930539514966712
0.734848666988468
-0.43773015466547
0.719663772151064
0.424774080469741
0.390439192037979
0.220212246945843
0.020012878024329
-0.655644670429032
-0.540360588834663
-0.86091219172101
0.0778226824818775
0.737928577428638
-0.0471014586072677
0.770843455664658
0.742239416298211
-0.316413153459458
-0.0902326493932166
-0.975094200367027
0.393536374748961
0.673586169417231
-0.594593342236321
0.78998096074049
-0.984492807291235
-0.89236575839758
-0.875568182786301
0.736851032168018
0.715181891470419
0.300319447984668
0.480685809369762
-0.952811850837739
0.850327749813474
0.865437937793542
-0.228229390158796
-0.756281053660323
-0.642970402504844
-0.197870286703489
0.101399282680203
0.911698430843523
-0.943079419920805
0.430973583651067
0.229755047451727
0.0949602792406329
-0.444345309710242
-0.0569272685159276
0.575704353045242
0.345665991261169
0.326407217314526
-0.152157112506004
0.0555046934141706
-0.617857620319092
-0.791228654956423
-0.754649398318625
-0.426034954890147
-0.292271743286639
-0.0867811939180745
0.745926960972678
-0.148927401968175
0.411596189874001
0.603373749688407
-0.102252539717553
0.366272138640936
-0.588355849947574
0.0290493298333314
-0.373475155136758
0.281054091882953
0.322114697803847
-0.125375045998794
0.460129550536117
-0.0571868688272083
-0.724768202936686
0.120533053645204
-0.78375337065256
0.96160639388022
-0.846634651943805
-0.520837476413623
-0.701493804696887
-0.380282885137597
-0.820672673814637
0.114607599153254
0.620321051142655
0.279139571355106
0.358954530968984
0.717173291734129
0.931067738034575
-0.85199137000682
-0.953017554314231
0.775230380375297
-0.570486822428368
-0.770118257392049
-0.49377764044348
-0.34867993980034
-0.554169991058249
0.701851401227222
0.302645271722448
0.514094854684371
-0.988726297361715
0.425067601640641
0.686408552121845
-0.0553760957931699
-0.416769880385412
-1.05212701437909
0.889085357100927
0.0168997968786708
-0.886011433229899
0.61309098606094
-0.22327995557867
-0.263198348982904
-0.988332229513603
0.0618300824184247
