0.665831420095971
0.309425238527238
-0.116251806826187
-0.657771884895307
-0.754399696948005
-0.719719140783351
0.916920584007204
-0.558224365560506
0.855739641685486
0.689883453453412
0.134173394600182
-0.706251964102606
-0.750700555829782
-0.38041507878885
0.640590522204506
-0.111439102979783
0.771278161957848
0.179778258491447
0.147482541237309
-0.0204541582469541
-0.865697560317116
0.574209984548196
-1.01116827237624
-0.644575841203452
0.582906476605098
0.862540877187999
0.643892943751114
0.981907398476275
0.86156417573471
-0.134610244784115
-0.401729635763767
-0.347548978260905
-0.844983070969973
-0.880777542672376
0.0851923059681309
-0.786864447003917
0.194938334848172
0.396326708407061
-0.648683307572581
-0.967483886105409
-0.740342575753634
-0.36135028706954
-0.954193984279507
0.0667044867248872
0.949227027407041
0.705824190298494
-0.444716180035923
0.65466898370715
-0.933059163899763
-0.940909164037301
-0.655095401948029
-0.133956758087424
-0.692442619141866
0.52525943959602
0.212231728176985
0.838633999070914
0.743505270952604
-0.261694872000247
-0.522612791276519
-0.422299827083366
-0.318355301162881
0.331387502813253
0.381234490272175
-0.420094116614804
-0.793186084294945
-0.694841859166059
0.0399528062362514
0.656366465133397
-0.070400953630067
-0.840342316469929
0.436228245445315
0.809551218438413
0.768856869022823
0.0855916575289592
0.120316281469201
-0.290346049311296
-0.789604293571206
0.24882384329477
-0.359605704567705
0.72772086787205
-1.04409219111583
-0.334286976293239
-0.045092195275092
-0.460988211882337
-0.613850527076878
-0.0662721043421055
-0.582834350349237
0.938569606965135
0.337888345474932
0.630949570300447
0.51751820201397
-0.290524559705505
-0.480807630475139
0.182773542388631
0.867424803576107
-0.115083731774379
