0.640140618249907
-0.657370646290288
0.0585649001692261
0.620315260314881
-0.0282850389266679
0.752553905786268
-0.105499304920585
-0.956763860313676
0.452580266690931
-0.0262595289243019
0.921246795325387
0.352483247035071
-0.957376764894449
0.640270851474668
-0.0422343500982758
0.538717513407773
-0.543349161232251
-0.967818874389185
-0.112374825703427
0.0499961772703488
-0.24073416914901
0.421127891678619
0.489737787659772
-0.407284015269517
0.873299081543325
-0.590645470568173
-0.31798331357335
-0.661464587977757
0.127848437036411
-0.98837171304362
0.180066709758249
0.483897234279565
0.0276290505555208
0.274520788038366
0.913674869718341
-0.0338784361107905
0.0897853021709295
-0.752262194163222
0.794592130620824
-0.311033672736807
0.136080888606078
-0.129084018534075
-0.599373045404315
0.512296066375048
0.214296767887864
-0.927976116336223
-0.293720192570517
-0.915298209320895
-0.358124559755616
-0.974847986149583
0.171982942530592
-0.924861079813252
-0.866656687462715
-0.274104145622097
0.226913115960465
-0.762234653135046
-0.703632342186675
0.548239659502085
-0.258108592830392
-0.691629158064228
-0.93370167696191
-0.168560828618562
-0.206274114711095
-0.485820573104978
-0.211946542547048
0.888758126470713
-0.758970952503452
-0.677263205718661
0.308240746295051
-0.81459259034127
-0.669554179538102
0.0155174519874084
-0.976613398417129
-0.718717597948442
0.382822650944737
0.752415202537147
0.425464712654391
-0.769539514742326
-0.17854074824345
-0.495548335269139
-0.581782926485946
-0.0635691750368933
-0.717994366243366
-0.441479892593618
-0.63523070854957
0.512972540886127
-0.743528024480988
0.458915733442601
0.33865247423295
-0.688165338696476
0.0519816439512558
0.259343844705262
0.953534635618945
0.935089545683195
-0.801077980903265
0.408871640048454
-0.155321768278011
0.491753920019702
-0.662820391817154
0.109156450167513
0.461559161948946
-0.520866949994496
-0.896333147435512
-0.0244629996462037
0.0406503264401936
0.390505709103582
-0.322376380252711
0.963930953092963
-0.869943495785269
0.224878752946028
-0.376158646870508
-0.367030642656484
-0.174936437780533
-0.406294430183792
-0.706949579552071
0.165911615391882
-0.962078344584957
-0.386376591344418
-0.17351996375292
-0.750566548796778
0.706003948923405
0.774020756067831
-0.325382657380696
-0.281940016224566
-0.1329611566335
-0.831990772745307
0.325735632706843
-0.261836129163936
