-0.263255202619296
0.935115186025413
0.214794870645512
-0.967663450762922
0.652737831017754
-0.216617990031444
-0.00209219544779826
-0.874026510123334
-0.472747938626444
1.080525161289
0.0703063885834554
0.835577360313986
-0.0491879939452912
-0.654773474961532
0.352776738098671
-0.266088023498829
-0.996638670430004
-0.442039775910123
-0.702002935046375
-0.464718394303399
0.219134615436991
-0.423772890170795
-0.672610464691404
-0.0625534957993115
-0.0209519689577364
-0.24967218964246
0.298043241032887
-0.804992967905243
-0.445858863191177
0.820822316418649
-0.135044769866683
0.434709283085968
-0.457243561111172
-0.36737711078209
0.555854839262402
0.573041561263657
0.274444289730831
0.306621401847386
-0.196331790116958
0.610625831636579
0.963429851186302
-0.765999427740437
-0.525557379095419
0.397937806200015
0.214762116338312
-0.836814758670848
0.0125996518316043
-0.530218937190189
0.45254246735922
0.924809081534289
0.857729361754216
-0.783299295128339
-0.683384165103239
0.659145909566174
0.0649511589518788
0.902278232019506
0.157802524192865
0.0793456785701388
-0.0102447075333947
-0.155631293533085
-0.131410372108899
-0.479682380864602
0.587057253380837
-0.989698681594295
-0.93009400579891
0.43139978978768
-0.513305711944948
-0.559880929086376
0.749382718814699
0.965437781278231
-0.857081161764134
-0.653021759499808
-0.946509437354131
0.938225435604772
0.875257616661136
-0.0480596642008211
-0.196074657658767
0.797745342110381
0.291289939287815
0.195327114098748
0.387542298264812
0.51127127900548
0.939118635557086
-0.0568139393500815
-0.693589315834456
0.518659368019896
-0.438498947799504
0.536181015605335
-0.702353380855534
-0.134868959298837
-0.0832580693103524
0.0900751081775295
0.146736249928804
-0.397861216077998
-0.81018940057884
0.101547089407335
0.600201916168333
0.843447649541324
-0.0444815280894833
-0.108324697550112
-0.200666607669055
0.912682046888131
-0.223464436989524
-0.602678615944437
0.276443110419337
-0.613470102820111
-0.205798137928139
-0.801296948127064
-0.205525431623973
-0.481942589181966
-0.568914321639732
-0.534415919590246
0.953740610580205
-0.854436127385137
0.202192462600499
0.512295491124206
0.639774824990886
0.370265245235667
-0.508567316770135
-0.23029821093194
0.12076633674062
0.503695170877807
-0.85198712574541
-0.745513760583886
0.54796341632873
0.620720004881565
-0.739051200574257
-0.984221473869126
