-0.115899555117202
0.409599970216636
-0.643494549951349
-0.828326717258681
-0.85748138678814
-0.85960365188887
-0.177397663853121
0.615117610280164
-0.328042151395597
0.572881228394181
-0.0693141425704598
0.895261769465885
0.052669685202708
-0.914016819336635
0.190171834673825
-0.990329091781891
-0.0976573484675504
-0.512771767387839
0.605974024685293
-0.747988180364045
0.119822463893063
-0.286944663539152
0.871950390624438
-0.822593152493158
0.423369192747051
-0.872926743495407
0.974214144319295
-0.054770073528748
-0.252896244487851
0.791241488781609
-0.162052926120605
-0.488436715371126
0.357576661326795
-0.413449046083237
0.738211601352198
0.859289647924397
0.0568072047682718
-0.675199884876037
-0.451948525059227
0.824583791527279
0.0484889579724311
0.830013939433507
0.585754137725838
0.369759760863415
-0.571012342864611
-0.580211169076953
-0.0593520127936803
-0.419359154137797
-0.723644825502203
-0.751805897401023
-0.525539441875497
-0.56639472298299
0.915337908393505
-0.553455550137429
0.480344001213532
0.55912278465684
-0.0458046792562696
0.61500387750326
0.445213008635494
-0.34437365972488
-0.952924729398061
-0.517060672298215
0.606278962152527
0.315021277958737
0.517397795061486
-0.901422186128725
0.706817233304946
-0.325736785401106
-0.405453006935817
-0.845138240552276
-0.352469758270806
0.0508057115781118
0.615544954638272
0.59376668511439
-0.847121592872203
0.790022893986651
-0.049287969577951
0.615892840343773
0.189995667528923
-0.28447540141026
-0.986944407308845
0.22045379600617
0.47284365188198
0.134527954907316
0.443511277231797
-0.435531599332114
-0.932353645739908
0.436040408777103
-0.405321836711634
-0.423263244257175
-0.849738151227258
-0.347709095468316
-0.14169506067923
0.00926938623566536
-0.539429681721003
0.161472762698246
0.430734260953088
0.701132594805139
-0.0667167444553681
0.629950677375067
-0.647205992156292
0.380155681693702
0.905626673774576
0.40814522888624
0.25495346660075
-0.0298809839433079
-0.149128264695351
-0.449043927883037
0.364122006684551
0.634629377957927
-0.557006885662377
-0.146246583743619
-0.520501638458124
0.433767203315714
0.83435185999333
-0.776005254396773
0.353801981734088
0.383988374853902
-0.255459168528043
-0.623484849743693
-0.501435868940608
0.0564209133911354
-0.790093758090861
-0.857800079863965
-0.00514580838786777
-0.677058890280639
0.622998873389288
0.456865620365906
