0.598561385640735
0.432869688171364
0.699187643443171
0.373219333317613
0.27122207316153
-0.139073535138647
0.964584157997766
0.468921558259183
0.919908766973608
0.54871062776955
0.595906084618432
-0.294642713650486
-0.270580772501759
-0.506579577292049
-0.0445554013579616
0.704220034904394
-0.00773157582301983
-0.0487493636489745
0.458693708463981
-0.468962057064234
0.492558284881431
0.331286279556645
0.240903814717316
-0.983316384538219
-0.144954142305856
-0.585051412526113
-0.320648586628933
0.375469832331445
-0.932528954665779
0.199585029586265
-0.246619146951233
-0.160560008545971
