0.9629570850381
-0.378351244642448
0.177562514534795
0.810609550044787
-0.0977325994735
0.269621895204874
0.261551625581297
-0.694470761518452
-0.308434482729623
-0.334067370854034
0.124985853311082
-0.0681142300987722
0.871932176732656
-0.496527183124254
-0.0605760224499145
0.651835445336878
-0.99812212140984
0.918893263804845
-0.76848434611083
-0.189302227906123
-0.313008154363584
0.239191367941046
-0.48712153004038
0.244816652904422
0.200480129112477
0.700956455164344
0.29812749014623
0.0354426160115569
-0.147651796733218
0.764467116620527
0.86948724711723
-0.0508695514124441
0.544334643045985
-0.144209116271908
-0.302822788436025
0.205483124052181
-0.506556287798666
-0.910963089844841
-0.793222015184473
0.959152942403482
-0.340805959331882
0.600309521277719
-0.969524075149731
-0.390256873076938
0.834286535488034
-0.947719254166967
0.383128927517427
0.982727620429363
-0.12308300179904
0.454516795457085
-0.830996409045402
-0.167897197874721
-0.604050731503558
0.999262407042753
-0.713801767957043
-0.540044108210083
0.842604838421219
-0.0534513052821136
-0.202748272769871
0.910802601810546
-0.677460096181151
-0.407525198844806
-0.483891366038771
0.701694616268186
-0.148950101623606
0.142455505221039
0.395650842609688
-0.774273044682079
-0.835973494970813
-0.571099887875459
0.812584577013903
0.249738754669331
0.354340356287567
-0.407425471951009
-0.97187936577975
0.774376059813249
-0.777750325965548
0.764719545883406
0.280358208405772
0.00699593209353628
0.203933601780024
-0.997416082312633
-0.107266943311088
-0.418254347288151
0.494832738616781
-0.723631469532627
-0.937148349789818
-0.428368592119581
-0.76225165920305
-0.957892548490791
-0.719892590349835
-0.399673948297152
0.280173174743292
-0.693904206295625
0.833042979118793
-0.927991813947372
-0.823781298758523
-0.572174477292416
0.651564999056398
-0.033270904635727
-0.647521772108346
-0.260020538107348
-0.356509949473656
-0.275699655212348
-0.9799597288006
0.940380920289618
0.722027542424639
0.0251270393321694
0.190813449433286
0.0769116998778403
-0.259704988076208
0.55761200986578
0.279362812585109
0.907639992542962
0.722084218385243
-0.950842738758839
-0.402338610980693
0.807149630815859
0.476307637950741
0.566426274882165
-0.689917814492352
-0.521605800672273
0.130751839145755
-0.235132478563956
-0.991518395918547
-0.968921513785339
0.644527431974804
0.030267558407571
