0.916818568642621
0.189838435515045
0.936516257372779
0.325699808618643
0.546359684916094
-0.519522005467969
0.582763056231574
-0.709558020198895
0.546166768779303
-0.648546981684915
-0.460812777592741
0.167021081799014
0.453766595076287
0.127105703719583
0.149818104852862
0.718744382649301
-0.293586183535405
-0.60835724316142
0.0511336494347442
0.929776782529729
0.742325164119041
0.854980467438711
-0.907991714851392
0.787164721419846
0.417531916055035
0.689128688035266
-0.218024869881901
0.0586229426475648
0.779188850330277
-0.22462289863289
0.00345306523697296
-0.53948982894192
-0.10838177713536
-0.397441870901673
0.69911651886552
0.0485288402192707
0.576242455530035
0.665812815964196
0.0589703327195253
0.971704375935882
-0.214899030124234
-0.283228518700889
-0.517782129874187
-0.257006019886615
-0.0300968013278386
-0.482257126542882
0.889292359088486
0.674878698343977
-0.990669623584926
-0.491715850971914
-0.637230800753827
-0.822237894852721
0.714937386625176
-0.172792208666242
0.291191288114399
-0.659199776089318
0.460940196137
0.195420237798642
-0.585645558894665
-0.425776396787027
-0.851579256006017
-0.0949689272246583
-0.732882662061485
-0.444363118640913
-0.787278771568591
0.426156767610318
0.613766342949327
-0.272654519146908
-0.629248756860641
0.213890551496008
0.849891846028851
0.582239717178623
0.15778185100186
0.201546452850543
-0.281216079798542
0.710741313583645
0.712018377079969
-0.697501227409634
-0.954994412130367
-0.256187099553155
-0.882467617709838
0.725543659608668
0.960183781501331
0.265548968914827
-0.853157438268775
0.805698520763526
0.540049592801523
0.0524733745502288
-0.223311167964805
-0.151380210436964
0.543867358510679
0.393235379151238
-0.252146928964305
-0.240654585203494
0.253313184842733
-0.814082135545571
