0.87843656203781
-0.784719746987702
0.40893580589083
-0.969290474436997
-0.987173895832403
0.20699356382393
-0.182431166712296
0.0874302114219229
-0.0447652929094716
-0.611837525753223
0.547630082385868
0.447295711872539
-0.141041868884467
-0.473852397885451
-0.452175571475963
-0.852609048906902
-0.783061873131359
-0.0847471155931373
-0.509602454474769
0.93932662905372
0.520074320223453
-0.279818213819766
-0.660199157331069
0.418786301990939
-0.469409371298292
-0.911962119713127
-0.853184426326937
-0.342189886852246
-0.782868444392763
-0.352825443624083
-0.0338883362376807
0.849427665939548
-0.723344566211241
-0.685041347025807
0.762839036357581
0.657163598172642
-0.098201055374004
-0.902109196935692
0.152211508841224
-0.455924883464634
0.135728020654107
-0.412941951600683
-0.867403075502856
0.363387022329025
-0.083754704933132
0.723122592059454
0.390773869564063
0.449891510241284
-0.0244957604883549
0.148547427295525
-0.722109654599535
0.135130131944892
-0.903389247447909
0.210420862357829
0.57921432742539
0.483446673512744
-0.4446811012422
0.588314938089958
0.614583302202491
-0.994287005490544
0.286295081511726
-0.731028026097516
0.242508287425509
0.0464239247195223
-0.393251097385089
-0.51512817289273
-0.688857450416553
-0.854598408885619
-0.0545546157485758
-0.850209844302917
0.933569851735013
0.631315101678126
-0.69883437585665
-0.510429348074877
0.767866771073821
0.162013345739449
0.106429460083242
0.187272191718573
0.667181814909305
-0.774703108884996
-0.821402065833405
0.878405663744781
0.455716316531621
0.0386197646592542
-0.232970563041025
-0.738977784783982
0.191754165095348
-0.159622239556175
0.976734959065096
0.324951601821955
0.851093397799897
-0.0587039886928294
0.141482080919527
0.857413588795218
-0.128278158014066
-0.599639646828472
-0.90086381209635
0.502368766872951
0.936282520266341
0.918814779238786
-0.289056743387282
0.161696930077449
0.868966671684764
-0.834366357141072
-0.328007196468036
-0.553123879785167
-0.652360083283365
0.561818777566249
0.488805859896363
-0.441730694726741
0.603579091666379
0.444959586614204
0.0440329117386364
-0.126435822122101
-0.128297658434369
0.449311196241714
0.722664589086104
0.652851066067205
-0.346447335449155
-0.642848416096413
-0.433937748470985
0.638940332401358
-0.553391170581513
-0.476295698669896
-0.0224612256793734
-0.82968166304751
0.28805791000758
0.632180124398952
