-0.15317749918008
-0.845523842280113
-0.237099968734195
0.422479056115743
0.403925943569492
-0.780196284769645
-0.118977611060646
-0.788749354110111
-0.826072033845253
0.501200038366425
0.883542575017095
-0.899138336536747
-0.411820902823855
-0.671959218724914
-0.471610360903518
-0.176328245766176
-0.110793992390046
-0.413122673776245
0.798541847283368
0.560614739953127
0.816545316997481
-0.108964822787014
-0.547721163431535
0.287838424363992
-0.704982417833793
0.886028261524584
0.528688954564951
-0.777258824379342
-0.738112557973622
-0.952513950428853
0.180561005099625
0.437422188688185
0.430063628548827
0.1675671287427
0.041791576512656
-0.684338895116696
0.222621550868755
-0.374465802935458
-0.822910800492483
-0.607394629959337
-0.473649743456151
0.526222807937827
-0.334381107485422
-0.305011115762667
0.486540342032514
0.649746332383493
0.932955896141702
0.531969420611281
-0.62590564374472
-0.162793079264767
0.919228231916582
0.348864130961152
0.133804900886433
-0.798479408459296
0.240396172314117
-0.35818126115232
0.105034605057407
-0.658974792474065
0.60135785506905
-0.0835825872412712
-0.390837397164267
0.875673886195487
0.292020978274286
0.496902084473267
0.4825705133424
-0.634226762626462
0.664561072430261
0.9543874408525
-0.198300735515499
-0.57784231083
0.176206371069771
-0.977532882391115
0.521828860363849
0.69972839023031
0.831455349643892
-0.171729240675433
0.619587387692186
-0.43066973557289
-0.112700658126859
-0.426208500284548
-0.36033516709607
-0.970189589988116
-0.364285510055544
-0.403842112833944
0.224432442070985
-0.0920818129764975
-0.107869761019216
0.0909611778971855
0.789869975145521
-0.609192700483275
0.231559221384929
0.392988291692393
-0.621274577374636
0.662073207071687
0.107502951118342
0.0736415583283859
-0.912226963166379
-0.108473425882789
-0.875593714539518
-0.853709249295765
-0.904634107015298
-0.817368104707896
-0.299714842782972
0.75043864252752
-0.523229260911727
-0.0782972965469955
0.172835636056843
-0.105000499097702
-0.686136622933085
0.870232011077624
0.416816772120264
0.425411004769653
0.720688666367058
0.680432756954964
0.235100908568949
-0.320374750435268
0.657290111102088
0.0949413331991692
-0.691704097101586
0.366024530423394
-0.351429770777202
-0.00299188379345458
-0.482451102529124
-0.214796389960674
-0.538855782420747
0.880033987828739
0.0837034144473297
0.713547172297554
