-0.833518350203178
-0.433083988512557
0.930997634847718
-0.727206628711199
0.624600159169194
-0.813415644631346
-0.849185401949177
0.964861665939243
-0.363629837941704
0.629393861813085
0.271986416432718
-0.535450502689805
-0.4441825112047
-0.35190726277238
0.0594229742566285
0.569726107787554
-0.696656206094831
0.734079714271624
0.968332888298932
-0.640439451590092
-0.529291048144081
0.987790179394681
0.483456155356261
0.746063486079343
0.196976762982103
0.222758635640889
0.854111216595237
-0.893782442078747
-0.965990233830177
0.391629911016515
0.698395226665371
0.186869110146085
-0.250271929976948
-0.224454688352727
0.862621446646071
-0.928493255889881
0.444722959662403
0.159027922678825
0.552652850354585
-0.388026145595367
-0.122002259202929
-0.552012884205995
-0.26924146662097
0.956681754933163
0.847850873962403
0.697783581879168
0.416431699418724
0.784095817476779
-0.584224689476407
-0.77296945390286
-0.85038072520095
-0.857250611299175
0.633969382614273
0.906069604385215
-0.0194963120493632
-0.311169786556071
-0.98601300912594
-0.121188360330753
0.467420537433721
-0.900475989364257
-0.934774294651132
0.0360872314850554
-0.673413455885504
-0.963868904148643
0.348028507031762
-0.359428180699194
0.453520177185517
0.684582771874717
0.99406967712303
0.450488907439209
0.60571209817151
0.445887887110564
0.108919779073656
0.258524526875035
0.310979261348405
-0.84338299528545
-0.703206643037907
-0.158106550141798
-0.399325694530579
-1.06933001812456
-0.0457425596130808
0.618077256365679
-0.188391290443481
0.68390204193023
-0.339417186724881
-0.708895747889937
0.79080083667322
0.934356437606632
0.950996033100438
-0.0921093893630212
0.461520817725458
0.0570747157636924
0.196093089620174
-0.494315401712618
0.110516980813673
-0.385471335301446
-0.370740476894958
0.940189378160923
-0.295878842282247
0.432078354500988
0.959911090885688
0.615284525117669
-0.0448967012639727
-0.431795877061263
0.466550307297261
-0.105183466203442
-0.933865826758825
-0.799456753745232
0.0346029019361836
-0.181870489931335
0.470955393647787
0.54823797953863
0.327397739988661
-0.484033269673185
0.227456501182337
0.396848015369905
-0.0660880909024378
0.511493871847889
-0.331915620957046
0.982499448629461
-0.706689656203258
-0.311730596450338
0.125348405162352
-0.844516100664001
-0.605712762873527
-0.231210325944321
-0.905883680744793
0.969191423176123
