0.0691349427345464
-0.366747685252332
-0.113361910870227
0.77184879508502
0.87682343966783
-0.179862548979894
-0.231791337084299
0.256392642088566
0.302493275623329
-0.0700638546858067
-0.306786127280995
-0.536855257665703
0.298981640723829
0.763762604435196
0.718977895605933
-0.641839068251554
-0.976445172160811
-0.42409636649234
0.16136325371102
0.887228661272216
0.70055719962463
0.218372416776681
-0.347552056385552
0.495378211980843
0.905377838605183
-0.589101836571398
0.088938756597869
-0.0883640103706327
-0.467347879442658
-0.657083774495092
0.192707151375666
-0.731119387332836
0.233672713111675
-0.133264822336231
0.369901045769411
0.71535952053874
-0.171254339334756
0.757362808534545
-0.944964878413144
0.565993543273862
-0.556143576791643
-0.559344635964786
-0.63939329658985
-0.673334023897803
-0.888973660489518
0.18384603801033
-0.860480178729451
0.971218785762199
-0.345089806501536
0.658960607744618
0.881157240580117
-0.905949662396241
-0.549298923151995
0.749785230635039
0.171414092208518
0.76899185923866
-0.582388564263759
0.588748339583852
0.334423712713731
0.539234323940228
-0.246316747989394
-0.990137234775846
-0.562186810710099
0.590767450160874
-0.949869976879954
0.908489620499839
-0.914464207762664
0.484322746374091
-0.667858129914652
-0.45642696233035
0.640854126676364
0.879017808915899
0.324107399335018
0.365272703428009
-0.635272611162839
0.952542548661901
0.638025856759418
-0.653528257159218
-0.902302451561588
0.497472146366724
-0.724101544559789
-0.540300389812281
-0.106621033494627
-0.99904283868441
-0.212970935176299
-0.565983277428422
-0.582762861812591
-0.670956641405185
-0.886346284472648
-0.576192948078857
-0.262537194729388
-0.0586891529373639
0.237540191835148
0.745413085268059
-0.846676606667232
-0.543926597881402
0.0460170456504456
-0.505103611337277
0.0919969675069677
-0.0395276954336047
-1.00483838959038
0.207448514024408
0.0616457776936687
-0.00844817522079297
0.197274851019818
-0.192141354352633
-0.112043980530118
0.0839087895934499
0.566589829999233
-0.176032896288491
0.141717093165502
-0.760056753342118
-0.104763960371694
0.131174435526284
0.342648082676217
0.287719890450645
0.936291248098814
-0.879178177633489
0.808016676199116
-0.414711145430601
0.833449950981506
-0.133199048622244
0.546107228271268
0.168954477238587
-0.178409287963987
0.881917716848818
0.603827633283608
-0.0321651362328507
