0.46541047803742
0.591672979646105
0.749706095166839
-0.188740402454942
-0.185906094091374
-0.348508295510845
-0.594800404896819
-0.394572517272549
0.248527295409055
0.454481922011806
-0.132841032013955
-0.658781586048325
-0.0290163670700208
0.335021406318142
0.320395157108981
0.989393934006245
-0.776478696970212
-0.310933260405581
0.227657482328913
-0.105931697043991
-0.640886223435048
0.127600135834128
-0.581359179307574
0.945440468374498
-0.237403382367818
-0.930311029281994
-0.936416380502387
-0.497224331668041
0.0963490244914673
-0.898124696282878
0.901332314100797
0.253765308836407
0.24666491156499
0.137457233660976
0.45330389264359
-0.735398710956089
0.422608075390031
-0.27266462138648
-0.73993195456323
-0.776545846761403
-0.595654844904207
0.241248599604097
-0.199396310972397
0.932464479187603
-0.908566807205716
0.926724769084052
-0.0876294592022734
-0.509345193961738
-0.175119290865442
-0.582684344023378
0.120418134835281
-0.998609765624282
-0.606495133318885
-0.0555754344951449
0.515761438625656
0.52477077410085
0.837472915403994
0.710017315993605
-0.451365807589029
-0.457195833694543
0.411358668159297
0.235756133480735
-0.615909460264383
0.0094365392880269
-0.0021908047008381
-0.180773712672212
0.796943143222285
-0.225233478509842
-0.905634676063231
0.230854746171604
0.997697531942007
-0.279189245762024
0.58728896458867
0.956868987974806
-0.587614395517631
0.280536781246482
0.304246916292725
-0.642518052250737
-0.944075995580128
0.910827407382178
0.173837771465535
0.40210178391878
-0.524663878430631
-0.652890728966133
0.344265788824319
0.112838316842638
-0.279356842851647
0.291365013683186
0.58383542134428
0.865193114759429
-0.537807314855148
0.477257797639752
0.662658989572934
0.757149764195099
0.737571329449016
0.859414532102372
-0.640611316724606
0.238679596119821
-0.720563783052269
-0.24877141181573
0.499787795593839
-0.23280456291833
0.0268605872784025
0.799916654523031
-0.80227982237088
-0.313763871702176
-0.439219740972862
0.0992792208215847
0.695732613341979
-0.45788413770679
0.412026129448826
-0.645331615091647
0.935471479737999
0.878300973852322
0.599843772068232
0.453167413709585
0.624964257653926
-0.0444685539977197
-0.610804215430491
-0.681128277735458
-0.411054658375054
-0.651735292906134
0.742015047242031
0.585963616238329
0.699683916611042
-0.831591785000206
0.135218889267363
-0.614423247673846
