0.492409881133249
-0.145730562304518
0.671714279409497
-0.977660953074568
-0.147675454162722
-0.485049573652531
0.470868757290156
-0.893011729117891
0.13992917857328
0.831270873294103
0.101385469778944
0.420863246332202
-0.768215250336385
0.493579059427359
-0.448059037123463
-0.797734855532407
0.0884401878350511
0.521355479019886
0.36142396747058
0.574401133953766
-0.0520009895030301
0.781108178965966
-0.583282199598571
-0.0857079057586625
0.701508375386741
-0.38901643432549
-0.127809418337197
-0.526494831951736
0.869652779383641
0.198135313105806
-0.317278425809825
0.975783408907006
-0.822706648650933
0.087304158913229
0.077838392871384
-0.924801860527254
-0.959815836685658
0.208401718036952
0.0825291403890702
-0.116768693780892
-0.044788107388647
0.286893143759555
-0.0477279756602878
0.885492761693945
-0.363509539639045
0.228015655023945
-0.496393967055138
0.353923059998994
0.577211783291564
0.285329856278363
-0.415111659243308
0.168391175023113
-0.185795766509039
0.621986652263292
-0.362076153528655
0.271656640676691
-0.932134889660968
-0.342470112262247
-0.0712378306133846
-0.0793100694774825
0.0970585833543459
0.54256330823173
-0.825987956058171
-0.129424912560715
0.379065551473918
-0.40819033912587
0.963972016873498
0.202622298792591
-0.0554459589351969
0.839230121918152
-0.22288388396711
0.508281584324407
0.953225378726567
0.453807399692919
0.185638395370553
0.881828399341336
-0.818048077493316
0.148051019846723
0.669978969019126
0.562232302005935
-0.932206248076819
0.639511272129093
-0.254064972108609
0.140751075467033
0.717452815811775
-0.0303449148279008
0.764829123564166
0.269008037396488
0.587439587819612
-0.837172474977559
-0.988983780873592
0.899898573907328
0.758906204393054
0.400554193591516
-0.811537060900543
0.195565247847058
0.161814459737849
0.60409848472499
-0.74480052643649
0.839781447340662
-0.989528467732406
-1.02145608822987
0.758035017990437
0.63255695971115
-0.271306357620151
0.956473770142565
-0.536208414787986
0.281444205711299
-0.536889370806233
-0.700008624658375
-0.775783968552215
-0.898670075178129
0.365755808479597
0.894310374775468
0.179993593991297
-0.886956132523329
0.479273629686464
0.331970793178158
-0.464139554250923
-0.527044561031443
0.725649437310814
-0.848122360891781
-0.868724582790916
0.987908462212415
0.661323086881002
0.00330523840946886
-0.225370163744876
0.561909150209058
