-0.208050699158777
-0.806622722503916
-0.552721878004435
0.109479286753149
0.475384946132796
-0.0450113873448434
-0.00392913142586468
0.632022912662172
0.425162070847826
0.161562369829239
-0.586503806819252
0.877005251469533
0.14379475902973
-0.66029958267786
-0.128642283741508
-0.800880945576436
-0.665529160338594
-0.90467149344089
-0.511688784596201
-0.829354665427861
0.781963875731206
-0.698737228260223
0.121992117422302
0.546064115531945
-0.541939956633349
0.766093322816086
-0.617649206729839
-0.998288158379145
0.545819127605331
0.609568675382897
0.245860838680933
0.54598718463356
-0.511818213137327
0.146588693008141
-0.980523931958596
-0.828070525844223
0.195844664246695
0.0534401498035715
-0.685437960379961
-0.804451686157753
-0.172029492488613
0.86542882366221
0.292903674145978
-0.954704588653571
0.130602496837232
0.905197532394575
-0.549399403547758
0.578583717541761
0.432593411766406
0.12329134555488
-0.461443436762617
-0.533999374401251
0.391184567934352
0.188937761117015
-0.429784838249389
-0.551727454808067
0.166846829734859
0.0169401335191358
0.49055021980322
-0.820271282645087
0.67375113632504
0.958302191446844
0.302857331060945
-0.0160412401580794
0.914393997139982
0.842901910916138
0.357807397866667
-0.0316945306708947
-0.996115292344045
-0.34643278028155
0.158473019416084
-0.328751228664519
0.465001537150911
-0.384130246960427
0.0306255455884385
-0.884723434740097
0.32579423466998
-0.849171079300901
0.758516727947259
0.416966182522119
0.929414635828915
-0.789428249543234
0.00472452775144033
0.872652607727591
0.33069843377121
0.256345863891298
0.835210547094802
-0.0913043813531594
0.593314345167871
0.918988818022959
0.0107118336150205
-0.214896335654449
-0.72202867621234
-0.685871994715185
0.329033395652264
-0.930582587143835
-0.340268285590828
-0.130843383551442
0.236781424752116
-0.611733588363724
0.175019832172867
-0.246395065189964
-0.954003582847435
0.38738133672382
-1.00573664648311
-0.431667416169429
0.933406205953795
-0.00444396189441765
0.864421794357912
-0.805288044756825
-0.368046840461767
0.435478994265587
-0.83623835577242
-0.329923894177746
0.604241193345121
0.274940284937368
0.360539347342382
0.702214060603572
0.944352413657992
-0.726758466888539
0.0817711877085436
-0.79480181489266
-0.101431798047059
-0.348074109677235
-0.978276671792428
-0.698350601634563
-0.559732942458121
0.502565328483231
