0.248817585541831
-0.570508538753432
-0.55150368301623
0.626056818932222
-0.23799549024149
-0.30132525308949
0.147593939919961
0.517701895390067
0.541333192015235
-0.483195881690362
-0.497171589791653
-0.773874759002827
0.321429386840749
0.141088841593459
0.317754298086597
0.843524463566689
0.607435094009647
0.301602678958853
0.0674706358455334
0.167372990668617
-0.649297313149023
-0.575009745592992
0.346328166475249
-0.986182540313325
-0.384207892500743
-0.301256608556837
0.590808652635195
-0.0432079784308079
-0.361026059466449
-0.485848099546016
-0.558083625264775
0.896681779908571
-0.360261458273078
-0.315369574159006
0.206458285759705
0.606500983483838
-0.115643392193806
0.569496008841325
0.589666719973241
-0.444248901157141
-0.018140711190741
-0.469243121691106
0.556024438701583
0.216235651535048
0.657703399216783
0.744167055072883
-0.768310127391535
0.353033533162321
-0.726514312702887
-0.348687715377063
-0.443839623553743
-0.355174471178697
-0.638663149143201
-0.15224970086938
0.493423814581005
-0.970500915825761
0.893528899557256
-0.413714670265155
0.368353965590985
0.378925742379234
-0.6409228257814
0.930031202301615
-0.524507705749079
0.018279985964915
-0.919850873763598
-0.699497486726011
-0.430702632415777
-0.0278740907848906
-0.531627725156887
-0.226361270447205
0.652924378808276
-0.317734367125334
-0.262817280379074
0.162053965198227
-0.681436874256758
-0.0448363302942603
0.581728892606711
-0.792335453234086
0.043568724305709
-0.0695759181180666
-0.680926106330763
-0.922412278248782
0.0711844415561662
-0.422495236982264
0.87265275460409
0.0635002092912333
0.794517917201163
-0.107032794356705
-0.284588648993009
0.777694192485492
0.0181201449298586
-0.0786445968965617
-0.105292461116189
-0.977283339440171
-0.671034375507114
0.303101705380109
