-0.915353208723499
-0.163123649168412
-0.551288050557585
-0.692212235962328
-0.975705531462045
0.127946582991897
-0.230505055530307
-0.117473694103539
-0.717031634270883
0.947503687828901
-0.324733414040239
-0.0802285510305897
0.226337769744034
0.150297590497583
-0.0115928003188488
-0.269524922627728
0.678486440308183
0.699504663329072
-0.117327650429953
0.0725137451936997
-0.0194460964007141
-0.516898606590834
0.919420002802007
2.31822588485642e-05
-0.0875097690212942
0.0127689221953876
0.451296776910274
-0.81095398383644
-0.195695631320696
0.394345561027513
-0.849174598395331
0.218031906149673
0.0138654688552008
0.124974647181975
0.409672480035097
-0.0731149780288743
0.996641180305927
-0.540655510204575
-0.285317696838452
-0.156207436548645
0.361534231511844
0.99343259201313
-0.715965952714417
0.750126702903962
-0.526487323377804
-0.770856287895805
0.293807416029584
-0.967230556825488
0.369586881974828
0.660009289796313
0.185023987102247
0.210574173709101
-0.373272265524582
0.654111758176675
-0.0533503287770598
0.700220638400861
-0.796612201942831
-0.0322077783636389
0.213435333009672
-0.236004230683189
0.206946493681514
0.76873785011807
-0.275939709656585
0.0978150532489368
-0.352677011929386
-0.256849603896578
0.341904868150364
0.236748518397193
0.327370296178376
0.809993286684485
0.17278783329205
0.841834767049443
0.300385562893827
-0.112646465245058
0.18050400050702
0.704772005450355
0.553344217111749
-0.201970885896839
-0.263848583502609
-0.133737061359118
-0.661175877595639
-0.573491592883119
-0.648240701647154
0.534652581492789
-0.49252975208104
0.2502914374889
-0.105639613011668
-0.231723021143109
-0.677116491047967
0.58386074413783
-0.0725149417091895
0.337802190401826
-0.374178302857681
0.770571085337579
0.516840760592943
-0.901315080221547
-0.144782976111993
0.977301570391384
-0.719099408951289
-0.613165230183898
0.832436874251355
-0.891829702713374
0.556748661991676
-0.752328463002875
-0.501438760919808
-0.495696189159113
-0.332558559806468
0.456131806252353
0.651672054173219
0.743242803157538
0.268284572500015
0.720643934517432
-0.867551539136467
-0.56596826530248
-0.124089333298173
-0.756533151781958
0.856616283952413
-0.852851544173188
0.674342958686172
-0.189879333612323
-0.637426467527992
-0.572668792033318
-0.88998270055754
-0.275401810184664
0.530203520130066
0.566169989430226
0.800721393257216
0.600610228421856
