-0.3313622288801
0.971966675263569
-0.372692900831947
0.782851116973222
0.702836488368607
-0.570477466430404
-0.500569484216225
-0.829100676569562
-0.150096387512786
0.0482024786043446
0.449277083020209
0.116891363273394
0.849023879990523
-0.406305449985246
-0.413822779137781
0.567594846178891
0.0128009405445207
-0.675006349761901
-0.52540942728835
-0.228188208927297
0.776068232419758
-0.111189049026504
0.927360007878947
0.936931614884236
-0.539539183321477
-0.718588017929955
-0.890680747955502
-0.186014467397733
-0.98760122948899
0.340512510266461
0.961042379382603
0.517187464060345
0.368227696521484
0.442869227134813
-0.575721872529984
0.38901984939474
0.169307531826689
0.354395764571618
-0.513765551856635
-0.517752503928013
-0.780678509904419
0.874268265874274
-0.262325622221996
-0.189039154895575
0.755605120065708
0.442336651676859
-0.412250154432448
-0.74842918181611
-0.0924981372288517
-0.255074917666941
0.803072547287934
-0.675682371113602
0.736252828879681
-0.946607519326371
-0.840560150629413
0.90854550335
0.748835358989113
-0.466884273112123
0.0610953368500706
-0.0471351678691012
0.466009928049148
-0.815152056956153
-0.00265097652163212
-0.0136550554367147
0.709236657558928
-0.693031320292168
-0.0424220412464921
-0.218470007761704
0.572139748754561
-0.480556467368705
-0.253589815491177
0.650715429863765
0.401508940539563
0.685093791465627
-0.887292227232144
-0.618593760292204
-0.173657971544361
0.951037316894364
-0.928805624722457
0.436886840098109
0.822798292237587
0.945168411992028
0.217368252289
-0.21507000217507
-0.61851946983223
-0.627561383237733
0.831628053126238
0.87746256194075
-0.985263636463485
0.210835394932807
-0.269494206789323
0.44937663257735
0.994524037463423
-0.778884920216521
0.111853114594463
-0.898711332104264
0.753268268591442
0.147909224819561
-0.995086949995283
0.888620861263295
0.186941626115721
-0.0480006624285924
-0.263829373308172
0.882572906359818
-0.653850893118844
0.713445722646741
-0.671899470824492
0.307206875807244
0.483403421010255
-0.795892639955073
-0.757109802454658
0.0496936617467246
0.663194202773778
0.569956176030283
-0.636818573005409
0.948268953965241
0.0138319438522954
-0.981523420712207
0.151220671353094
0.0315820703685566
-0.424527071376602
0.675626635515655
-0.801812576374816
0.736735732167368
-0.0195229915521654
0.418615216580943
-0.491599671548884
0.291186316856103
