0.496380071257512
-0.472620865497924
-0.00205185406309269
0.0479425396196446
-0.652751888628739
-0.746860343570738
0.586836970971751
-0.557101197572298
0.985075741636311
-0.672590611081299
-0.896878124936894
-0.482952767963086
0.870258957633697
0.853396503345761
0.305593560811436
0.0436945538932231
-0.427272008763785
-0.532507009723465
-0.100007226260023
-0.688569178437018
-0.0533896002955407
0.477544854120457
-0.0250593252588659
-0.147385988948587
0.62929933184318
-0.618038356930348
0.0418329822589761
-0.113989425364969
0.619876722585574
0.361762999524105
0.329241331470833
0.10083075524607
0.326352512007618
-0.631753057188909
0.774128912387812
0.159193143756987
0.338728767835753
0.990093030797294
0.81504766333998
0.581882609458433
0.102842603976534
0.69006411868202
0.501684211172849
-0.606799983640227
-0.856305049361297
0.0398434439400359
0.365017070322247
0.124506082373466
-0.89924006992148
-0.476596785332945
0.882546710852032
-0.52033586205634
0.361373611164106
0.859405944881483
-0.26561314143883
0.0991279520034086
-0.246383286458573
0.354650541622694
-0.196451603229816
0.199759016314393
0.652375044205351
0.294513960690189
0.189817931889459
0.370809153465709
