-0.443453748426304
0.992894753957904
0.0692911292405614
-0.694748932986038
0.589278759219589
-0.458726948733078
0.397265623312985
-0.823715945629265
-0.267718316875343
-1.00202195537244
0.32399488464103
0.0943750488013334
-0.732872199299217
0.105031428525749
-0.00228836452093915
0.425637676952603
0.163254773688286
-0.929465021105009
-0.98433961980221
0.110847523049361
-0.868576205514067
-0.520287782414892
-0.108777176111613
0.806077448570251
-0.243870888111378
-0.699457869806157
-0.0636645087025953
0.68159258142584
-0.981476234623575
-0.248122323553673
-0.276956086670326
0.762918023188952
-0.373867421038369
0.351328381516297
0.766315410904918
0.92363587262554
-0.00587400668030782
-0.294567560373483
-0.176217940755628
0.519375372930023
-0.390324398413716
-0.391595138718187
-0.547140177344195
-0.772311972004216
0.324831616920383
-0.652279411005315
-0.345043635385652
0.108692231924558
0.580823152466671
-0.772381487252759
-0.638754330403674
0.163916834039073
-0.139685875381068
0.158890124973865
0.954481063986469
-0.113276710399882
0.138485652501942
0.036600979015605
-0.428164926465259
0.964647646274399
-0.124485684801558
-0.805434189861229
-0.161284166087819
0.402890174028213
0.845057469206959
-0.435152951180841
0.761277487424498
-0.661310644834421
-0.38280974466175
0.0901421365695266
0.606286223920146
-0.573866932057556
0.479732464279204
0.98917621786187
-0.670047681771416
0.670642686047439
0.343833157491779
-0.854458518749482
-0.138831847725298
-0.762992944773199
-0.846903562240394
-0.0734737027055345
0.0665024200225672
-0.299179827983069
-0.548503571280895
0.356974756645139
0.0281712101347016
-0.139957242344369
0.675484769789017
-0.79472860657579
0.747423798032098
0.644196329279122
0.437305060689102
0.662787654009048
0.182613597795046
0.453130272653594
-0.634852153763929
0.417443561778794
0.667768814524512
-0.700378484258745
-0.409217077285989
0.500987905547025
0.607179227110395
-0.115348262813351
-0.340487049077138
0.392829882296881
0.70279088584007
0.948791365448157
0.0691854923654709
-0.700938438774121
-0.398036696717458
0.553263006488187
-0.44444773793005
-0.229452159656034
0.984476332939933
-0.991709009764818
-0.620692518936351
0.668963170405518
0.884412350910952
-0.797624039680809
-0.4954439785964
0.360226630324085
-0.337363916219454
0.642706120145906
-0.738306683292568
-0.940495977896861
0.392584582778958
0.863663372395507
