0.401533708588039
-0.552182902715598
-0.933652699312619
-0.477840458491954
-1.014097521093
0.680269795187748
-0.864497069826846
-0.388114261884103
0.442591681978393
0.051262916110849
0.588837442794521
0.687203852277653
0.805533643764497
-0.175566510165487
-0.740606445325418
-0.343302197225135
0.654561706371859
0.343389411289701
0.363739499318466
0.888064166366567
0.496471854996078
0.559055201905678
0.740916953955638
0.237890917351067
-0.272327272602422
0.365614813658981
-0.293771817309152
-0.422227107680863
0.852458590226977
0.0677471207284639
-0.0695814258856437
-0.0724700779460572
0.294004444413983
-0.212120321750307
0.319791306504834
0.310875076447886
-0.432118460465652
0.777991200891819
0.0706867539404879
0.3199567814793
-0.816955940194694
0.288273923914763
-0.902400216341191
-0.682197638107661
0.459096262157142
0.501693583767583
0.538806576970162
0.709370154402893
0.95964820662822
-0.131871365574651
-0.521641838504173
-0.317798704211815
0.559983324279254
-0.791866835797565
0.938731726925597
0.647029817464787
0.189046024582524
-0.722200871322495
0.0615727983801231
-0.013240867007622
-0.576289480130784
-0.197848955717004
0.641910231961201
0.70404438240561
