0.773628285401484
-0.285669078797124
-0.135378233532545
-0.240620573840306
-0.790763497076079
0.964802819465059
-0.321886530151382
0.893216619894907
0.130409333591658
-0.533027242108625
-0.20420238589517
0.257126523598959
-0.663066266392052
0.730934376959256
-0.777122434985256
-0.961274298311867
0.348353678651924
0.958264470052181
-0.440585731973159
0.151455881613007
-0.557183686006719
-0.367243919096731
-0.0276400546304032
0.889064757614205
0.408931929073463
0.0788990387046635
-0.66845139756721
0.344912889839655
-0.502614821191061
-0.218252808425126
0.754380134293128
0.788977272593377
0.276154299090915
-0.633477350172007
-0.78108860618998
0.00476995490924954
-0.231077757544457
0.237411107541088
-0.597432918504986
-0.413851694051286
-0.92417400902351
0.365485018257189
-0.828146006739954
0.890816534549782
0.085442006456349
-0.122889016690776
-0.706567842336558
0.0125169140210826
0.712554737188736
-0.391776118360817
-0.0931809965005306
-0.18139341178554
0.242122169568184
-0.243315649754342
-0.377414032535489
0.0964132172696031
0.337899407076461
-0.478227387540382
0.213000101933293
0.210939485176481
0.716710238777495
-0.550220786135312
0.32119373633652
0.998534764748133
-0.531999737431902
0.911034778748423
0.795058125827924
-0.7036855542299
-0.119675083036234
0.530589962906083
0.00804559525364381
-0.344412365091228
0.0361257320959975
0.196330124960641
0.651328375330583
-0.140973546447973
0.728251605755934
0.175259147847024
-0.601164935569175
0.562075283158767
0.962658096121851
0.800138409388236
-0.430445924308314
-0.891409991441382
-0.385667950357832
0.179057959269586
-0.654131253225623
0.228024858807939
-0.0306443553050009
-0.331198466864369
-0.512804460757134
-0.93964432524175
-0.339956110346187
0.777239794053598
-0.406361250608548
0.148133281019696
