0.750768958527968
-0.911309203148849
-0.818152622513733
-0.164622180629995
0.0844367969136819
0.645825833619455
-0.773488230169715
-0.0896075195431333
-0.169795546329455
0.222362768698212
-0.596415828620657
0.718235524390736
-0.447843417633169
-0.579299880103345
-0.727211900489542
-0.011092305232697
0.839655221545922
0.979369528083296
0.127868700565327
0.224507080205277
0.851974915449852
0.397880080716345
-0.139802866023335
-0.0689066744952793
0.525046006315459
0.804575267653376
0.732257068711874
0.230966243219713
0.411927064407437
-0.429396586585625
-0.769121508968236
0.807738495861423
0.220946461376804
-0.313746578828301
0.266161796954881
0.244521838288577
0.326376954038565
0.668685100508554
-0.584835620167422
-0.904282723843057
-0.963953818906135
-0.0887305227793634
0.229546457278692
-0.936286157624231
0.214467391328485
0.200653537311576
0.587825757750151
0.256998846752134
-0.480846634289026
0.927034752269674
-0.421425919992422
-0.39041870892575
-0.757127540294185
-0.629493873504398
-0.107593328817383
0.789978174142878
-0.644601832049805
0.338848674386542
0.909467576197688
-0.644008711671706
-0.0371242096710818
-0.675054123902406
0.960293530135625
-0.333174085797866
-0.977976745656452
0.519024401769679
-0.561820681330708
0.976882409573199
0.604971327911607
0.444565333775781
0.470799373123937
-0.595655696242738
-0.836124826919872
0.403355337484889
-0.817763075328432
-0.0400509248829704
0.377886144464074
0.209827897343809
0.860072110327794
0.814038082270477
0.586117519873172
0.326231205444297
-0.875453922547723
-0.573042383269428
-0.0428135575865435
0.204899461465503
0.552514717355409
0.72025103343146
0.901291075133343
0.281867003048763
-0.0161847729220427
-0.32622187984669
-0.0391747143412835
0.0158104181033671
0.348758865097431
0.599593205339617
