-0.281678620567867
-0.940560231295519
0.878467851870603
-0.0323904904239447
-0.590060603372312
0.90435275845456
0.696217580863252
0.677873804458531
-0.119911214319364
-0.658589210909921
-0.656372982357157
-0.958673300300856
-0.40388947471149
-0.044037893364318
0.822885812314992
-0.37131811959404
-0.692675715846365
0.16627025791254
0.982308155222724
0.533940755320128
0.122969439272922
0.412099669263042
-0.525173898736147
-0.178155804498599
0.603687501166308
-0.157279166357464
-0.786702128937983
0.0983052913843168
0.938126668519887
0.133877896357517
-0.876106759611778
-0.773960284200839
0.899925015481908
-0.750464084040268
0.828522813218736
-0.234678748918968
-0.51148983073446
-0.138847466957088
0.708553475449063
-0.982955634773917
0.122368228041528
0.748223399520366
0.967991717996981
0.699547476590221
0.324815153361478
-0.266861329741211
-0.787189492961161
-0.806433430329728
0.0278028674806383
0.764624968610868
-0.643072695064765
-0.394265629881253
-0.119101351782148
-0.77348865659272
0.495351365944288
0.00784079685112959
0.829677545284195
-0.365273667439217
0.15056471142376
-0.0756055521222265
0.472184729111267
0.496367172088811
-0.449073834855364
-0.818809248574536
0.141325352532087
-0.588045912775909
-0.25396448534697
0.624317959427328
-0.212851209372291
0.0938629166202503
-0.96931948017089
-0.813675919586224
-0.953889348729388
-0.689756218772697
0.00266573977818241
-0.916862758550761
-0.626691453224847
-0.369181611547849
-0.893633427883587
-0.750363243467765
0.272821598099073
-0.198564267082539
-0.394216335250366
0.509022663925738
-0.934911721619779
-0.049147992563898
-0.623623913257639
-0.260565689752337
0.0689884619491283
0.50330500482282
0.804943884963928
0.651878193642459
-0.34265872190598
-0.130945712872294
0.0331821499837379
-0.760855543955897
