-0.744150890496459
-0.339221608471821
0.810045754135336
-0.284252159897247
0.780061371926076
-0.636498361557111
0.778372588594695
-0.462927242108538
0.651704576611864
-0.00133219840462647
0.448280536608063
0.313674125331931
-0.524319685006356
0.400561933328607
0.104503200426737
-0.799800511054654
0.149821475535662
-0.264054482007027
0.653279456407287
-0.153467714441639
0.248373540794214
-0.25960402666856
0.73580233940015
0.227430485070807
0.560517811475751
-0.541128402515998
-0.167885323402552
-0.838454900469442
0.832089954424153
0.926866444909733
-0.326697519265372
0.258912551168257
-0.0130208513687455
-0.539932490342545
-0.316361112848128
-0.708322707441168
-0.4275006446922
-0.581776347199
0.529471494272345
-0.983495504894932
-0.265272027279582
-0.856625740785016
0.696689488757696
-0.789077223242567
0.603713466581362
-0.908220931108738
-0.861033631572992
-0.703610802997741
-0.86463883163602
-0.691399373521332
-0.131476411652281
0.973042391408445
-0.781411740095987
-0.450002531501212
0.980824467958218
-0.452128179985887
-0.820005862465754
-0.109725365459531
-0.527081764431191
-0.959277567550761
-0.531822690414676
0.649226342437334
0.254188835022086
0.803278732200564
0.00478698516525638
0.155251382243434
0.651907025707511
-0.435634711192301
-0.963461411756703
0.716961497198345
0.519226343565527
-0.892328632508965
-0.372267641044589
-0.522723998822427
0.567519509922359
0.158695550205684
-0.660649365229236
-0.957754483134662
-0.786554266891697
0.885699460581384
0.0163144232436082
0.0484289380785765
-0.0818639725721106
-0.291159068933408
-0.718209919135447
0.0869204385181183
-0.592768071311434
0.224786261350563
0.682415975121475
-0.930166891265806
-0.422867241419222
-0.522394252535652
0.693958012305012
0.794538233578814
0.220861685541717
-0.408610354208572
0.582574953095312
0.732901603878946
0.60448975912838
0.344268972819061
0.889861693777903
0.705225852805905
0.313699844524409
-0.300729492038341
-0.16781618794714
0.10104512085385
0.165092242644622
0.381057842191979
-0.423198489429329
0.433405998731268
0.55743831115781
0.0339312362276924
0.142804767854555
0.472215610605885
0.761110768261509
-0.479459622755394
0.0648291148775564
-0.396263969814624
-0.890522300271124
-0.549601963811219
-0.359274117727215
0.142792407315015
0.63795487739445
-0.603483352155121
0.489846952776226
0.948605058437893
-0.512072089127148
-0.221261154565689
