-0.601934360296492
-0.461316600424914
0.854165860672597
0.63825564546768
-0.881341330556576
0.459824662422943
-0.217709457327538
0.225205975943475
-0.649189087716474
0.215862265362799
-0.834863185695237
-0.935554266168207
-0.187268370779977
0.541503765406634
0.425107693468396
0.786809356471228
0.536272979656589
0.246020979794211
0.337940689668785
-0.591735699569023
0.452513388173754
-0.780990232571798
0.0329339985950059
0.843453068622856
0.272973695923802
-0.510560802505499
-0.912284180624022
-0.140293255791277
0.55692063623689
-0.387125170006904
-0.49700886584517
-0.604152728320145
-0.127291468574192
-0.814474265847398
0.789958139208288
-0.64256318288708
0.354885054298062
0.713367634729707
-0.573445020293434
-0.00787373146730456
-0.930198242712171
-0.171227710908792
-0.546146065784159
0.461907743069423
0.22521942167641
-0.195580214791692
-0.971853550619686
-0.618927338099131
-0.383037651477858
0.750056022053014
-0.590863810470637
-0.0906407509529403
0.0313656707238585
0.592498012482873
0.0123096711026198
-0.918493482762552
0.324167406729828
-0.271082671601507
0.340984828823319
0.152103612980176
-0.116135441052841
0.0862603260626843
0.648257016168115
-0.790739178337327
