-0.448349806915009
0.367070498935402
-0.0580381833723768
-0.516030035759427
0.933989347192265
0.329016168489063
0.085974792567899
-0.963625444242134
-0.00829985212605687
0.20530195426944
0.893770638423482
-0.0783518016663432
-0.0504787685128566
0.24337207500569
0.4502582434487
-0.0787119830443154
0.965335244508783
-0.431181109803881
0.0105980990778538
0.725610830341714
0.183254399796564
0.135869625394156
-0.206624842461386
0.639409225536563
0.383008301660527
0.997272544898153
0.506362564740735
-0.0609266568811122
-0.859479478184013
-0.0629276491691781
0.916057772789859
-0.670911233076875
-0.0788307375533292
-0.482264195173887
-0.645491681781276
-0.934706427285875
-0.561585481406812
0.370600751862041
-0.578831933594127
0.778691578835363
0.0560203493053866
-0.185983816774276
0.00614547680947799
0.613746346881731
0.484209291931114
-0.585074181456115
-0.0543118305996324
-0.376651562977515
0.87496741673424
0.295891247323816
0.866587422725206
0.0867279071444763
-0.53006664904602
-0.727407682786741
0.688841241810048
0.223446731447279
-0.145103074747263
-0.551554101078878
0.449292096523122
0.800644153676331
0.760028123357621
-0.746504834258389
0.514918697690944
0.680350773490363
-0.530967040609168
-0.433318066156626
0.436437194656192
-0.281053416867939
-0.856325753616393
-0.542876687722753
-0.72737582104351
0.976767601084968
-0.96401939202675
-0.575957459826213
-0.483795858056928
0.643593968716545
-0.591131269181642
0.875633215208007
0.408710190506594
0.515209268098476
-0.547030650262117
-0.0130272533427951
0.672479288063171
-0.281939466057602
0.943074164477939
-0.612103573552476
-0.657426559629011
-0.430753108679855
0.75934392950685
0.0738091112966025
0.554603657616898
0.698979738678074
-0.085188082214034
0.51752830773666
-0.685668525704391
0.211936338750368
0.418943679292681
-0.426629564324688
0.185891295869816
-0.0648442254126592
-0.138453930231781
-0.556324142497793
-0.995235273400415
-0.0281801475805345
0.472412919116697
-0.686152446336766
-0.607850297892721
0.587344652365783
-0.281290141955025
-0.401115459648308
0.699949349647328
0.306572125794167
0.169984743992398
0.388545364408785
-0.544354887997144
-0.949399777795716
-0.0235775529726105
0.51835728906016
0.765077928219739
0.564424871988641
0.857129239191376
0.744899179906927
-0.516298380576594
-0.79314765138266
0.0592287367488043
0.101866583011668
0.504551394555206
0.509079477683061
