0.235532760904334
0.679060061562629
-0.0990098241856865
0.460579490176035
0.601151047319354
-0.392730484148467
0.674025553744735
-0.889749678785138
-0.588631632945046
-0.497222023742181
-0.690933856130229
0.0335597953151499
0.85595838614413
0.866774195069965
0.0633675124623067
0.379458936466584
-0.922664469265427
-0.434145871282595
-0.954851176255943
0.475504034339959
0.369169746089518
0.228278991661657
0.0676897954214609
-0.221634917040972
-0.484456255932531
0.681794884191328
-0.860918389516553
-0.0161125313184373
0.155573746782913
-0.0493150801340279
0.515906595153931
-0.404358967762995
0.619760011546656
-0.244581529946673
0.826051534443638
0.527389353223982
-0.457905796030844
0.557042190734892
-0.911378611621966
-0.193239999673693
0.993720425070518
0.444643676283845
-0.401363626452904
0.177491080323917
0.454899080539021
0.952644090649643
-0.546986916654251
0.237921750275988
-0.474368800246395
0.0710442800583084
-0.745481055567772
0.0183491278316266
-0.889156330689088
-0.513746206297612
-0.189352645115089
-0.377336649795804
-0.282295721496222
0.812460002948651
-0.27750298380671
-0.730282757213559
0.681068126138078
0.309322983732659
-0.334426051473399
0.015859546618742
-0.515169931337074
0.563872839266337
-0.813569203566673
-0.708130090198935
-0.992113778004853
-0.709208640648444
0.028356075836593
0.420216362233134
0.55274106918679
0.90923394748164
0.796676739650189
-0.409100314515219
0.536089047147378
-0.992835760635639
-0.72969623378248
-0.552376415824931
0.379093133320916
-0.289823332947487
0.910139430287062
-0.635856829129174
-0.432601891785841
-0.374572517395044
0.14298266339842
-0.152595600144092
-0.0399076382220731
0.634024629050011
-0.57252832138423
-0.27898194090873
0.280425842996372
-0.489204292006928
0.322151268206062
0.731251803960296
