-0.223490285900952
0.214050278490324
0.488893963777937
0.252027894202503
0.14975849300899
-0.372091925351635
0.805932627017215
-0.97612613039316
-0.181100623677426
0.185190708500115
0.889944935274387
-0.227919385927415
-0.371466392165923
-0.360702642646191
0.499456328873554
0.39861999231822
0.0590412046748667
0.489082122459064
0.328051660833995
0.162716772322833
0.8265172204851
0.928910729180881
0.0370926668574519
0.950718665484303
0.384082740448833
0.395818543135536
-0.427875385644019
0.0105711117831258
-0.719180256781695
0.542973885274983
-0.231988165888615
-0.35584795152544
0.849496067499632
-0.636892584662668
-0.324668500692768
-0.559026865546749
-0.00567728593918063
0.851075426360468
-0.456493285533068
0.224050019728594
-0.684496987421539
-0.189430471610341
-0.513271947726925
-0.599481481218318
-0.916735143818306
0.76933741072008
-0.423706160146742
-0.506839835490684
0.401449087940808
-0.207822941175398
-0.876974810521793
-0.0526090435111961
-0.758585602674909
-0.928260102792021
0.758208328390089
-0.914062622177505
-0.947729191647827
-0.180218452037257
0.874209571886584
-0.826279328636199
-0.843616688205289
-0.00199310654573298
0.524211992152216
0.445355941165741
0.0719707895142516
0.0721020597795728
0.710571993637145
-0.539028320812465
-0.25976566596862
-0.259608072860752
-0.412987654041939
0.311088235291394
-0.143484093261341
-0.0409962085162626
0.787832005523198
1.01206669778017
0.382880817776683
0.901461336978074
0.263957388341057
0.945552982289089
-0.936057890342142
0.310226118886271
-0.448928310018743
-0.928165879008235
-0.414738563881029
0.219752237397423
-0.0235673865299739
-0.0711862799756343
-0.857916588017382
0.279245716483515
0.398703890206207
0.541339432300168
-0.969807277258174
-0.836922283816007
-0.848637939318061
-0.411871710672777
