0.755852712149482
-0.75679535706538
-0.236556783889545
-0.116390146981457
-0.867313091250562
-0.0840202626714879
0.794360508894463
-0.70033641867434
-0.635549690269457
0.440830596493824
-0.0410873278633059
-0.827798538559315
-0.113023495845453
0.805638390837005
0.217303387635339
-0.339476285034972
-0.458860754332675
0.608284600452996
-0.616586234880232
-0.866462381690579
-0.249688393962014
-0.400030095235361
0.879882438540205
-0.867087545751279
-0.787715374223039
-0.925031231751789
-0.758021892769764
-0.549647120396618
-0.192632699770747
-0.782225104130894
0.118597474651995
-0.206620400274754
-0.582537215087338
0.338078085704557
-0.010446416359688
-0.946613970638019
-0.370892040018361
-0.572755015400258
0.498991708552433
-0.836812474776991
-0.276699325278471
-0.390488641160534
-0.865556903707261
-0.502312462958516
0.409987648599089
0.315299268333845
-0.901658686165494
-0.301934803385765
-0.0989624884489892
-0.782429754942167
0.311231045159545
-0.392697843681262
0.493219548566223
-0.678202453525577
0.540243766088633
-0.202896593593908
0.610712752672562
-0.491179272178032
-0.68827628423414
0.36227519186228
-0.605473342061768
-0.319498269222273
-0.501093551648875
-0.899776775403075
-0.867435850674592
-0.82214180872205
-0.755457889872926
-0.217487912059863
-0.714242359502899
0.777591702540181
0.721649578176376
-0.343948919172147
-0.471357044350934
0.872111087924912
0.83303407507321
0.14393869687047
-0.512170252156107
-0.599661797826248
0.946600159679524
-0.125307084979816
-0.232912331919616
-0.345279218886861
-0.667329270810888
-0.977363882554226
0.321167863439537
-0.0634307823184517
-0.506288739326033
-0.767394016487903
0.238044510341282
-0.131538541836234
-0.514834240155146
-0.577700305873114
0.713502466650854
-0.758270948304341
-0.676370349161901
-0.0211334836878394
-0.455040217723028
0.694986118831072
-0.930432463634083
-0.636238136658158
-0.599283251171908
-0.509293158926504
-0.800104857114815
-0.182723451060558
-0.25252944646737
0.725099206166817
0.496624435453539
0.196759157591828
0.994628080526787
0.956940159495175
-0.173034612144628
-0.215796371909745
0.336085432553644
-0.547938206702796
-0.636384238267857
-0.998571748567171
0.588809856725236
-0.803010150625758
-0.536366860859654
0.851293989979584
0.342875540976629
0.743996254244462
0.11971536657798
-0.646798970244046
0.0716226618691969
-0.0677567332740996
0.526581021445665
-0.33109818656289
