0.440951389461634
0.399465218216345
0.0754687943476998
-0.528489465016703
-0.261305766630419
-0.0616982140958378
0.767924388205106
0.864124003476829
0.806918923931383
0.804353926902789
-0.889951009615733
0.852897776614966
0.36839662579997
-0.285765172266454
-0.360135631830383
-0.580736856148285
0.1976944100012
-0.97799861841759
0.240522724191897
0.176966021621255
-0.269313928042096
-0.452648215344157
-0.596195015463207
0.689756444908662
0.00190558274522157
-0.115997442357888
0.553743025081847
0.961286447924067
-0.415055873956867
-0.0538556279957561
-0.654570193889284
0.0605403563051447
-0.685210571986633
-0.129123130256383
-0.939420619211703
0.448656670857798
-0.975943828194941
0.271616293283231
-0.876279102597563
0.572778810200398
0.245816804523937
0.0516097368118753
-0.571785007218046
-0.796457524289263
-0.842549557129207
0.647806011073901
0.941482013888678
-0.370700320279757
0.573189725852758
0.911347516675276
-0.702495845385542
-0.996719991014116
-0.986780404933084
0.104203379986901
0.199498611283252
-0.808714300245382
-0.201292228697759
0.273271563069985
-0.263765040020635
0.0681315036880759
-0.538120736442564
-0.520470923488405
0.431700400429392
-0.763324913461308
0.4348416970696
-0.843999952515768
0.833482806137752
-0.167606340038132
-0.339096759525768
-0.899991290963114
-0.705982273076106
0.0233621166611531
-0.0955207129805921
0.239822962245042
-1.02034170440966
0.20855723001147
-0.382659922573041
-0.41888377638611
-0.600984591532479
-0.972188867625477
0.110621306114216
0.49370209157046
-0.0448225046541757
-0.628747072520997
-0.922878944973171
0.052360445402226
-0.0178444471694292
0.876204479575204
-0.673660829607484
-0.63605426224139
0.0812214606508812
-0.0372301551234382
-0.0308194135285563
0.97533444387009
0.223732111491415
0.258521825597172
