0.00487806063775769
-0.525230511700541
0.133374986061556
-0.634254718171188
0.964622874139468
0.828806892429645
-0.291926713610024
-0.751594123014007
-0.483702774680285
-0.250067281177169
0.684192022600568
0.942507232717109
-0.385533055755273
0.0178169582415945
0.86395364603773
-0.862555982425589
0.020263258803002
-0.115439176775749
0.0218081910441622
-0.0884113892754576
-0.657286997907537
0.409156926204475
-0.254051066122526
-0.143807015492135
-0.239189461624566
0.664743031236102
-0.878967898242517
0.340413092660753
0.759180840918266
-0.834411221850473
-0.879635855792406
-0.862935171476514
-0.739781874950829
-0.627563550165106
-0.520678792477656
-0.237654456576134
0.315097339496052
-0.523567193788481
-0.180695804346524
-0.41663061683827
0.149244815285882
-0.831167615886801
-0.911202616060056
-0.934504380675874
0.588496107461569
0.222239908540209
-0.00135508276440705
-0.819755181920572
0.244813930811962
0.942255286272873
-0.977041118128954
-0.63828693992325
0.0977786599353486
-0.355792587012701
-0.179792816324306
-0.326050614443065
-0.982813969988252
-0.106805019625897
0.396021761530753
-0.363600509081201
0.00503230640873017
-0.0902303836715799
0.750036189045399
0.604726072404092
0.503890847990439
0.634463196401394
-0.517430053891981
0.646888627856149
0.703241474145845
0.736626274404189
-0.865098116061657
0.24946310169934
0.698779445804576
-0.0477332924333898
-0.351041840130573
0.0781343857037488
-0.420241441576659
-0.911318376371872
-0.361840969800743
-0.682005956863605
-0.0211757218025695
0.960554309900103
-0.353845003090749
-0.893431122893994
-0.631130092712819
-0.980888785471473
0.750068144956158
-0.370518360131153
0.750044686753064
-0.583558968726489
0.285493738229541
-1.00161113744832
0.242660827837649
0.899422603881239
0.73730397196242
0.617071874373276
0.4432878904525
-0.406156881097338
0.547116070359521
0.766622608155075
0.427509155405424
-0.625860335811976
-0.0789056284987431
0.0188766126868268
0.057797084003396
-0.386207931040968
0.25326010516398
0.43115417025503
-0.913416847630847
0.372384776982042
0.0591435639378572
0.226795339874702
0.153146782117253
0.859306302539442
0.061272439947848
-0.0268428989567181
0.242547048936174
-0.725340028869455
0.260997914761887
0.514558633126803
-0.0184504188480037
0.203139083695632
-0.745191309749377
-0.0191618429384959
0.359846754608515
-0.307067335015332
-0.75456549605048
0.726325787657912
