-0.169464180780165
0.918338994185611
-0.310282587931358
-0.0186154191368754
-0.134685094514554
0.741102734583615
-0.284150379872097
-0.653287190839569
-0.359845272333931
-0.251372602869393
0.704011571905162
-0.901792602565596
0.00267879831120115
-0.323045977086226
-0.253472440940242
0.308743735212072
0.0630370615196144
0.358737124533069
0.0568225940237935
0.167397616987048
-0.000480106695766992
-0.355115978569632
-0.892577421993375
0.329452233056509
-0.767295335398173
0.646739885597618
0.603118922052635
-0.652356074395828
0.591824187801658
0.0434172346497467
-0.273342542560154
0.851551875102398
0.224113335117584
0.370952633682263
-0.164645727488358
0.460385439389966
-0.833435985574363
-0.709970935881295
0.724834975456851
0.777848513770629
-0.694465440038162
-0.479617007214858
-0.661371799497414
-0.734526272357943
0.0387768326586937
-0.769677610458529
-0.965401883706552
-0.501623347089669
0.926516668049794
0.566059392705617
-0.718974216694881
-0.308152688924737
0.107011618491117
-0.72968877616911
0.467532796894775
-0.082055319608176
0.774586151850272
-0.594407477626111
0.127242836041006
-0.752026444049402
0.520856962228836
0.72233968530925
-0.980369779296635
-0.451460990322694
0.934822618152729
0.880256617719132
-0.116524331716178
-0.764439701275073
0.293756110978968
-0.852440207706006
-0.434072343872061
0.34524433819531
-0.0855911781060724
-0.222535723990848
-0.340968276401709
-0.058975012868938
0.412276617241606
-0.814004101117484
0.814371029884959
-0.111128900441633
-0.671120036266154
-0.164964319930706
-0.546926400520955
-0.499453132360128
0.375642027699008
0.936987056587704
-0.019326016007229
0.519892147419147
-0.477848665020149
0.54192483321034
0.475527420808637
0.838190166284035
0.0388704459930583
-0.0436892750993573
-0.576041590464684
0.16797868878748
-0.510570972180222
0.747620059304295
-0.53676814840687
-0.150322434089443
-0.669244691331258
0.284261853877162
-0.233303620076464
-0.846991319300887
0.330463860016137
0.900206030741478
-0.884684703633147
-0.832989471849575
-0.19938217295244
-0.216273660283835
0.163503721424537
0.743548411627204
0.299483818969579
-0.339661400449117
0.77990323522605
-0.803326317282007
0.62143379353059
0.326455311107872
0.834872214229897
0.722890307042418
0.4826274767951
0.191809725662144
0.952464637445168
0.0532586943499878
-0.96142822075294
0.584639627099398
0.524042310728967
-0.391443779792115
