0.0539406215343293
0.70228246197444
0.234221325315392
-0.0787530711714897
0.904107928213255
-0.312353241381181
0.211259763722126
0.489627240514006
-0.722782382482171
0.268965919331697
0.147662305150668
0.932500650182151
-0.874096767763817
-0.781705431804837
-0.179894930598471
0.724305070819094
-0.258922384869659
0.0697955919666555
-0.627990553645131
-0.65405726587557
0.852185686520902
-0.476540917036062
0.798848714631784
0.0787179825795314
0.444911755035435
0.63066912819286
0.60527734993824
0.19695448279849
0.618222208243757
-0.79080901519133
0.260820528406797
0.0787884655491837
-0.838676739794549
0.997942617653696
-0.562161357859287
-0.196120680028451
-0.582933893639693
0.69211620919736
-0.0780855556173958
-0.316453366763174
0.80527873543179
0.201431170521194
0.0850047162262797
-0.834419208453383
0.690066617047452
-0.0488541570205961
0.86431683554138
0.24509591781897
-0.234113958433447
-0.248856728118915
-0.589911195219873
-0.65461294980848
-0.169529605490074
-0.761307305233753
0.437011784768132
-0.438483044739644
0.699671432119654
0.128785241610245
-0.27203265229972
0.505961832494696
-0.987963050098038
0.71357485255855
-0.514580993517654
-0.103955243606328
-0.557614519157182
-0.663335973023525
-0.986891762709196
0.602355015456977
-0.191941519868755
0.0438571609658671
-0.900363621300651
0.530410352378212
0.740706016696965
0.91138845956732
0.637145280952489
-0.00464726798555802
0.962149132823075
-0.801436376014217
0.834690988360951
-0.565644133389641
0.363308766966024
-0.323771228403249
-0.574803385029044
0.565421127152628
0.531905068451673
-0.608897410993067
-0.233176161553356
-0.119346114362053
-0.364971429402839
0.0639816750956108
-0.0420587910184303
-0.203300136571673
-0.649447507183807
0.963282476809911
0.522627437453696
0.836152916473409
-0.191113398217929
0.660918104828866
0.155321979614359
0.0354874668531853
-0.214710815232844
-0.497886907952674
0.966129892798386
-0.906952563516407
-0.612962702694275
0.78490496847452
-0.329083228261939
-0.66555210171078
-0.969455452804807
-0.366907867009883
0.617957272722111
-0.230982840379601
0.0249389774031911
0.353401036510628
0.856291501492125
-0.00797640565009227
0.711924171885885
-0.520702308344332
-0.610465919215667
-0.743722727125979
-0.2370926547125
-0.217166724460483
-0.943104423156163
-0.562487402477788
-0.581922233879182
0.30246013725991
-0.623275190357006
-0.437673553819197
