0.51223100323899
-0.246992706385525
0.0194462135752092
0.828160953529851
0.641076770640052
-0.347724539457182
-0.919018295113418
0.520268710554175
-0.186785208343321
-0.346882029088889
-0.95242876585618
0.0602006815456134
-0.682754513136312
-0.994228263606182
-0.599534566087151
-0.923248957236459
0.282639981296261
0.978158666468295
-0.060475713483148
-0.960744287903238
0.359969559624712
-0.0240719126873097
0.403766566609971
-0.314585617748441
1.05932866235068
-0.0430833776984749
0.714850502925452
-0.587806593013805
0.8743023064227
0.541530911951984
0.773004632675032
-0.0265896943351089
-0.609908919492134
-0.351360591131434
-0.975900607213374
-0.132893852819534
0.547976685948326
-0.597722460721674
0.696739756189963
0.453925031539778
-0.72235835337535
0.720926506794797
0.867597273222951
0.472633986175586
-0.162368809502896
-0.595213693587778
0.215957384802442
-0.558195995700451
-0.182580388083803
0.963589969639845
0.181880653549462
0.873439165943314
-0.729135723984014
-0.0723102140864338
-0.576568071637132
-0.687083599595338
-0.577102352629388
-0.690918999812688
-0.656339428619899
0.810778222920215
-0.186845513400839
0.162968813268885
0.705176433482568
0.572178289877977
0.574261704461683
0.51808750717295
0.272154219428708
1.00142183162058
-0.971134064711498
-1.0544747593466
0.135521023641354
-0.778784528273855
-0.0214010950954658
-0.508107346760142
-0.228005688953369
0.424263026793833
0.42810972329655
0.198833215972371
-0.875928094775396
0.0136187217994496
-0.770698080205201
0.838886959247578
-0.519833394880364
0.326561266980213
-0.690837916562809
-0.799468301563379
-0.725965963513395
-0.37805158573995
0.384187524579124
0.834045581887027
0.883730227445599
-0.39032873417287
0.74902230752438
-0.266054596073571
-0.941982826710826
-0.270548857330026
-0.465306616702914
0.477861897632323
-0.848399794809214
-0.565595927871395
0.802445002112779
0.917795079799753
0.345103165115001
0.182950902880903
-0.873481199562185
0.114395096775773
0.226918909651636
-1.00178812180399
0.775767405699696
-0.837866147716246
0.568269762326019
-0.869600348289005
0.453807659155485
0.457800479442103
0.441705872616076
0.416222674058485
0.909822020884385
-0.490049638330226
-0.794936298753833
0.450886956222289
-0.0599789013830818
0.315360319844713
-0.583979636528252
-0.63494205752004
0.934888366627941
0.620313464537786
0.810188336262294
-0.226985288419968
