0.822344900321807
0.12203001822348
-0.181860728597382
-0.308337644380416
-0.55218961743422
-0.652301151585689
-0.284235925077942
0.858482407478379
-0.236453672500567
-0.680609806676942
0.593303072555846
-0.682407929497435
0.863150698875152
-0.538874565810605
-0.50025343715919
-0.275113998309621
0.450861182215745
0.401813150182038
0.22046943759702
-0.299539295068749
0.874466304057457
-0.145317821709724
-0.175297943174354
0.280470527420671
-0.107823504069372
-0.463032953693297
-0.901317765099349
0.956428348081618
-0.257207766105487
0.987804787490739
0.73777596394119
-0.864371232957831
0.749481470185878
0.0559412817838258
0.0494251988724963
0.037793882365956
-0.934227535205878
0.680222053205588
0.528665922725455
-0.879455474009402
-0.864341253678065
0.998874996342488
-0.252647335309872
-0.425464986278103
0.879105251934946
-0.600846540863929
-0.620676859829689
-0.200332040752615
-0.228325575500993
0.0485095225303014
0.872801982455932
-0.586739385041268
-0.314589460161009
0.641511428608083
0.370940266053484
-0.672134441864934
0.845105721776618
-0.765350897887227
-0.227718092481897
-0.532266597591363
0.802348535648431
-0.099618134304718
0.221180648711277
-0.876626817620184
0.75539456208261
-0.378084097748941
0.756905811566745
0.597940585698176
-0.487989612968663
-0.342412239333296
0.978138756333072
0.809958443075121
-0.677357029104773
-0.679489526833021
-0.960192758282039
-0.544027790063628
-0.808961771322163
0.981238249582254
0.577516407915936
0.114696355534839
0.216026796042559
0.349117505217322
0.887554192650869
-0.496800551585045
-0.395893413597437
-0.00183815724454628
-0.414828308242085
-0.962603878133677
0.155051604777144
-0.77892331849335
0.298841992552542
-0.138503049115088
-0.165071515165651
0.559339127833671
0.506458641089682
-0.152844897375797
