0.0797649254249293
0.961033346666855
0.169134743854888
0.353292472024934
0.49631242770944
-0.66650586645529
-0.00808831345249562
-0.896550461895351
0.36006177477297
-0.709348194752716
0.836812477679822
-0.430505876077818
-0.206243249496039
-0.514190880644528
-0.477702774572485
0.305010220590915
0.588872998439415
0.231439767088502
-0.833734326062589
-0.5063495096017
-0.0704653659448419
-0.779106025546592
0.546964936880354
-1.02098088355984
-0.751938410128102
0.331335983274848
0.0013320940054811
-0.143240082447703
0.487614507505807
0.672729925529461
0.511000527151088
0.331561993116588
-0.0592641466384219
0.500506203408315
0.653189626104434
0.597236196792826
-0.398527680863176
0.15835853827392
0.403193177875377
-0.789522180931153
0.885788946217154
-0.982071550322306
0.719942951101022
-0.712566955171528
-0.207443280715505
-0.544034110241708
-0.253354608368063
0.121571889461569
-0.973149257946987
0.0514995752353331
-0.816346722714383
0.782025120804553
0.660722104107571
-0.596800914570632
0.36919528622519
-0.70992681727057
-0.0398444455562687
0.380085059968042
-0.654049390141433
-0.898788311498566
0.203019735387258
-0.616920090746541
0.506040646911877
-0.339144007319283
0.312147554503562
-0.313061964549314
-0.876766188092816
-0.555013756804248
-0.27961065068501
0.381918613187458
0.679367047739081
0.561868318267705
0.186682104366136
0.125539765078811
-0.653585229951716
0.445387241075296
0.776399666975475
-0.508617019645637
-0.724372543187027
-0.435822685574971
0.347937214709423
0.799630217351967
0.79612296194104
0.908846841405577
0.222831013651369
0.365710742020733
0.425095229277016
-0.651225354483607
-0.748422165068901
-0.629522573336959
0.737205100489546
0.0895341411648455
-0.453489212979048
0.312290109398639
0.383433793403941
0.088369881868984
