0.00846706263517388
-0.689655338664763
-0.751198501485295
-0.295002397947419
0.224862134105574
0.660930948155367
-0.673035305480394
-0.733076676704444
0.248091642523068
-0.639675175147812
-0.44347079515132
-0.41712663922793
-0.00894173266690475
0.652357160256781
-0.952159312089227
-0.767449681644108
-0.423577041837615
-0.638025483511073
-0.481999467661783
0.450313045861718
-0.785277630941655
-0.697197351299292
0.581304371898553
0.00866903470039509
-0.9697346680254
-0.673317013627118
-0.446338110743628
0.579406781889154
-0.74444061140055
0.694245923546538
-0.501707976892704
-0.94233213490206
-0.581462059299612
0.750905930224946
0.131636280726785
-0.660313603469819
0.320683502650524
-0.474260756686829
-0.785285523112519
0.641009750721911
0.590688556399414
-0.505718869944365
-0.0526680403255648
0.230422445499097
-0.557902421522624
-0.834078670730347
-0.595512142621001
0.711699061945202
-0.813228926844125
0.0822519150281453
0.823549595431721
0.0297618695418474
0.730504858627472
0.775785475311462
-0.866261903292923
0.388921137678942
0.801360750170236
-0.60899244317854
0.363547241231979
-0.889470209341042
-0.422283389966455
-0.431646725336302
-0.808300737596575
-0.0307512127143271
-0.0750747586490252
0.811503078675
0.7089382431903
0.488565176947699
0.0515826139643061
0.265707047568709
-0.0629601546785988
-0.27924618418548
-0.584607193288831
-0.638587981429135
0.0619326199830245
0.0937743734857673
0.178904887817483
-0.204462077390811
0.89593770086654
0.782352267977083
0.0417933111115196
-0.0151639989115597
-0.673134032137696
0.858259955355819
-0.884317107969739
0.802015733926551
0.88698987712145
0.954312501201902
0.10243034579925
0.926148218931563
-0.100376909159607
-0.308747540043051
0.799899415124298
0.610162198894467
0.20966205810204
-0.523102960454831
