-0.32332667491096
0.722514349372777
-0.116350550595596
-0.79954921375002
0.287821610140876
-0.97649644045712
-0.837797776180156
-0.261774657035035
-0.234836214498069
0.829536728803276
0.797979895389288
0.927431492335488
-0.388153326958857
0.0217701221305171
0.142667385419043
-0.542541611572354
0.354734205358091
-0.556371966153663
-0.952000748532646
-0.566544092738668
-0.979996365465117
-0.179930088299393
0.595041278875945
-0.050302988322622
-0.325870637348492
-0.892930480581171
-0.866790528154653
-0.7188332154233
-0.22716788641648
0.672445693846467
0.0617418609060707
0.547591579259003
0.160342003778918
-0.231777960725814
-0.186578196313671
0.900034704113863
0.383640167132072
-0.503183589513743
0.160724876886925
0.626142177739521
0.44363052991132
-0.188448758192223
0.44835838178988
0.164124240903688
0.867850783526296
0.11607931941535
0.567401767507683
0.889204466617348
0.459628862937437
0.331915520588353
-0.0506895356224055
0.0511120031915975
-0.540262257934606
0.583464841755164
0.876752748338529
0.858553507106086
0.764451942614042
0.894461267167307
-0.165196402394075
0.131587180591405
0.731098275249898
-0.890099009624707
0.928144966449246
-0.514320291003599
-0.661008049514041
0.427610644021011
-0.130642678815509
-0.830509671654664
-0.560255781653898
-0.833004799276844
-0.176009765163791
0.910432379518239
-0.857261505379028
0.215709689112717
0.272138333154147
-0.692516816766778
-0.962414146404513
-0.317746467810521
-0.369380540984974
-0.278740128836434
0.261270664571495
0.488232714104669
-0.672297186543484
0.786827470443362
-0.545427365845969
-0.668472708556016
0.563720014218345
0.445330049836214
0.205756144021364
0.335455037871448
-0.556890718068891
-0.824395205674753
0.219095592913279
-0.311046007078262
-0.475319140829733
-0.280967750468854
