0.202629780183673
-1.12979683990401e-05
-0.119922510743215
0.306380377780015
-0.285849271952933
0.0640947328359228
0.259659989769657
0.978259709089412
-0.924144665716467
-0.90080454757862
0.790510341118327
0.358717844779576
0.574355219195612
0.0820061638308822
-0.0184939329197987
0.128144480003505
-0.03788468267836
0.971998546994847
-0.558515034343299
-0.463059111096667
0.229528082431228
-0.810847575868157
-0.452749371389101
-0.971899031400272
0.216391805956694
-0.997025922709395
-0.626829987040024
0.408227023342567
0.283139340949285
0.532825373655232
-0.783436054155257
-0.0095832884505635
-0.539910472826776
-0.928034907312207
-0.20607110416075
0.145175217102687
0.108140760684345
0.723615875558824
0.878464314832253
-0.464930202731729
0.941669405974359
-0.874054674256346
0.724491076815879
-0.693447954610517
0.675103876897126
0.174227722827825
0.0852016593686765
0.612601232678917
0.784661124280492
-0.168692725905727
-0.151965921840602
0.591247201766848
-0.0704782104310108
0.700115771613642
-0.908826027212415
-0.571141509694454
0.866176903135803
-0.956493284492775
0.391225313227542
0.148644738386241
-0.518813322212126
-0.567096802409609
-0.624381519767365
0.16100085729566
-0.526484140244517
0.953255511161535
-0.00803488694891133
-0.49558412476811
-0.437960509340191
0.879583511255177
0.145909123382495
0.185546137931447
-0.523246934094789
0.540182267049055
-0.969187472073383
-0.0799265223699398
-0.581291325639706
0.0223946248737755
-0.166972656019614
-0.701167182801083
0.965544295610991
-0.896116669689667
0.721139553790002
-0.939671209142423
-0.377205269652863
-0.00748882705391463
-0.988042463840702
0.956240974172726
0.292499644986677
-0.935970465314964
0.523150340148396
0.247311861601339
0.217072071352409
-0.665279685447825
0.147362314678923
-0.432776952599675
