0.29973962785006
0.471993539013124
0.757536496332407
0.118825427262177
0.060577521258425
-0.94739018200162
-0.269450426160876
0.247760088344429
0.868709595475448
-0.426034355675952
-0.475220918670748
0.227593300980987
0.935315601652743
-0.742858811704423
-0.242462178477043
-0.0389851551347231
0.759095870139831
-0.248051752444462
-0.27750823223842
0.204132715580729
-0.803062497751654
0.54500548868865
-0.19595346140338
0.296994336525179
-0.718858752053967
0.0588438014916677
-0.753875958105397
-0.473624592774141
-0.935316874033603
0.832792309814178
0.266489346815192
-0.124382791802773
-0.260488847963055
-0.519124121287429
0.908326474949847
0.148412788924721
-0.122304796331749
0.488043324298617
-0.436153068356462
-0.453882215574446
0.725022022426628
-0.471301409505128
0.513049720468839
-0.941428520885606
-0.752260779695843
-0.498637424289919
0.851019810685948
0.834579871816916
-0.683583325240682
0.635346007066749
0.426828462826855
0.330463500436902
-0.444498504318604
-0.81775955590586
0.856810073317923
-0.0884387021811536
-0.0255322017860023
-0.732299711716883
-0.0388486486092391
-0.419128988249787
-0.242382200285883
0.748250593491035
-0.331718738729648
0.284180653550625
0.548687298259169
-0.714838533606462
-0.642433162603544
-0.00783720539129929
0.526694722875499
-0.57164237961539
0.486075718126671
0.0304089083426733
0.652521012118002
0.87246765290795
-0.856700917517909
-0.846783411921349
-0.287691349886584
0.621799864779657
0.373100807294165
0.133402037628433
-0.293750105285993
0.10541129925523
0.204857462641922
0.463447716893883
-0.510055885071657
-0.214931484400214
-0.313819807756768
-0.839219340906922
0.706703260739883
0.363772624865914
0.417442580778139
-0.383870123795481
0.899786117611579
-0.357838986710563
-0.476879416513188
-0.111771531348993
