0.00615811625595798
-0.685107937686255
-0.124507095398168
0.0148302058607228
-0.720923073966345
-0.23837492499481
-0.647293091679579
-0.713626759328451
0.901502547805198
0.182387531005886
0.365001355149856
0.680718019398228
-0.825700075199331
-0.687694013367363
-0.664775683127203
0.838123585388468
0.131942225927405
0.357974858214626
-0.750384779200715
-0.716955897575216
-0.835628352342934
-0.739933219217666
-0.922464335462024
-0.759687546712073
0.137239720843738
-0.903234918596366
-0.180933556188402
0.754032033556061
0.71424457392305
0.504435556022737
-0.7780924508296
0.214612821183844
0.848306150207246
-0.593410962958138
-0.8656527897895
0.0178131092704585
-0.689579498506251
-0.437864618336535
-0.861216237401031
-0.192307225850016
-0.0660967298088722
0.189432195932415
-0.599617293782078
-0.0546985761862683
0.390752924659197
-0.909682992904662
-0.730596034794781
-0.593583517160568
0.0405622919536093
-0.312681569041449
-0.967417596468557
0.527164184012216
0.733871337424184
-0.641661009517198
0.221923783352228
-0.96601277761978
0.903122077538876
-0.942643077589084
0.424040090154016
-0.985041160317221
0.444584965466754
0.491782606486914
-0.514118430903721
-0.685944863578779
