-0.892447803681392
-0.064975092855676
-0.135126991607945
-0.445693079442212
0.41707842702953
0.570480516667939
-0.510438414674028
0.505936445863318
0.292828160709771
-0.111275493634239
-0.474214380811413
0.0289510518661706
-0.183515544059642
-0.844228190699545
0.612372727588115
-0.79294093655508
-0.666224751417745
0.167383114692931
0.91101125376126
0.867532954678115
0.52864375553557
0.490557106365865
0.706140400040324
0.616809900398811
0.428319205809827
-0.142511726730852
0.401267314278418
-0.0366006438532829
0.0461094817263918
0.223724793796128
0.400140123562038
-0.736545283374808
-0.319887076150072
-0.0221916163118097
-0.662344084246575
0.623553261718038
-0.476171766914958
0.981441913414757
0.223665660133807
0.510196993948265
0.684766388640363
0.767248016624254
-0.330130327414125
0.553099792144187
-0.441815418205225
-0.712669632553554
0.359170365228693
0.75952770981299
0.360752562102446
0.0970406316340331
-0.121438325918644
0.790923700107891
-0.401944562493359
-0.299451239219297
0.0581354576415054
-0.30953669103025
0.211826162598659
0.969437318222092
0.753445590379406
-0.366175946751103
-0.851584478426635
-0.790904192827504
-0.292785760372217
0.238713448217828
