-1.01822108635038
-0.463826659078468
-0.332581921213945
-1.02796846326189
0.0393188720615187
0.406160264373288
-0.335668210207536
0.129027989366327
-0.89387820963944
0.837799146231187
-0.346750407026287
0.544079432402632
0.54724463645981
-0.924960929418888
0.747397178931911
-0.645332172519861
0.080171523322491
-0.0634434842863766
-0.925006518781223
0.927796110689662
-0.468058911386521
0.376512759990787
-0.369587363297511
0.724308936699783
0.626669258529776
-0.517536544446332
0.848988697522511
0.693742419344251
0.487875435381114
0.391567964788127
-0.70926230215283
0.0940244019258214
0.827838528032712
-0.648873301254487
0.125885782089429
-0.82715699288972
0.0881945063972327
-0.0813096200466752
0.309862236423836
0.609976532163606
0.170793766171662
0.44240446379026
0.817852345163503
0.650341514563124
-0.416677918434964
0.18112090175807
0.714600266682174
0.824277409832956
0.87764528954386
-0.307833230644871
0.667501983444789
-0.564650506509154
-0.849637217239056
0.597590385880606
-0.960781439498106
-0.392979482856391
-0.938062389804767
-0.335428307881737
0.421995101262678
-1.00895079233581
0.547747654481675
-0.774565561165403
0.516704025838499
-0.597137085661233
