-0.433325377227186
0.552975614307023
-0.960082489160003
0.812470433358405
-0.41410056926314
-0.949016212548812
-0.419516627506569
-0.562762165897148
0.725165084407805
-0.732371194610863
-0.72282039145191
-0.940197919863732
-0.680887191075483
0.164363190832994
0.404989901704838
0.210266674261925
0.199932145163174
-0.354067689289061
-0.921922135704862
-0.627311952154782
0.573310169157225
-0.907855907947597
-0.422529057440786
0.809100274431325
-0.211542613991077
0.465872560206832
-0.330635436836432
-0.305213139579186
-0.872730832676911
-0.70153205441403
0.780938345355901
-0.832256992664991
0.443753402137349
-0.793859256701632
-0.169608777887607
-0.385955448239234
0.315104030554935
-0.111836578704135
0.0809708706606642
-0.0236943919388961
0.89458993044878
-0.0488415682889942
-0.215403157450582
0.822227461252997
0.13496058694349
-0.677274054648682
-0.290375357744882
0.304242445246109
-0.0421357123326156
-0.377936424837857
-0.501340059260868
-0.904811929858361
-0.318536657608193
0.499091424205648
-0.985345624164467
0.609147029699821
-0.550912258477493
0.973751198921271
-1.0250364531762
0.501012915104254
-0.624523126581725
0.862302817735617
0.398213249181918
-0.180047102314181
