0.227719136388176
-0.488742083412715
-0.91106781132093
0.293339737865522
0.374492590072564
0.958298395710884
-0.610368823464361
0.700427761108613
0.714461047393403
0.622777010271599
0.505856928316033
-0.126221166625615
0.722435778411074
-0.234868670784484
-0.501806065013655
0.582977931213875
0.37756865010612
0.830531651694365
0.211143614148513
0.317952818950082
0.538315970299258
-0.365231497684301
0.666759124687852
-0.971413510975742
0.455955398040839
-0.263231119412192
-0.636616227836707
0.3892636592284
0.857117191946436
0.676874969526136
0.721225220290082
-0.945807275633635
-0.154740417763902
-0.0270292478380378
-0.665435312401071
0.196183055157226
0.83295529946558
-0.72960400996312
-0.82179562359765
0.0619681769274368
0.243416480666977
0.188335276801578
-0.539643180784689
0.354691560737451
-0.466354664882689
0.294084097127189
0.0799134757509093
-0.160237096733677
0.63586613585668
-0.0978895156433622
-0.372664634802096
-0.729452376515562
-0.685648157695926
-0.924875912623362
-0.560486074438369
-0.777454144619877
-0.303517967655859
-0.276659965271911
-0.672575690883961
-0.123398718284964
0.517116664059479
-0.0299138470025958
-0.102551069248628
-0.0073891943202935
