-0.803343367858421
0.874530529382782
-0.663633450750326
0.507474177833406
-0.202964279370214
0.851598661702061
0.199727219827298
-0.703289078830414
-0.336177875551464
-0.68864575611884
-0.764086079574446
-0.813944809699834
-0.879636606971144
-0.617937145741762
-0.884077214486178
-0.0994901921197246
-0.181707212858425
0.651868218118993
0.737482170421012
-0.876879574105443
0.98134955982412
-0.533617243441688
-0.612295835405948
-0.52314452314881
-0.697656410205806
-0.801481744894708
0.791463230064377
-0.784815077444462
-0.101399541197895
0.0557588421756644
-0.681133754935232
-0.990758995609446
-0.326026452985576
0.172386376675726
-0.923661090561567
0.122646647661236
-0.428527820027006
-0.89812438347605
0.686393588604729
-0.157180843796336
-0.673071822041193
0.257652013787003
-0.104207914982749
0.957963868159318
-0.274390750581199
0.583171260165068
-0.00265747218654769
0.581142308493682
-0.530817429612912
-0.507088053692875
0.282823389542597
-0.599667891290401
0.70631912626833
-0.955552118435396
-0.887789165715055
0.335250499724749
-0.795908502048232
-0.83603338051774
-0.293711645653815
0.275400924341566
-0.329979520332908
-0.631031468293089
0.0543649161876814
-0.0971433205262831
