-0.118746893248098
-0.165407092413886
0.811695667896575
0.569634056238462
-0.724597405225083
0.440884641372339
-0.597655478993362
0.770037645844158
0.884827554982473
-0.534981879332103
0.371442755344718
0.745685820972708
-0.130847295569976
0.27503507015762
0.456712145473028
0.453193468231376
0.351751354201846
0.571600677032737
0.742585477732318
-0.29774818854744
-0.0298300576752245
0.592087889589421
0.405950458822675
-0.0356412184304668
-0.831488874839158
-0.0767874121425186
0.909983753470278
-0.116391099346762
-0.416388985646282
-0.826860626329045
0.0895618831292591
0.619809833879171
-0.385035288440887
-0.410385433394955
0.621986813745552
0.381623923752121
-0.274854224792078
0.634973709111528
-0.380466977847594
0.979217513183865
0.863754871869888
-0.0142083694427835
0.189556021500671
0.281274532011183
-0.0786049123349408
-0.736750766985932
-0.613251332304274
-0.430840126660867
-0.235912117395829
0.655680120807545
-0.901740026618493
-0.68040205023133
-0.663458803797361
0.632824817508132
0.286160312753442
-0.856959107195807
-0.903550534324215
-0.740353902527701
0.624687999383472
0.857189615354153
-0.740513639679454
0.55083442463138
0.445127778937068
-0.586186287018875
