0.251803286084712
0.368641688148608
0.663355138523651
0.419985914817187
0.284820158173899
-0.734849659598485
0.112471734182172
-0.477126601402097
0.531954822472088
0.0984136061460031
-0.111653326719931
0.711682554846052
-0.123259649583699
-0.442652278231907
0.880204632222277
0.249875070161963
0.943064204899505
0.442894056518017
0.68991124679836
-0.934458081743219
-0.846947405452381
0.310304312775384
-0.774434735720675
0.684270877067692
-0.58454932949977
0.410843240853464
0.311595215757433
-0.891405115705286
-0.555326016617122
0.0156200108152781
-0.256148470899704
-0.481167580347325
0.601581853129282
0.112373313932793
-0.414327793256999
-0.479778669483302
0.223504389620045
0.418009023217167
0.749883119552151
-0.503374752680454
-0.234559230660393
0.929756825621496
-0.118843268848751
-0.861564562319453
0.344645907767983
0.434215813540706
0.695695277974381
-0.458195441308357
0.0696873641276156
0.249204483333587
-0.809705942719526
0.112244391609985
0.519488278507762
-0.54168737572768
0.799048500683411
-0.928273125329169
0.919691471486045
-0.580237574902864
0.851567362573504
-0.906661821175176
0.243795140222361
-0.669578602525822
0.499525549783436
-0.59433732243056
