0.152026155873945
0.853462387116764
0.169375448113735
-0.682251091281301
0.94402117719499
-0.881730032220261
0.438506803857903
-0.00310886579642503
0.902992454862645
-0.990326152061323
0.0956036208687792
0.0303230364679594
0.610195145498363
-0.428395889014401
-0.502133246701197
-0.910237988126925
0.143933498233075
-0.824770440010922
0.209202171144265
-0.76865425712476
-0.119271002279456
-0.692793498507715
-0.896487820900521
0.222579385987932
-0.448739342688863
0.977399276417403
0.591008260558577
-0.19457823025208
0.37763938239955
-0.105061031030079
-0.299066569110158
-0.654051903726445
-0.548296794557539
-0.926524774720235
0.525093037849358
0.106781745423859
-0.817367367148901
0.56269275592073
0.364611726061108
0.92435374062581
0.942429417403483
-0.184345659332007
-0.0386500794650566
0.149679723351479
0.829553940454668
-0.863846684321451
-0.0479379177283968
0.5275847558195
0.557673543388993
0.448707971795302
0.178597627064421
0.844763702294298
0.0602511522586516
-0.626282476821622
0.0166443627761816
-0.398645472710489
0.469955900485683
-0.857012390874154
-0.134823101793281
-0.032095015132971
0.150188339190892
-0.799954319311662
-0.258205004776992
-0.83370658227966
