0.0203482039625851
-0.389846893202143
-0.868044456843982
0.661332392051868
-0.567522940536221
-0.124690828499738
-0.44618908388108
-0.842754597935279
-0.204809418775878
0.969006432136185
-0.84264907152085
0.384325571502681
-0.154319680593581
-0.171489388201981
0.41600214440425
0.822790238729357
0.228997260183843
0.503367664009987
-0.94847698667283
0.311116923583067
-0.380578750499122
-0.859786899957209
0.37746912243305
0.711208861832243
0.120072657211892
0.877355921944858
-0.500662528215821
-0.0786531829255697
-0.0766727270419926
-0.0971927244693502
-0.60935199906977
0.0442067160902101
-0.361736503697641
0.536324086188473
-0.138767376646313
-0.233139622445632
0.610039851241496
0.424079023148403
-0.746072981949623
0.107946446309402
0.0927054151081504
0.665016406178635
-0.607623905423845
-0.700089156754888
0.726868924173637
-0.781746280625155
0.862293824196317
0.178416595234655
-0.675561927799576
-0.395043253872126
0.605264667201223
-0.885867638213726
-0.606206749637938
-0.38741183331758
0.39901354218479
0.637875073433168
0.196612837000824
0.717088987863113
-0.445360057653301
-0.919444875770776
-0.26906298750278
-0.973493220915973
0.116604392863214
-0.253250727399887
