0.317465769551684
-0.0519371429068748
-0.658056531717976
-0.832035008552391
0.18712547192549
-0.856516818758218
-0.229991554048728
-0.237507364326273
-0.906742432757332
-0.109137804147821
0.772784846791401
-0.748221498316838
-0.576195277378053
0.810170093702413
0.273394145394057
-0.548965812854426
-0.295471035127306
0.500680601900604
0.827203588209799
0.517459836366562
-0.52297731934107
0.656312014320061
-0.57521601799993
-0.477025280045572
0.841239441381081
0.469543464257206
0.703807457127511
-0.782608694354666
-0.162825082595386
-0.438681573936373
0.829663022187942
0.765534000178486
0.0712438248559686
-0.84728604865619
0.498068552449125
0.0763584372323944
0.959459626504646
-0.593470128404279
-0.312187868771439
-0.839247819453751
-0.932444861505392
0.657787807895868
-0.876235734954023
-0.872129204863891
-0.0949337435445121
0.511274362946851
0.00582488787639077
-0.714669351655224
0.024615372065327
-0.0412592633764876
0.683969876291198
-0.998800582026779
-0.27615382283217
-0.196407621969631
-0.958596877386017
-0.541604492634571
0.960424985099935
-0.793084224828788
-0.129392931621364
-0.969778452567649
0.00692971102298158
0.310324483734015
-0.4658386231224
-0.739986712093716
