-0.538556391548424
0.0501916816184551
0.207407542760412
0.0479066764496869
0.772741170793794
-0.57133090523778
0.954238970195932
0.000189687252412028
0.186121231454209
0.894065727792829
0.229827489083666
0.564371140645851
-0.529772039629509
-0.432714564438413
0.797363503546172
-0.987381558928701
-0.852535282648866
0.76520613195628
0.10950953464428
0.802192127592142
-0.333755692098386
-0.524736972915078
0.471251553055665
0.252864630324879
0.821707098954844
0.368112813716182
-0.69195821300527
0.129316386063215
0.283199448764108
-0.873828842669909
-0.234616622428324
-0.0566621364697734
0.673453799650191
0.855784559998967
-0.563338851732191
-0.776782332558073
0.428974557558964
-0.569088153733239
-0.68558043994852
0.570166939084481
-0.266825178828863
0.41936854932263
-0.833149293441789
0.0778925683189454
-0.738144609464047
-0.113016204877698
-0.861943229721388
0.418255456985913
-0.277565106680648
0.338518233799845
-0.632368906631384
-0.800114729995702
-0.164461827785488
-0.295866190518034
-0.514225854736971
0.215344042924527
-0.154039326645247
-0.875850988813744
-0.860428874140935
0.437553038308199
0.19901254195418
-0.340866430332294
-0.123304814544581
-0.652118344135962
