-0.500077166520637
-0.764370721662377
0.560754518566665
-0.178412057343603
-0.875603434817569
0.4539907625549
-0.120313096251279
-0.687802465172932
0.571518142072119
0.273411505826867
0.118731137388865
-0.511231881658886
0.887670135249717
-0.0234892305964383
-0.128299385896988
0.605176102013049
0.640851573182559
-0.322064911747562
-0.571344935971348
-0.335125430634625
-0.938682028628775
-0.830612278246687
-0.970641328008294
-0.623899509866877
-0.333374735553019
-0.580804774180759
0.462817851515897
-0.548062426575266
-0.88014997914396
0.00214025041057807
0.16909880772444
-0.378560622150689
-0.353013002563686
0.906203309466106
-0.535934902067404
0.963552582331492
0.199191178179432
0.438705967797348
0.687264307947623
0.00977446857173672
0.680765725391263
0.352078026924437
-0.688400317591096
-0.41735831332203
-0.065404498909242
-0.847590688314984
0.33849544615536
0.775923161343205
0.0690731932812318
0.96613555881464
0.244598535229258
0.769418651676414
-0.110936857682625
-0.0779402469795443
-0.372068899591348
0.703187598770992
-0.727044262461688
-0.670130329265667
-0.0888793061419303
0.322717117224879
-0.362888147325646
-0.549330696675743
0.592608858217928
0.731524706315838
