-0.106453410672827
0.615288129010554
-0.188339544995963
-0.949741597010638
-0.545968455361533
-0.313095101954244
-0.232623907021079
-0.558266971916617
0.513170444194934
-0.409727577622168
-0.517411357968059
0.763996426206915
-0.421274895344777
-0.159951375987291
-0.853477009936817
-0.279633205030505
0.799732389593138
-0.391793778244557
0.822403947861916
0.479965549350043
0.0495733090562627
0.0688252887192424
-0.2451353751844
0.295005276817981
0.421150046015346
-0.728654681110604
-0.424253360353943
-0.0303383976857026
0.907868356232967
-0.406764743537867
0.90467119749247
-0.746077874008652
-0.822197017270938
0.617059307622007
-0.322863596038575
0.655873476629483
-0.637802705518045
0.447427300751543
-0.518325753205171
0.276217408484115
0.648995978923673
-0.235112765425878
0.345064061929564
0.691553376406848
-0.924226879899667
0.298512416061371
-0.45556794532575
0.759431913967883
0.57681634668925
0.766464201389527
-0.0455186376407549
-0.271747970920651
0.219149127309073
-0.277127877520418
0.517268723148459
-0.945352368890614
-0.147371682933903
-0.482784826377992
0.15756953969253
-0.263397667861647
0.292365667107977
-0.230053068737847
0.787125863832393
0.653137813308016
