-0.659512402534066
-0.758435283014955
0.49141928178574
0.0776431741661083
0.314437150200725
0.586698106446151
-1.07562093722594
-0.537074980203867
-0.185275850669754
-0.189386178759428
-0.18047866851796
0.714780680516416
-0.674325312807883
0.342640317758052
0.6006724578084
-0.846086380901499
0.016212937403291
-0.11597019219504
-0.0128666428112722
0.248122838323157
-0.431783203782664
0.224142046571331
0.592674243564928
0.736642948304507
0.111132037564232
0.951055104871335
-0.915592803194174
0.00419478917456185
0.718857386961502
0.749205529726035
-0.182563582133269
-0.358240041141731
-0.268563512699379
0.743318515232878
-0.354176607106347
-0.960592064915841
0.205437221377608
0.0928653838289022
0.767542664135021
-0.713034296860833
-0.24338101380052
0.634683432631572
-0.017340357286788
0.156102059583616
-0.512835474041912
-0.81100212326405
-0.451039714052917
-0.625962338883245
0.496189564991754
-0.739744984672211
-0.361759973639296
-0.148773363043647
-0.117209659287265
0.414176260514344
-0.261481323647651
-0.320185320725487
-0.0280856574431293
0.788164144893416
0.417469404702032
-0.0808318012981035
0.630228081646882
-0.284933964217336
0.500313416639172
0.509365815536438
