0.919419535135587
0.553097489482324
-0.827065654615477
-0.0838145490481692
-0.045228419945646
-0.794521225318386
0.597896962476581
0.794586492559773
-0.95707675341675
0.510371928161797
-0.527603881420204
-0.757091217543378
-0.490102112133509
0.125104121691343
-0.804904964817892
-0.638871053621367
-0.254361709311705
0.864123810658166
-0.51298521773739
-0.134718871988319
0.352707000021292
-0.37380309395077
-0.764876510376078
-0.223303813914763
0.225179119926076
-0.620179483654452
0.901684404002186
-0.35776589396816
0.79967426635242
0.828018031615512
0.866392023852643
0.271788069626515
0.0164072411924872
0.0814559814052647
-0.116087933792377
-0.719539332990174
0.00755964230438024
-0.975724850414249
0.548512209887891
-0.863707554887077
-0.0185893805347719
0.417451875338484
-0.104191756701675
0.514602737654769
-0.621929307041242
0.0309842103224952
-0.777043435676975
0.0284883989541902
-0.446020675205464
0.0730192284631511
-0.595885049748519
0.243548622790258
0.257519503356003
0.625938586182024
-0.632569979699566
-0.250199694073565
-0.672331590176674
0.600648116389182
0.503580456762592
0.759291549282508
0.340659994954503
-0.472307196880695
0.786813352988906
-0.156069660576059
