-0.0745569465553627
-0.789797424657311
0.936907982237324
-0.507996731673693
0.111643374462294
-0.188217884055021
-0.929361777922279
-0.109200169874063
-0.719216857244433
0.676442597822286
-0.222316664197502
0.397717806331046
-0.917132248234504
0.752533808213555
-0.662680316176914
0.257077183956874
0.177623134186694
-0.601096654671149
-0.413452375761679
0.192491840335557
0.710991162209979
-0.916494756633203
-0.478365068621003
0.527036537516507
-0.437654689597917
0.229513290612749
0.167698853693985
0.937143620857248
0.228873969888582
0.771016484205346
-0.769278517030644
0.354324835930776
0.562268844435814
-0.521674839492427
0.370726024331871
0.850309423743527
-0.899926562043068
-0.611379298447119
-0.848964942771405
0.236618879635691
0.33654834108768
-0.0473041114543151
0.386494294893755
-0.511691038788665
0.658867978175786
0.687320908747554
-0.0921569342500014
0.80590219948708
-0.712766670692498
-0.746637257280409
-0.324391790444208
0.218097292065907
0.214784191490624
0.700623871332276
-0.0200650300322744
0.564293012380581
0.339718076903074
-0.311044230548032
0.0942655263695848
-0.80825776145269
-0.0569684821963939
-0.935462597477283
0.357001348864422
0.616744394322322
