-0.679373487365201
-0.508486282797856
0.562119857275622
0.181996105088768
0.60583173178275
-0.897669017444923
0.521959888621291
-0.746348448683832
0.366547105084883
-0.429550853635892
-0.62245059031989
-0.343941412230435
-0.126913326790377
0.647203131551771
0.757562164103762
-0.155914346986118
-0.640074349697888
0.561967981928248
0.785652898764673
0.517216030928678
-0.613647096697175
-0.460117282161235
-0.165687489147018
0.800577666015327
-0.341074220687482
0.770832015025978
0.912027381236587
0.745439534016219
-0.671423164464709
-0.894258240821382
-0.122657715398725
0.503072472925919
0.972837634853372
-0.0372085861124891
0.659744992390167
0.721723732011223
-0.0836176375815648
-0.293127649948782
0.335347810337154
0.521559730097303
0.307028219333672
0.00663427923199651
-0.11931159720724
-0.141352127985422
0.685345019006465
0.294875402357638
-0.918597855581885
0.558811892771065
-0.233574509512271
0.740207004239782
-0.209102259897628
0.278909697087231
0.296959611343509
-0.0338108308704388
-0.214409599017535
0.214747922787814
0.705986055025289
-0.402039302049355
-0.487425538006214
-0.0162784096293489
-0.0419777106268978
-0.396469466201924
-0.156899755808723
-0.241004502303656
