0.852820016299326
0.859456602607105
0.985112973670937
-0.624895667576661
-0.940152441986431
-0.0340756300881714
-0.81088274887807
-0.745919325538026
0.252770077785488
-0.500340337625338
0.461984509103943
-0.954802065238927
0.921731898626378
-0.459497434092604
0.212081522975019
0.24525086356701
-0.412525248253679
0.984891629901442
-0.00875799125761555
0.896627059160686
-0.60424125195282
0.0508549254751279
-0.0598385691607993
0.358343404221611
-0.964015970763099
0.459885392698741
-0.997043957795854
0.0912156003935482
-0.372463086599126
-0.707387856630014
-0.878876536997066
-0.338551922274184
-0.260789460163682
0.916148741878348
0.0414017090960137
-0.54420543770205
-0.888470639622801
0.125505737942047
-0.403239083225277
-0.299288750487014
0.32243880863661
0.559024025431427
0.0247977124442116
-0.0608748624509791
-0.781754440230392
0.750885810684773
-0.235888384175244
-0.0442157255716924
0.243149243965613
-0.141293081221777
-0.534236653446922
-0.793436524684921
-0.751415385717948
0.657181574999443
0.565822637170639
-0.0862610336701546
-0.285512046776099
-0.0836986882990206
-0.898213892326911
-0.0662291026895174
0.188154590250615
-0.852590474288497
0.618715221436395
-0.430648059998845
