-0.398134736102908
0.619823905624634
-0.313643398145061
0.881617538616576
0.0730217092959241
-0.383531044506346
0.00605590183513728
0.917808386470663
-0.738378230309707
-0.675658954822751
0.536422754675665
-0.755541053420426
0.463215224356817
0.860118855419539
-0.173034134968509
-0.938243256212203
0.173944206124795
-0.132366282941023
-0.474871966444709
0.094068876252329
-0.475138006270459
0.773029408016777
0.193289775964212
0.412722743075829
-0.746113506082807
0.279410206615187
0.238101707056389
-1.0475015013187
-0.767098635137636
-0.503141906545098
0.879821901119787
-0.908235318924122
0.223746004702591
0.278410036038585
-0.225218503660218
-0.330464299796883
0.854139400960782
-0.966852382340811
0.222371134085224
-0.175652550973996
-0.497891045638088
0.416506754574305
0.522262988551518
-0.613862717165824
-0.596306506559987
-0.857482333933079
0.792679785143407
0.356740047571387
-0.561110072579368
0.170153589191886
-0.100677629661552
0.00228728295640092
0.759079824273532
0.632308355612325
0.28344073478085
0.675479713951479
-0.0702136396412132
0.545228990560458
-0.732975183143116
0.727136725867177
0.831924463042013
-0.361906740105582
0.386317586905792
0.182678942048711
