0.466814978308818
0.182314038671102
0.116285125515913
-0.512437772493748
-0.689815261413716
0.952444929845818
0.570198624331809
-0.555990168140264
0.0848282312682659
0.672793828833995
0.230909267727204
0.35875928415729
-0.947804540037508
-0.139717864005826
0.940198912165678
-0.495048358165494
-0.439571026111055
0.70904803969662
0.561384061363627
0.810041901917708
-0.175975564508013
-0.150583927811965
-0.415915539716789
0.558506745286792
-0.93843438325639
-0.87525559941481
-0.77938030033956
-0.898774490171449
0.0242829872364167
-0.508127242414043
-0.411017956122432
0.472016771018143
-0.034508019117404
-0.165680189736624
0.635443666601727
0.622739618037653
-0.526416669667751
-0.345095244351386
0.884186937971614
-0.623546309291671
0.535128867676473
-0.904728339551238
-0.286172642432069
0.879193495284119
-0.281647535446012
0.117602472417802
0.90215773886275
-0.731321920420541
0.464214598340496
-0.559384183919986
0.208513393990139
0.300665669989403
-0.289108412710944
0.498104303649391
-0.813173612486495
-0.465540404015608
0.332657223562951
-0.374212373836043
0.269426955413799
-0.773401500488236
0.678033636754099
0.602502348497435
-0.600367575150631
0.530626729782392
