-0.407109474728589
-0.2571694428933
0.386126050917372
0.8250382596374
0.724692187619085
-0.457817610293478
-0.605471326486299
-0.46170339309845
-0.706284014580678
0.0862257110350194
-0.321717819457272
0.707691226577848
-0.968023045135745
0.389515345936336
0.835774800303617
-0.953301506438889
-0.0505122492903396
-0.407029995527984
-0.889385311092047
-0.454758185801486
0.0173169047754622
-0.0770801834510963
-0.338255995008909
-0.913533009730316
-0.338668165775518
-0.431727241404549
-0.428097156027448
0.63859418842289
0.813791629487025
-0.0504383785592672
0.797982788869811
-0.359135304760609
-0.906915402291152
0.132494693216477
-0.889452887030426
-0.94096611948928
0.991711899316644
0.501050371739548
-0.094278184385575
0.936002753450656
-0.0333756071175987
0.700327406774551
-0.245277761673924
0.574573949746877
-0.436762465631275
0.874137205426282
-0.480992944879835
-0.0450892593277949
-0.845933505664974
0.533338014094634
0.323121426217288
-0.519306304972303
-0.325207583695688
-0.470238082248217
-0.196807522768172
-0.454922698730152
0.339756741313265
-0.552497876662401
-0.146866633842493
0.519715196363397
0.337240034287697
-0.274725545154875
0.0577462847320036
-0.0610356945580479
