-0.742750103925008
0.920274281654546
0.378503629642147
-0.387912690236243
0.589426813771858
0.283500519087181
-0.766223764914464
-0.0228217227984786
0.274180360420452
0.805893935278285
0.572846497928138
0.669984129315406
0.61629585505881
-0.373334784528609
0.44881833750382
0.354722234631475
0.0328221184724083
-0.884620801457652
0.167764915191734
0.73988983559507
-0.373528858383871
-0.400968858874871
-0.860464313087161
0.657217436559443
-0.917022852682358
0.195486710035321
-0.386719576761185
0.137937883053324
-0.329355772774845
0.61430589145493
0.587238306064978
0.949262825977395
0.949492249217792
0.0253900675964593
-0.504553513496822
0.441390669344262
-0.701466605341396
-0.914252170192088
-0.0608421734574892
0.990924019057421
-0.0150733137420053
-0.93746334889463
-0.427053248023423
0.214336641988676
0.506904380412957
0.287000870885714
-0.0305275827526098
0.578060709552048
-0.917684585877643
-0.461945082208051
-0.496284985248911
0.0842835391651302
-0.672368872717472
-0.365349615237196
-0.884014532149379
-0.500906781142455
-0.259547856583604
0.883921282464649
-0.295994019031976
-0.251677112795658
-0.457913542536071
-0.427597182058968
0.520144249077144
-0.374240334330976
