0.804159015569755
0.898162001901645
0.709358534182965
0.628307094102226
-0.429532908946969
-0.724976938684403
-0.27846671417241
0.53084641360891
0.853637129836632
-0.00322606784228664
0.559439514320221
0.82356375381574
-0.191302482856509
-0.503761629436996
-0.456391473364642
0.0775273958866033
0.476011850538161
0.130274932753552
0.204086379841711
-0.454668087335172
-0.22230540869357
-0.127751806339023
0.518852528224468
0.833848189020571
-0.612801405217723
0.235533138842402
-0.623698705451519
0.168765746122038
0.817555416835434
-0.150763513547558
-1.01341680103463
-0.83613463198431
-0.659444860486514
-0.659268795981134
0.260746643579786
0.907819063999812
-0.497143449772647
-0.916997538055081
-0.876316365123472
-0.621741885029122
-0.662529069558369
0.013708064349713
-0.212261411805456
-0.0675280497255761
0.440242466774102
0.123081174521934
-0.984770052704051
0.543466229932666
-0.64990456092265
-0.835002276267253
0.737885497133041
0.370158069456262
0.0395201034964787
-0.927261318647916
0.791855921869172
0.296662297989735
-0.348614628647603
0.102728954210655
-0.385571877489221
-0.229809420228187
-0.541225709493541
0.0945680302236345
0.742522393483142
0.556594884238553
