0.687156463568444
-0.57946051904511
0.508204139053151
-0.393065942594763
0.99255478650947
0.870642907497287
-0.9473469975196
-0.267155535461964
0.498531104116034
0.932263918881954
0.411304667070367
0.227728039722189
0.170201685975353
-0.987874834985619
0.0365697002395097
0.786210557326548
-0.470378074781882
0.0198072741588087
-0.660677388848528
-0.0871962430375388
0.795429810341878
-0.294669857443198
-0.931196532285086
0.763230618687476
0.971168127074013
-0.124089907904552
0.7019385381948
-0.434684894157157
-0.31152821748634
0.928089028429469
0.592453223284252
0.212244407009484
0.305866818789197
0.992084549037422
-0.226788808658274
0.324690004714429
-0.216288206881379
-0.29963230531038
-0.570335580046659
-0.885529409849473
0.315200930507885
-0.976622544568829
-0.438637260160707
-0.688269279305731
-0.233022333558022
0.0408936542661831
0.89856964036802
-0.0928633092747847
-0.697924041343677
0.760131277280202
-0.29091407329119
0.252097107166573
-0.767136827579938
-0.703414148523483
-0.137377644965145
-0.958077413489539
-0.386441863730501
0.0809180254089064
0.0964804565273902
-0.0115386800975996
-0.714505534205551
-0.551655951012774
-0.354047025941683
-0.246801829996095
