0.198513001098113
0.944482630319537
0.555244996663981
0.848613913459137
0.519886225668009
-0.657966439298824
-0.42509290612339
0.108152178405204
0.0709437290222528
-0.0669313543679441
-0.827410587550476
0.173093685383513
0.5432200134842
0.744705445364381
0.910319035458047
0.562171844903182
0.133520280803992
0.298612063534188
0.503645353896101
0.779905867563037
-0.262184649128803
-0.92719602032264
-0.599307432888205
-0.516857593542528
-0.601718185095068
0.350756684261083
0.826403616943311
-0.150313811459981
-0.59131743361983
-0.284641711040701
-0.0724252153811594
0.480811727509598
-0.239509696318473
-0.225389933861795
-0.653475935003448
-0.625113003733857
0.371383245505927
-0.558641043233847
0.553972124615774
-0.423097940904553
-0.461705799197274
0.555657242761735
-0.223605520840809
-0.182909950883104
0.0189101744900572
0.592133810633216
0.915870652001466
-0.526899202562003
0.541391820654768
0.251965831978524
-0.527207648023156
0.861540324537676
0.249718353405735
0.449173801252963
-0.972054402753803
0.554085030359574
-0.370700457520979
-0.980134301286424
0.251572612021035
0.724404331740334
-0.219031799463248
0.707232138215437
0.526981858558157
-0.323870682843352
