0.0196179238466344
0.0195759880173807
-0.051189588435903
-0.103792880807007
0.755244055942969
0.96212770860405
0.614562080012197
-0.200719899813926
0.574414942488868
-0.988312490212049
-0.249057955939383
-0.696211376621042
0.646229740856033
0.794013138298061
0.2376328059957
0.0385427013643909
0.173889311329683
-0.667428111856055
-0.581754088052646
0.0259073512840102
-0.494552905304723
-0.513741393106394
0.299260622817075
-0.579088512083108
-0.373425311882789
-0.0669949429260495
0.281291453092992
0.736056589478824
-0.40454219640683
-0.733784018691036
-0.722910726279723
-0.667140121745661
-0.647703284476648
-0.596630308373853
-0.646838280375385
0.285938687200027
0.784240418279087
0.421559769466799
-0.629350066700468
0.699616746593462
-0.77772470294283
-0.921520885600927
-0.252293559433264
-0.515697289397415
0.450092559958551
-0.210868242251363
0.07120927940077
0.493192809089429
-0.859309515928263
0.594953804472017
0.604231089959253
-0.156108589502508
0.0856093624824423
-0.801289047234408
0.609787847355387
0.44597394196393
0.755089447896841
0.518474417589151
0.440825339185214
-0.492452264522663
0.262102270401379
-0.591073338510725
0.0597923764105328
-0.90642129342873
