-0.800767618904542
0.747984317728871
-0.0532427979347208
-0.634480374484193
-1.114686274042
-0.954233435768178
0.358733732262375
-0.488060382539
0.276656730490574
-0.213712644508965
-0.147589073464163
0.182323838833845
0.764205040793507
-0.0397221830025249
-0.170037105781303
0.0851766301110744
0.11459989622461
-0.565396081244967
0.34443761544892
-0.652163158828252
0.17786173078668
0.0764624470534931
-0.128923911952951
0.390693873007979
-0.361064493657324
-0.305261585168939
-0.775562060400039
0.0138204955618498
-0.756999756015891
0.497362176176157
-0.601278628193851
0.0399035197970993
0.938058674832888
0.0438084058533283
-0.615298327272027
0.255100923040556
0.685071655035842
-0.637497197594178
-0.224552394178004
-0.0877880278203808
0.771287461455539
-0.402826932835143
0.699151572747849
-0.0475070292820246
-0.686666665086008
0.572626854865404
1.0090932385196
0.376899353416532
-0.836977232392467
-0.238066039646381
0.235947045911457
-0.218714566383482
-0.44381540933064
0.545981968880034
-0.309469835340114
-0.897333521319646
-0.665997921632105
-0.318922514033802
0.98918562285215
0.142441096781923
-0.506848653350184
-0.592738734286937
-0.441647967875736
0.133896345404923
