0.174575589111847
0.84383646698937
0.87695931163022
0.147124744694063
0.557861349974202
0.234557241774878
-0.215906310345715
0.163570823350858
0.749318228820739
-0.128851410213244
0.0138576286980503
0.211005762376727
-0.785816524551919
0.0575889567772511
-0.392752471550041
-0.115055648964886
1.0582953514154
0.238296691483134
0.114527227146542
0.544347782217973
-0.185888966030229
-0.0208446697544778
-0.650364558954426
0.921162765280269
0.951335104655756
0.0727127913983653
0.655322035421006
-0.120239960203133
-0.612577513619587
-0.15285685575384
-0.939644405240892
-0.331564964857009
