0.70213244719074
-0.247075938366524
-0.878533730009091
-0.168178316919642
-0.0083793969078912
-0.365670038711694
0.777488793028226
0.378031060618124
0.640714511482517
0.104100748278649
0.0844769128075045
-0.444345759391519
-0.0230213960423439
0.0100748019945479
-0.838890299211199
-0.276179603393767
-0.917715342505451
-0.436094090422322
-0.287717787628084
-1.17442573942635
0.221848638478194
-0.400153444210614
1.33017866049034
1.24162007830536
-0.215606364437743
-0.535874735078562
-0.403098330180101
-0.696328648223618
-0.771920122917022
-0.790022353655428
-2.26770901572509
0.539470679190218
-0.37290443885053
-0.493516090394079
-0.922024740556511
-0.412459255087404
0.373308446723764
0.689873016011676
0.384327094484947
0.0999742197586434
0.04789077611738
0.190158844843181
0.505006753615079
-0.455640144916848
-0.085090854510573
0.15873910451107
-0.499445919001192
0.415221686716838
0.0301095723885597
-0.0794628259980452
-0.401168670772204
-0.320428588703012
0.331820941225648
-0.0361340202362746
0.210229306783014
-0.682536343084742
-0.631313711893718
-0.122047110070775
0.015144212821884
-0.465331164687999
-0.866502718106922
0.00357963759112787
-0.288310591630703
0.0163772493346382
