0.198361087707948
1.81443133747623
-0.728022505094374
0.119934430206584
-0.252548834108549
3.15147344708398
0.396700218513817
0.579700001909553
2.01246933780969
0.612104725233103
-0.0937732026052691
0.684392551803029
-0.0609598248916271
0.031829479199664
0.625717757972891
0.665796260331435
0.884094756071548
-0.466672398318303
-1.14625102906791
-0.628112422138307
-0.228378789956971
-0.753874273328014
0.0599750562718945
0.130264509556019
0.027709851462925
0.21565910436841
-0.306753866008352
0.380908908987002
0.672760598090084
0.0567536221266462
-0.122845336288421
0.948324660786394
0.879695239263566
-0.170099333479132
0.74650934376193
-0.975837819187601
0.0684954375194805
0.446573281991067
0.203121001545081
-0.0505963822182107
-0.10700578466435
0.51905654854095
0.591768161871157
-0.302579718142395
-0.248100392862295
1.47657477797636
-0.922042442472327
-0.414128422979828
0.345962033860073
0.82781725544103
-0.0381563601722024
2.84544484088596
-0.735166471196366
-0.0302331579555928
0.381027528349148
0.300265770341466
0.806110087229025
0.413713045794121
-1.23936509426685
-0.205959480371778
0.290367126456652
0.00869258368104474
0.270688997511526
-0.468118154113401
