0.203012201112491
0.0470228287693823
-0.269655081387697
-0.403444074104894
-0.520231843395737
-0.237518365186254
-0.25776553614655
0.118912689984921
-0.242108775631314
0.268254831518349
-0.970056547526353
0.755010218236176
0.383267099170451
0.203468787988163
-0.155802398894964
-0.200937308143128
-0.683054912726587
-0.821603740153225
-0.689167859122586
0.685939895207398
0.377600240079569
-0.280095977163502
-0.280339345315573
-0.597681775972204
0.739648368123532
0.0426540540406274
0.0785776582240291
0.0588743491955138
-0.347159447725595
0.431452258180956
-0.939527706665629
0.331011046576884
