-0.513458234915613
-0.519551681011147
0.18311338950083
-0.0910544093467547
-0.211315445661154
0.787635845402982
0.836825810271521
-0.56186489333098
-0.220045942729533
-0.346810621650095
-0.57838178111588
-0.0829963819227537
-0.81979345632918
0.279056983041647
-0.295544928536066
0.00538455063735769
0.833123890097364
-0.655447467772508
-0.499619425690182
0.354335377364068
0.180020577988481
-0.206323348446605
0.638919047670606
0.334550923966044
0.839017928525407
-0.00503130178538926
-0.984737208087777
-0.602620653129135
-0.907272854070671
0.279286831233815
-0.108320318188267
-0.351285453030373
0.923829282913993
0.814431835945019
0.0925684063863734
0.504213373685286
0.553985460845339
0.799760462005257
-0.777146079510476
0.615604619139335
0.295077948871469
-0.0662108739372259
-0.886233249614626
-0.30037074647569
0.448697228008938
0.485297685923041
0.99187002932524
-0.892961199116753
0.166256194234833
0.858365473489134
-0.67055889005659
-0.0493693555440465
0.582663434069991
0.341347753279545
0.134815050492581
0.579660032600851
0.965546471803393
0.104815945924455
0.599574307868629
-0.477302660775299
0.429857656130637
0.676272631946124
0.516317077871774
-0.334011035583431
