-0.24849141055951
0.0750005272229237
-0.137611642233858
-0.34100696795627
-0.352301357232716
-0.365164588002602
-0.319893505207601
-0.10383163016231
-1.21659402654342
-0.10573158965316
-0.114486309679553
-0.744871341461782
-0.0257987001706526
0.0467870835289695
0.894086511093776
0.915225262262376
0.770921914274694
0.086506529834201
-1.5876154366372
-0.145745275890769
0.816925200191066
0.264844907883467
-0.0113426869615366
0.0248284326555109
1.56075758941922
-0.783363315754341
-0.803978075562087
0.898985915782353
-0.826691362861827
-1.17000746204151
0.00714168203080198
-2.26862196041386
-0.278481971687012
-0.509798946632021
-0.272092961060304
0.579007050220328
0.00324870739303318
-0.833226338888304
-0.911915213167989
0.0191118983436402
-0.145783144750291
0.379640802545032
-0.724666506512764
0.178298535662845
1.04973731721624
0.44682223107991
-1.65799299986177
-0.913524559535624
-0.50717440218229
-0.789957057466985
3.04793580323498
-0.32174856300403
0.210849667210597
0.0452648720444497
-0.236775911701564
0.000516719605572815
0.0662429280406407
-0.256834218411741
-1.47250592570066
1.72062354560823
1.01035480684661
-0.0012164716862984
-0.219107216936365
0.275190594191516
