-0.885464509412884
-0.831770903808494
-0.226848263739014
-0.436003520105096
0.342371816613817
-0.47106383907386
-0.214794315010224
0.840891893249713
-0.0199147093268378
0.122267978837063
0.427142685547961
0.212054330667468
-0.245370705391836
-0.87613540890473
0.0477130537385402
-0.865981632455509
-1.03820093265065
0.641424758114615
-0.718352733203939
-0.188411134060794
-0.57558453328527
0.763525392930375
0.138905528066267
0.0555573568631797
-0.341111344945964
0.18745474838365
0.01053808814601
-0.775707891873481
-0.244186875596077
-0.318727095808706
0.379576356936126
-0.309754918729846
0.607366192827402
-0.166660607076618
0.553284052527343
-0.859142793279466
-0.265423753129465
-0.476635026731457
-0.474832469192526
-1.07263516283981
-0.622343311801046
0.0291698436986836
-0.135642930792032
0.330039924445348
0.848667272263529
0.920920525394565
0.676807397229188
0.725516749411365
0.424530101902196
0.427918703985971
0.602697900638808
0.269023601733517
-0.970152957737877
0.358979718264748
-0.86599709315796
0.320230652912417
-0.633127646636152
-0.861666227783845
0.519411853523033
-0.248306999294669
0.482124372260362
-0.466172604604198
-0.609454407879402
0.53361574220874
