0.990282072322063
-0.166894911149387
-0.00702646928224808
-0.371624199761826
-0.398714980339464
-0.287178429010732
0.960277862319069
1.0303748305162
-0.527889240395073
0.171695800680408
0.982916027474293
0.211248317096945
-0.0159948912445293
0.992984104233193
-0.895717499854715
-0.00810992141253008
-0.085483750325233
-0.520604271139074
0.724000849895461
-0.088887138627397
-0.711164861736239
0.851940071543771
0.0552889024493559
0.105909226513248
-0.225551090791465
0.154850400224107
1.65261239756651
-0.111613920652434
-0.663182900382595
-0.435629541122275
-0.0730705185157019
-0.34419606008236
0.56806736028566
-0.971558240215545
1.1072835608122
0.434847490188897
0.904968742930566
0.194843233995698
0.193436264331518
0.583376070505498
-0.436640154397229
-0.417694740428502
0.480498882310085
0.0590448710445198
-0.00169724328435665
0.0514555996708162
0.372686793254532
0.047934400520136
0.334823747513714
-0.335747132727839
-0.324895659249975
-0.251900269028549
-0.0712529970317913
-0.00190202429904261
0.0865673043798543
0.373089990270841
-0.511744543135719
0.518827444656141
0.0979028741282533
-0.337899956696965
0.489976767762385
0.00208283055224621
-0.145894653703238
0.132307999617673
