0.128293377321351
0.252855967920802
0.237529670797397
-0.873237358912231
0.215772437436311
-0.679939248683682
-0.686550340832708
-0.294464571441682
-0.443461390828966
-0.598441309356079
-0.468256148197843
0.162441411634776
0.935217529550662
-0.710199111659526
-0.159571130681337
-0.0167561620694597
0.64426743583464
0.383155630131616
-0.717961742531428
0.0140738775150392
-0.18734982638068
-0.82673727515782
-0.609960644212623
0.201984784518052
-0.283022905520824
-0.302622542498534
-0.920987987842539
0.784628433145178
0.673419935694914
0.705247760219026
-0.598302174185223
0.19649140755904
-0.444838685534933
-0.216447837405889
0.886971359469301
-0.646591410692071
0.702076921178671
-0.640393585027338
-0.585857077743556
-0.103659687696264
0.306818859600185
0.419778460221204
0.654576834006825
-0.369975490915946
-0.570254719376119
-0.481600957589565
-0.0811466606422801
-0.728593001137156
0.0917335796084704
0.91142799667474
0.878637629770827
-0.228792502252034
-0.876209193075495
-0.857657696846085
0.665266168015878
0.543253685562428
-0.0865155179418851
0.319225420000351
0.702451204815994
-1.0149834304848
0.0142317873843598
0.149123768972944
0.495615716002672
-0.637389007628149
